#RPLIDAR SCAN DATA
#COUNT=854
#Angule	Distance	Quality
357.9840 8368.0 188
11.4972 8504.0 188
12.0135 4632.0 188
12.3541 4528.0 188
12.7002 4456.0 188
13.0573 4424.0 188
13.7494 4368.0 188
14.4360 4224.0 188
14.7766 4144.0 188
15.1831 4056.0 188
15.5292 3976.0 188
15.8862 3904.0 188
16.2323 3840.0 188
16.9794 3424.0 188
17.3254 3372.0 188
17.6715 3308.0 188
18.0121 3236.0 188
18.3746 3184.0 188
18.7152 3132.0 188
19.0613 3080.0 188
19.4678 3036.0 188
19.8083 2984.0 188
20.1544 2936.0 188
20.4950 2900.0 188
20.8411 2860.0 188
21.1981 2812.0 188
21.5442 2772.0 188
21.8903 2736.0 188
22.2968 2692.0 188
22.6373 2660.0 188
22.9834 2624.0 188
23.3405 2580.0 188
23.6865 2544.0 188
24.0271 2516.0 188
24.3732 2484.0 188
24.7797 2444.0 188
25.1367 2416.0 188
25.4828 2392.0 188
25.8234 2372.0 188
26.1694 2344.0 188
26.5265 2308.0 188
26.8726 2284.0 188
27.2186 2256.0 188
27.6196 2232.0 188
27.9657 2208.0 188
28.3228 2180.0 188
28.6688 2152.0 188
29.0149 2132.0 188
29.3555 2116.0 188
29.7180 2096.0 188
30.0586 2072.0 188
30.4047 2056.0 188
30.8112 2036.0 188
31.1517 2010.0 188
31.5143 1998.0 188
31.8549 1984.0 188
32.2009 1960.0 188
32.5415 1938.0 188
32.9041 1916.0 188
33.2446 1902.0 188
33.6511 1884.0 188
33.9972 1876.0 188
34.3433 1862.0 188
34.7003 1834.0 188
35.0464 1816.0 188
35.3870 1802.0 188
35.7330 1788.0 188
36.0901 1772.0 188
36.4801 1756.0 188
36.8427 1750.0 188
37.1832 1740.0 188
37.5293 1722.0 188
37.8864 1708.0 188
38.2324 1692.0 188
38.5730 1678.0 188
38.9191 1668.0 188
39.2761 1660.0 188
39.6222 1648.0 188
40.0287 1636.0 188
40.3748 1632.0 188
40.7153 1618.0 188
41.0779 1602.0 188
41.4185 1590.0 188
41.7645 1580.0 188
42.1051 1570.0 188
42.4677 1560.0 188
42.8082 1550.0 188
43.1543 1540.0 188
43.5608 1526.0 188
43.9014 1518.0 188
44.2639 1516.0 188
44.6045 1518.0 188
44.9506 1528.0 188
45.2472 1540.0 188
45.5933 1558.0 188
45.9338 1578.0 188
46.2964 1592.0 188
46.6370 1604.0 188
46.9830 1616.0 188
47.3236 1624.0 188
47.6862 1632.0 188
47.9663 1642.0 188
48.3234 1658.0 188
48.6694 1670.0 188
49.0155 1682.0 188
49.3561 1696.0 188
49.7186 1708.0 188
50.0592 1720.0 188
50.4053 1734.0 188
50.7623 1748.0 188
51.0425 1762.0 188
51.4050 1778.0 188
51.7456 1792.0 188
52.0917 1804.0 188
52.4323 1818.0 188
52.7948 1834.0 188
53.1354 1850.0 188
53.4814 1866.0 188
53.8275 1884.0 188
54.1241 1902.0 188
54.4647 1918.0 188
54.8273 1938.0 188
55.1678 1954.0 188
55.5139 1970.0 188
55.8710 1990.0 188
56.2170 2012.0 188
56.5576 2030.0 188
56.9037 2046.0 188
57.2003 2064.0 188
57.5464 2088.0 188
57.8870 2108.0 188
58.2330 2132.0 188
58.5901 2156.0 188
58.9362 2180.0 188
59.2767 2204.0 188
59.6228 2224.0 188
59.9194 2252.0 188
60.2655 2280.0 188
60.6061 2300.0 188
60.9686 2328.0 188
61.3092 2360.0 188
61.6553 2392.0 188
61.9958 2424.0 188
62.3419 2448.0 188
63.0450 2420.0 188
63.6823 2476.0 188
64.0283 2468.0 188
65.0775 2468.0 188
65.4181 2504.0 188
65.7642 2496.0 188
66.1047 2488.0 188
66.4673 2480.0 188
66.8079 2472.0 188
67.1539 2464.0 188
67.5000 2460.0 188
67.9010 2456.0 188
68.2471 2448.0 188
68.5931 2444.0 188
68.9502 2440.0 188
69.2963 2432.0 188
69.6368 2428.0 188
69.9829 2424.0 188
70.3400 2416.0 188
70.6860 2412.0 188
71.0266 2412.0 188
71.3727 2408.0 188
71.7188 2404.0 188
72.0758 2396.0 188
72.4219 2392.0 188
72.7625 2388.0 188
73.1085 2384.0 188
73.4491 2380.0 188
73.8116 2376.0 188
74.1522 2368.0 188
74.4983 2364.0 188
74.8389 2360.0 188
75.2014 2360.0 188
75.5420 2356.0 188
75.8881 2352.0 188
76.2341 2344.0 188
76.5747 2340.0 188
76.9373 2340.0 188
77.2778 2336.0 188
77.6239 2336.0 188
77.9645 2332.0 188
78.3270 2328.0 188
78.6676 2328.0 188
79.0137 2324.0 188
79.3542 2324.0 188
79.7003 2324.0 188
80.0574 2320.0 188
80.4034 2316.0 188
80.7495 2316.0 188
81.0901 2312.0 188
81.4526 2312.0 188
81.7932 2308.0 188
82.1393 2284.0 188
82.4799 2264.0 188
82.8259 2260.0 188
83.1830 2256.0 188
83.5291 2256.0 188
83.8696 2252.0 188
84.2157 2248.0 188
84.5618 2252.0 188
84.9188 2252.0 188
85.2649 2252.0 188
85.6055 2252.0 188
85.9515 2244.0 188
86.3086 2240.0 188
86.6547 2244.0 188
86.9952 2244.0 188
87.3413 2248.0 188
87.6874 2276.0 188
88.0444 2296.0 188
88.3905 2292.0 188
88.7311 2296.0 188
89.0771 2296.0 188
89.4342 2292.0 188
89.7803 2296.0 188
90.1208 2296.0 188
90.4669 2296.0 188
90.8075 2296.0 188
91.1536 2292.0 188
91.5106 2296.0 188
91.8567 2296.0 188
92.2028 2300.0 188
92.5433 2300.0 188
92.8894 2304.0 188
93.2300 2304.0 188
93.5925 2304.0 188
93.9331 2304.0 188
94.2792 2308.0 188
94.6198 2312.0 188
94.9658 2312.0 188
95.3229 2316.0 188
95.6689 2316.0 188
96.0150 2320.0 188
96.3556 2324.0 188
96.7017 2324.0 188
97.0422 2324.0 188
97.4048 2328.0 188
97.7454 2328.0 188
98.0914 2332.0 188
98.4375 2336.0 188
98.7781 2340.0 188
99.1241 2336.0 188
99.4812 2344.0 188
99.8273 2348.0 188
100.1678 2352.0 188
100.5139 2356.0 188
100.8545 2360.0 188
101.2170 2364.0 188
101.5576 2364.0 188
101.9037 2368.0 188
102.2498 2372.0 188
102.5903 2372.0 188
102.9364 2376.0 188
103.2935 2388.0 188
103.6395 2396.0 188
103.9801 2400.0 188
104.3262 2404.0 188
104.6667 2404.0 188
105.7159 2408.0 188
106.0620 2384.0 188
106.4026 2360.0 188
106.7487 2368.0 188
109.8743 2308.0 188
111.6541 2104.0 188
112.0111 2068.0 188
112.4011 2036.0 188
112.7637 2004.0 188
113.1042 1972.0 188
113.4503 1942.0 188
113.7964 1918.0 188
114.1370 1894.0 188
114.5435 1866.0 188
114.8895 1838.0 188
115.2301 1810.0 188
115.5927 1790.0 188
115.9332 1764.0 188
116.3232 1740.0 188
116.6858 1722.0 188
117.0264 1698.0 188
117.3724 1676.0 188
117.7185 1652.0 188
118.1250 1630.0 188
118.4656 1612.0 188
118.8116 1596.0 188
119.1522 1578.0 188
119.5148 1558.0 188
119.8553 1542.0 188
120.2618 1516.0 188
120.6079 1476.0 188
121.6406 1448.0 188
122.0416 1436.0 188
122.7338 1376.0 188
123.1403 1364.0 188
123.4808 1354.0 188
123.8269 1346.0 188
124.1840 1342.0 188
124.8706 1322.0 188
125.2167 1348.0 188
125.5573 1354.0 188
125.9033 1360.0 188
126.2604 1366.0 188
126.5460 1372.0 188
126.8866 1380.0 188
127.2327 1388.0 188
127.5897 1394.0 188
127.9358 1400.0 188
128.2764 1406.0 188
128.6224 1414.0 188
128.9685 1424.0 188
129.3091 1434.0 188
129.6716 1442.0 188
129.9518 1448.0 188
130.2924 1454.0 188
130.6384 1462.0 188
130.9955 1470.0 188
131.3416 1480.0 188
131.6821 1488.0 188
132.0282 1498.0 188
132.3743 1506.0 188
132.7148 1514.0 188
133.0774 1522.0 188
133.3575 1540.0 188
133.6981 1548.0 188
134.0442 1550.0 188
134.4012 1558.0 188
134.7473 1566.0 188
135.0934 1578.0 188
135.4340 1590.0 188
135.7800 1600.0 188
136.1206 1612.0 188
136.4667 1624.0 188
137.1698 1634.0 188
137.6862 1306.0 188
138.0267 1300.0 188
138.4332 1292.0 188
138.7793 1286.0 188
139.1199 1280.0 188
139.4659 1274.0 188
139.8120 1268.0 188
140.5151 1264.0 188
141.2018 1252.0 188
141.5424 1236.0 188
141.8884 1230.0 188
142.2949 1226.0 188
142.6355 1220.0 188
142.9816 1216.0 188
143.3276 1210.0 188
143.6847 1206.0 188
144.0308 1200.0 188
144.3713 1196.0 188
144.7174 1190.0 188
145.0580 1186.0 188
145.4041 1182.0 188
145.7446 1176.0 188
146.1072 1172.0 188
146.4972 1168.0 188
146.8542 1164.0 188
147.2003 1160.0 188
147.5464 1156.0 188
147.8870 1152.0 188
148.2330 1148.0 188
148.5736 1142.0 188
148.9197 1138.0 188
149.2767 1134.0 188
149.6228 1130.0 188
149.9634 1126.0 188
150.3094 1122.0 188
150.6555 1118.0 188
151.0620 1114.0 188
151.4026 1112.0 188
151.7487 1110.0 188
152.0892 1106.0 188
152.4518 1102.0 188
152.7924 1098.0 188
153.1384 1094.0 188
153.4790 1092.0 188
153.8251 1088.0 188
154.1711 1084.0 188
154.5282 1082.0 188
154.8743 1078.0 188
155.2148 1074.0 188
155.5609 1072.0 188
155.9015 1070.0 188
156.3080 1066.0 188
156.6541 1064.0 188
156.9946 1060.0 188
157.3407 1060.0 188
157.6868 1058.0 188
158.0438 1058.0 188
158.3899 1056.0 188
158.7305 1058.0 188
159.0765 1060.0 188
159.4171 1062.0 188
159.7632 1064.0 188
160.0598 1070.0 188
160.4059 1076.0 188
160.7465 1084.0 188
161.0925 1096.0 188
161.4331 1106.0 188
161.7297 1122.0 188
162.0758 1142.0 188
162.4219 1166.0 188
162.7185 1194.0 188
163.0591 1222.0 188
163.3392 1252.0 188
163.6853 1280.0 188
163.9819 1308.0 188
164.3280 1348.0 188
165.3113 1440.0 188
166.0583 2042.0 188
167.1075 3880.0 188
167.6843 5048.0 188
168.0304 5144.0 188
168.7335 5232.0 188
171.7328 8496.0 188
172.0734 9760.0 188
172.4194 9792.0 188
172.7655 9760.0 188
173.1061 9760.0 188
173.4521 9760.0 188
173.7927 9808.0 188
175.4681 15304.0 188
175.8252 15328.0 188
176.1713 15280.0 188
176.5118 15176.0 188
176.8579 15160.0 188
177.1985 15168.0 188
177.5446 15192.0 188
177.8906 15192.0 188
178.2312 15152.0 188
178.9343 15240.0 188
179.9670 15272.0 188
181.8073 6400.0 188
182.1533 6312.0 188
183.1860 6312.0 188
184.5758 6600.0 188
184.9219 6608.0 188
185.2625 6552.0 188
186.3116 6248.0 188
186.6522 6176.0 188
187.3883 5944.0 188
188.4375 5768.0 188
189.4647 5792.0 188
190.4480 6600.0 188
191.1401 6152.0 188
191.5466 6104.0 188
191.8872 6112.0 188
192.6398 4304.0 188
192.9803 4264.0 188
193.3264 4240.0 188
193.6670 4168.0 188
194.0735 4088.0 188
194.4196 4056.0 188
194.7656 4036.0 188
195.1227 4016.0 188
195.4688 4000.0 188
195.8093 3980.0 188
196.1554 3960.0 188
196.4960 3948.0 188
196.8420 3936.0 188
197.1826 3920.0 188
197.5452 3904.0 188
197.8857 3892.0 188
198.2318 3884.0 188
198.5779 3892.0 188
198.9185 3932.0 188
199.5612 4184.0 188
199.9017 4120.0 188
200.3082 4056.0 188
200.6543 3988.0 188
200.9949 3952.0 188
201.3409 3960.0 188
201.6870 3972.0 188
202.0276 3976.0 188
202.3737 3980.0 188
202.7307 3992.0 188
203.0768 3996.0 188
203.4174 4012.0 188
203.7634 4024.0 188
204.1040 4032.0 188
204.4501 4048.0 188
204.7961 4064.0 188
205.1367 4080.0 188
205.4993 4096.0 188
205.7794 4112.0 188
206.1200 4128.0 188
206.4661 4144.0 188
207.1692 4160.0 188
207.9053 1896.0 188
208.3118 1872.0 188
208.6523 1850.0 188
208.9984 1824.0 188
209.3390 1802.0 188
209.6851 1780.0 188
210.0311 1760.0 188
210.4321 1744.0 188
210.7782 1726.0 188
211.1243 1708.0 188
211.4648 1690.0 188
211.8274 1672.0 188
212.1680 1658.0 188
212.5140 1646.0 188
212.9205 1628.0 188
213.2611 1610.0 188
213.6072 1592.0 188
213.9478 1576.0 188
214.2938 1562.0 188
214.6399 1546.0 188
215.0464 1532.0 188
215.3870 1518.0 188
215.7330 1506.0 188
216.0736 1492.0 188
216.4197 1482.0 188
216.7767 1472.0 188
217.1228 1460.0 188
217.4634 1448.0 188
217.8699 1434.0 188
218.2159 1422.0 188
218.5620 1410.0 188
218.9026 1400.0 188
219.2487 1390.0 188
219.5892 1378.0 188
219.9957 1366.0 188
220.3418 1354.0 188
220.6824 1346.0 188
221.0284 1336.0 188
221.3855 1328.0 188
221.7316 1318.0 188
222.0776 1308.0 188
222.4182 1300.0 188
222.8247 1290.0 188
223.1708 1278.0 188
223.5114 1272.0 188
223.8574 1264.0 188
224.2145 1256.0 188
224.5605 1248.0 188
224.9011 1240.0 188
225.2472 1232.0 188
225.6537 1226.0 188
225.9998 1220.0 188
226.3403 1214.0 188
226.7029 1208.0 188
227.0435 1200.0 188
227.3895 1192.0 188
227.7301 1184.0 188
228.0762 1176.0 188
228.4332 1172.0 188
228.8232 1166.0 188
229.1693 1158.0 188
229.5264 1154.0 188
229.8724 1148.0 188
230.2185 1140.0 188
230.5591 1134.0 188
230.9052 1130.0 188
231.2622 1126.0 188
231.6083 1120.0 188
232.0148 1114.0 188
232.3553 1108.0 188
232.7014 1102.0 188
233.0420 1098.0 188
233.3881 1094.0 188
233.7451 1088.0 188
234.0912 1084.0 188
234.4373 1078.0 188
234.7778 1074.0 188
235.1843 1068.0 188
235.5304 1064.0 188
235.8710 1060.0 188
236.2335 1058.0 188
236.5741 1052.0 188
236.9202 1048.0 188
237.2607 1046.0 188
237.6068 1042.0 188
237.9639 1036.0 188
238.3099 1032.0 188
238.6560 1028.0 188
239.0625 1024.0 188
239.4031 1020.0 188
239.7491 1016.0 188
240.0897 1012.0 188
240.4523 1010.0 188
240.7928 1008.0 188
241.1389 1004.0 188
241.4795 1000.0 188
241.8256 996.0 188
242.1826 990.0 188
242.5287 986.0 188
242.8748 986.0 188
243.2153 984.0 188
243.6218 980.0 188
243.9679 976.0 188
244.3085 974.0 188
244.6545 972.0 188
245.0116 970.0 188
245.3577 966.0 188
245.6982 964.0 188
246.0443 960.0 188
246.3904 958.0 188
246.7474 956.0 188
247.0935 952.0 188
247.4341 948.0 188
247.7802 946.0 188
248.1866 944.0 188
248.5272 942.0 188
248.8733 940.0 188
249.2303 938.0 188
249.5764 936.0 188
249.9170 934.0 188
250.2631 932.0 188
250.6091 930.0 188
250.9662 928.0 188
251.3123 926.0 188
251.6528 924.0 188
251.9989 922.0 188
252.3395 920.0 188
252.7020 918.0 188
253.0426 916.0 188
253.3887 916.0 188
253.7292 914.0 188
254.0753 912.0 188
254.4818 910.0 188
254.8279 910.0 188
255.1849 908.0 188
255.5310 906.0 188
255.8716 906.0 188
256.2177 904.0 188
256.5582 902.0 188
256.9043 900.0 188
257.2614 900.0 188
257.6074 898.0 188
257.9480 898.0 188
258.2941 896.0 188
258.6401 894.0 188
258.9807 894.0 188
259.3268 894.0 188
259.6674 892.0 188
260.0134 892.0 188
260.3705 892.0 188
260.7166 890.0 188
261.0571 890.0 188
261.4032 888.0 188
261.7493 886.0 188
262.0898 886.0 188
262.4359 886.0 188
262.7765 884.0 188
263.1390 884.0 188
263.4796 884.0 188
263.8257 882.0 188
264.1718 882.0 188
264.5123 882.0 188
264.8584 880.0 188
265.1990 880.0 188
265.5450 882.0 188
265.8856 880.0 188
266.2482 880.0 188
266.5887 880.0 188
266.9348 880.0 188
267.3248 878.0 188
267.6874 878.0 188
267.9675 880.0 188
268.3740 878.0 188
268.7146 878.0 188
269.0607 878.0 188
269.4012 878.0 188
269.7473 878.0 188
270.0934 878.0 188
270.4340 878.0 188
270.7965 878.0 188
271.1371 878.0 188
271.4832 878.0 188
271.8237 878.0 188
272.1698 878.0 188
272.4664 880.0 188
272.8125 880.0 188
273.1531 880.0 188
273.4991 880.0 188
273.8397 880.0 188
274.1858 882.0 188
274.5264 882.0 188
274.8724 880.0 188
275.2295 882.0 188
275.5756 884.0 188
275.9216 884.0 188
276.2622 884.0 188
276.6083 884.0 188
276.9489 884.0 188
277.2949 886.0 188
277.6355 886.0 188
277.9816 886.0 188
278.3386 888.0 188
278.6847 890.0 188
279.0308 892.0 188
279.3713 892.0 188
279.7174 892.0 188
280.0580 894.0 188
280.4041 892.0 188
280.7446 894.0 188
281.0907 896.0 188
281.4478 896.0 188
281.7938 898.0 188
282.1399 898.0 188
282.4805 900.0 188
282.8265 902.0 188
283.1671 904.0 188
283.5132 904.0 188
283.8593 904.0 188
284.1998 908.0 188
284.5624 908.0 188
284.9030 908.0 188
285.2490 910.0 188
285.5292 912.0 188
285.8698 914.0 188
286.2323 916.0 188
286.5729 918.0 188
286.9189 918.0 188
287.2650 920.0 188
287.6056 922.0 188
287.9517 924.0 188
288.2922 926.0 188
288.6383 928.0 188
288.9844 930.0 188
289.3414 930.0 188
289.6875 932.0 188
290.0281 936.0 188
290.3741 938.0 188
290.7147 940.0 188
291.0773 942.0 188
291.4178 944.0 188
291.6980 946.0 188
292.0605 950.0 188
292.4011 950.0 188
292.7472 952.0 188
293.0933 956.0 188
293.4338 960.0 188
293.7799 962.0 188
294.1370 962.0 188
294.4830 966.0 188
294.8236 970.0 188
295.1697 972.0 188
295.5103 976.0 188
295.8728 978.0 188
296.2134 980.0 188
296.5594 982.0 188
296.8561 986.0 188
297.2021 988.0 188
297.5427 992.0 188
297.8888 994.0 188
298.2294 996.0 188
298.5919 1000.0 188
298.9325 1004.0 188
299.2786 1008.0 188
299.6246 1012.0 188
299.9652 1016.0 188
300.3113 1020.0 188
300.6683 1024.0 188
300.9485 1028.0 188
301.2946 1030.0 188
301.6516 1034.0 188
301.9977 1038.0 188
302.3438 1040.0 188
302.6843 1046.0 188
303.0304 1050.0 188
303.3875 1052.0 188
303.7335 1056.0 188
304.0741 1060.0 188
304.4202 1066.0 188
304.7168 1070.0 188
305.0574 1076.0 188
305.4034 1080.0 188
305.7495 1084.0 188
306.1066 1088.0 188
306.4526 1094.0 188
306.7932 1098.0 188
307.1393 1104.0 188
307.4799 1110.0 188
307.8259 1112.0 188
308.1830 1116.0 188
308.4686 1120.0 188
308.8092 1128.0 188
309.1718 1132.0 188
309.5123 1138.0 188
309.8584 1144.0 188
310.1990 1150.0 188
310.5450 1158.0 188
310.9021 1164.0 188
311.2482 1170.0 188
311.5283 1176.0 188
311.8854 1182.0 188
312.2314 1190.0 188
312.5775 1200.0 188
312.9181 1212.0 188
314.2145 4096.0 188
314.5605 4064.0 188
314.9011 4048.0 188
315.2637 4028.0 188
315.6042 4004.0 188
315.9503 3984.0 188
316.2964 3964.0 188
316.6370 3948.0 188
316.9995 3928.0 188
317.3401 3908.0 188
317.6862 3888.0 188
318.0267 3868.0 188
318.3728 3844.0 188
318.7299 3820.0 188
319.0759 3800.0 188
319.4165 3776.0 188
320.4492 3776.0 188
321.8390 3668.0 188
322.1851 3656.0 188
322.5421 3636.0 188
322.8882 3616.0 188
323.2343 3596.0 188
323.5748 3576.0 188
323.9209 3556.0 188
324.7943 2464.0 188
325.1843 2428.0 188
325.5469 2400.0 188
325.8875 2384.0 188
326.2335 2368.0 188
326.5741 2352.0 188
326.9202 2348.0 188
327.2607 2344.0 188
327.6233 2336.0 188
327.9639 2336.0 188
328.3099 2336.0 188
328.6560 2332.0 188
328.9966 2332.0 188
329.3591 2332.0 188
329.6997 2332.0 188
330.0458 2336.0 188
330.3864 2340.0 188
330.7324 2344.0 188
331.0895 2360.0 188
331.4355 2372.0 188
331.7761 2384.0 188
332.1222 2396.0 188
333.1714 2420.0 188
335.0775 3440.0 188
335.7806 3120.0 188
336.1212 3112.0 188
336.5277 3060.0 188
336.8738 2988.0 188
337.2144 2920.0 188
337.5604 2844.0 188
337.9010 2788.0 188
338.2635 2740.0 188
339.0106 2596.0 188
339.3567 2604.0 188
340.3894 2620.0 188
