#RPLIDAR SCAN DATA
#COUNT=832
#Angule	Distance	Quality
357.6874 12792.0 188
358.8245 6584.0 188
359.8737 6568.0 188
0.6042 6128.0 188
0.9503 6120.0 188
1.3074 6120.0 188
1.9995 5920.0 188
2.3401 5912.0 188
2.6862 5920.0 188
3.0267 5952.0 188
3.3728 6008.0 188
4.0594 6080.0 188
4.4659 4464.0 188
4.8120 4384.0 188
5.1526 4296.0 188
5.4987 4224.0 188
5.8392 4168.0 188
6.2018 4112.0 188
6.5918 4072.0 188
6.9324 4040.0 188
7.2784 4000.0 188
7.6355 3956.0 188
7.9816 3924.0 188
8.3276 3896.0 188
8.6682 3864.0 188
9.0143 3832.0 188
9.3549 3808.0 188
9.7009 3784.0 188
10.0415 3760.0 188
10.3876 3732.0 188
10.7446 3712.0 188
11.0907 3692.0 188
11.4368 3672.0 188
11.7773 3656.0 188
12.1234 3632.0 188
12.4640 3616.0 188
12.8101 3596.0 188
13.1561 3572.0 188
13.4967 3556.0 188
13.8428 3544.0 188
14.1998 3532.0 188
14.5459 3524.0 188
14.9359 3512.0 188
15.2765 3500.0 188
15.6390 3488.0 188
15.9796 3476.0 188
16.3257 3468.0 188
16.6718 3464.0 188
17.0123 3456.0 188
17.3749 3448.0 188
17.7155 3440.0 188
18.0615 3432.0 188
18.4021 3420.0 188
18.7482 3416.0 188
19.1052 3416.0 188
19.4513 3404.0 188
19.7919 3392.0 188
20.1379 3388.0 188
20.4840 3388.0 188
20.8411 3380.0 188
21.1871 3376.0 188
21.5277 3368.0 188
21.8738 3360.0 188
22.2144 3360.0 188
22.5769 3356.0 188
22.9175 3360.0 188
23.2635 3356.0 188
23.6041 3352.0 188
23.9502 3352.0 188
24.3073 3348.0 188
24.6533 3344.0 188
24.9994 3348.0 188
25.3400 3348.0 188
25.6860 3348.0 188
26.0431 3348.0 188
26.3892 3348.0 188
26.7297 3352.0 188
27.0758 3352.0 188
27.4219 3352.0 188
27.7789 3356.0 188
28.1250 3360.0 188
28.4656 3364.0 188
28.8116 3372.0 188
29.1522 3376.0 188
29.4983 3380.0 188
29.8553 3384.0 188
30.2014 3388.0 188
30.5420 3396.0 188
30.8881 3400.0 188
31.2341 3404.0 188
31.5912 3412.0 188
31.9373 3416.0 188
32.2778 3424.0 188
32.6239 3432.0 188
32.9645 3436.0 188
33.3270 3444.0 188
33.6676 3448.0 188
34.0137 3448.0 188
34.3542 3456.0 188
34.7003 3464.0 188
35.0574 3476.0 188
35.4034 3488.0 188
35.7495 3504.0 188
36.0901 3512.0 188
36.3867 3520.0 188
36.7328 3528.0 188
37.0734 3540.0 188
37.4194 3552.0 188
37.7765 3564.0 188
38.1226 3588.0 188
38.4686 3608.0 188
38.8092 3628.0 188
39.1553 3652.0 188
39.5123 3676.0 188
39.8584 3696.0 188
40.1990 3712.0 188
40.5450 3732.0 188
40.8856 3756.0 188
41.2482 3804.0 188
41.5887 3832.0 188
41.9348 3824.0 188
42.2809 3844.0 188
42.6215 3864.0 188
42.9840 3888.0 188
43.3246 3920.0 188
43.6707 3948.0 188
44.0112 3984.0 188
44.3573 4020.0 188
44.7144 4052.0 188
45.0604 4088.0 188
45.3406 4112.0 188
45.7031 4152.0 188
46.0437 4200.0 188
46.3898 4264.0 188
46.7303 4336.0 188
47.0764 4424.0 188
47.4335 4520.0 188
47.7795 4616.0 188
48.5925 12376.0 188
48.9331 12448.0 188
49.2792 12392.0 188
49.6362 12312.0 188
50.0262 12240.0 188
50.6689 13040.0 188
51.0150 13200.0 188
51.3721 13296.0 188
51.7181 13296.0 188
52.0587 13384.0 188
52.4048 13608.0 188
52.7454 13728.0 188
53.1079 13944.0 188
53.7946 17856.0 188
54.8273 12408.0 188
55.1843 12424.0 188
55.5304 12456.0 188
55.8710 12504.0 188
56.9202 15448.0 188
57.2607 15608.0 188
57.6068 15648.0 188
57.9529 15624.0 188
58.2935 15568.0 188
58.6560 15504.0 188
58.9966 15472.0 188
59.3427 15456.0 188
59.6832 15424.0 188
60.0293 15400.0 188
60.3699 15368.0 188
60.7324 15320.0 188
61.0730 15264.0 188
61.4191 15200.0 188
62.1057 15192.0 188
64.8853 14912.0 188
65.2313 15016.0 188
66.6211 14912.0 188
66.9672 14840.0 188
67.3077 14808.0 188
73.5590 14512.0 188
74.9323 13048.0 188
75.2948 13024.0 188
75.6354 12952.0 188
75.9814 12896.0 188
76.3275 12888.0 188
76.6681 12816.0 188
77.0142 12744.0 188
77.3712 12624.0 188
77.7173 12520.0 188
80.4803 12464.0 188
80.8429 12400.0 188
81.1835 12376.0 188
81.5295 12320.0 188
81.9360 12264.0 188
82.2766 12216.0 188
82.6227 12176.0 188
82.9688 12192.0 188
83.9960 12256.0 188
85.6714 14096.0 188
86.0120 14096.0 188
90.7965 4096.0 188
91.4337 4448.0 188
91.7798 4440.0 188
92.1204 4424.0 188
92.4664 4440.0 188
92.8125 4448.0 188
93.1531 4416.0 188
93.4991 4424.0 188
94.5428 4488.0 188
100.3876 1398.0 188
100.7336 1380.0 188
101.1401 1362.0 188
101.4807 1348.0 188
101.8268 1340.0 188
102.1674 1332.0 188
102.5299 1322.0 188
102.8705 1314.0 188
103.2166 1310.0 188
103.5571 1306.0 188
103.9032 1302.0 188
104.2493 1296.0 188
104.6558 1292.0 188
104.9963 1292.0 188
105.3424 1290.0 188
105.6830 1288.0 188
106.0291 1288.0 188
106.3696 1286.0 188
106.7157 1284.0 188
107.0728 1286.0 188
107.4188 1286.0 188
107.7649 1286.0 188
108.1055 1286.0 188
108.4515 1288.0 188
108.7921 1290.0 188
109.1382 1292.0 188
109.4843 1294.0 188
109.7809 1298.0 188
110.1215 1302.0 188
110.4675 1306.0 188
110.8081 1310.0 188
111.1542 1316.0 188
111.4948 1322.0 188
111.8573 1328.0 188
112.1979 1338.0 188
112.5439 1348.0 188
112.8900 1360.0 188
113.1702 1374.0 188
113.5272 1390.0 188
113.8733 1412.0 188
115.2136 5480.0 188
115.5597 5488.0 188
116.3123 4664.0 188
117.3395 4688.0 188
117.9657 5440.0 188
118.3228 5448.0 188
118.6688 5440.0 188
119.0149 5432.0 188
119.3555 5432.0 188
119.7015 5432.0 188
120.0421 5424.0 188
120.3882 5424.0 188
120.7343 5424.0 188
121.0748 5432.0 188
121.4209 5424.0 188
122.4481 5400.0 188
123.1512 5392.0 188
123.4973 5400.0 188
123.8434 5392.0 188
124.1840 5392.0 188
124.5300 5400.0 188
124.8706 5392.0 188
125.2167 5392.0 188
125.5573 5392.0 188
125.9033 5392.0 188
126.2494 5392.0 188
126.5900 5392.0 188
126.9360 5384.0 188
127.2766 5384.0 188
127.6227 5392.0 188
127.9797 5400.0 188
128.3258 5392.0 188
128.6719 5400.0 188
129.0125 5400.0 188
129.3585 5400.0 188
129.6991 5400.0 188
130.0452 5392.0 188
130.3857 5392.0 188
130.7318 5408.0 188
131.0779 5400.0 188
131.7645 5408.0 188
132.1051 5416.0 188
132.4512 5416.0 188
132.8082 5424.0 188
133.1543 5424.0 188
133.4949 5424.0 188
133.8409 5424.0 188
134.1870 5440.0 188
134.5276 5440.0 188
134.8737 5440.0 188
135.2142 5456.0 188
135.5603 5456.0 188
135.9009 5456.0 188
136.2469 5456.0 188
136.9336 5472.0 188
137.6367 5216.0 188
137.9828 5248.0 188
139.0594 4744.0 188
140.3888 5520.0 188
140.7294 5528.0 188
141.0754 5536.0 188
141.4215 5544.0 188
141.7621 5552.0 188
142.1082 5568.0 188
142.4652 5568.0 188
142.8113 5568.0 188
143.1519 5576.0 188
143.4979 5624.0 188
143.8385 5640.0 188
144.1846 5616.0 188
144.5306 5624.0 188
144.8712 5640.0 188
145.2173 5656.0 188
145.5579 5664.0 188
146.2500 5672.0 188
146.7773 14280.0 188
147.1234 14288.0 188
147.4640 14352.0 188
147.8101 14424.0 188
148.1561 14440.0 188
148.4967 14416.0 188
149.1833 15048.0 188
150.2325 15112.0 188
150.5731 18248.0 188
150.9192 18016.0 188
151.2653 17792.0 188
151.6058 17728.0 188
151.9519 17840.0 188
152.2925 17824.0 188
153.6713 17824.0 188
154.3744 18000.0 188
156.7804 12848.0 188
157.1210 12792.0 188
157.4670 12792.0 188
157.8076 12792.0 188
158.1702 12776.0 188
158.5107 12744.0 188
158.8568 12784.0 188
159.2029 12784.0 188
159.5435 12728.0 188
159.8895 12728.0 188
160.2301 12720.0 188
160.5762 12712.0 188
160.9167 12712.0 188
161.2628 12688.0 188
161.6089 12664.0 188
161.9495 12672.0 188
162.3120 12680.0 188
162.6526 12656.0 188
163.4491 7360.0 188
163.7952 7328.0 188
164.1357 7320.0 188
164.4818 7304.0 188
164.8279 7296.0 188
165.1685 7320.0 188
165.8716 7368.0 188
166.4484 12576.0 188
166.7944 12608.0 188
171.9635 13272.0 188
172.3096 13176.0 188
172.6556 13120.0 188
172.9962 13112.0 188
174.0289 13192.0 188
178.3411 5896.0 188
178.7915 4088.0 188
179.1376 4096.0 188
179.4836 4092.0 188
179.8407 4088.0 188
180.1868 4088.0 188
180.5273 4096.0 188
180.8075 4104.0 188
181.1536 4112.0 188
181.4996 4104.0 188
181.8567 4104.0 188
182.2028 4104.0 188
182.5433 4112.0 188
182.8894 4120.0 188
183.2300 4120.0 188
183.5760 4128.0 188
183.9166 4128.0 188
184.2627 4128.0 188
184.6088 4136.0 188
184.9493 4136.0 188
185.2954 4136.0 188
185.6525 4144.0 188
185.9985 4152.0 188
186.3391 4168.0 188
186.6852 4168.0 188
187.0313 4168.0 188
187.3718 4168.0 188
187.7179 4184.0 188
188.0585 4192.0 188
188.4045 4192.0 188
188.7451 4200.0 188
189.0912 4224.0 188
189.4482 4232.0 188
189.7943 4216.0 188
190.1404 4216.0 188
190.4810 4216.0 188
190.8270 4224.0 188
191.1676 4224.0 188
191.5137 4232.0 188
191.8542 4240.0 188
192.2003 4248.0 188
192.5464 4256.0 188
192.9034 4272.0 188
193.2495 4272.0 188
193.5901 4280.0 188
193.9362 4288.0 188
194.2767 4296.0 188
194.6228 4304.0 188
194.9634 4320.0 188
195.3094 4336.0 188
195.6555 4336.0 188
195.9961 4344.0 188
196.3422 4360.0 188
196.6992 4376.0 188
197.0453 4392.0 188
197.3859 4408.0 188
197.7319 4424.0 188
198.0780 4432.0 188
198.4186 4448.0 188
198.7646 4456.0 188
199.1052 4464.0 188
199.4513 4440.0 188
199.7919 4408.0 188
200.1379 4368.0 188
200.4950 4304.0 188
200.8411 4240.0 188
201.1871 4176.0 188
201.5277 4136.0 188
201.9342 4092.0 188
202.2803 4048.0 188
202.6208 4000.0 188
202.9669 3952.0 188
203.3075 3896.0 188
203.6536 3836.0 188
203.9996 3812.0 188
204.3402 3816.0 188
204.6863 3832.0 188
205.0269 3848.0 188
205.3729 3860.0 188
205.7300 3876.0 188
206.0760 3892.0 188
206.4166 3908.0 188
206.7627 3916.0 188
207.1088 3924.0 188
207.4493 3936.0 188
207.7954 3908.0 188
208.4821 3912.0 188
208.8281 3960.0 188
209.1852 3976.0 188
209.5313 3988.0 188
211.2451 4052.0 188
211.5912 4072.0 188
211.9373 4088.0 188
212.2339 4104.0 188
212.5745 4112.0 188
213.6072 4136.0 188
214.2938 4184.0 188
214.6399 4200.0 188
214.9969 4216.0 188
215.3430 4224.0 188
215.6836 4232.0 188
216.7163 4264.0 188
217.0624 4296.0 188
217.4030 4320.0 188
217.7490 4344.0 188
218.7927 4376.0 188
219.4794 4440.0 188
219.8254 4464.0 188
220.1715 4456.0 188
220.5121 4448.0 188
220.8582 4480.0 188
221.8854 4480.0 188
222.5885 4352.0 188
222.9346 4320.0 188
223.2806 4296.0 188
223.6212 4264.0 188
223.9673 4248.0 188
224.3079 4216.0 188
224.6539 4184.0 188
225.0000 4160.0 188
225.3406 4136.0 188
225.6866 4112.0 188
226.0931 4084.0 188
226.4337 4052.0 188
226.7798 4024.0 188
227.1204 4000.0 188
227.4664 3976.0 188
227.8235 3964.0 188
228.1696 3952.0 188
228.5156 3936.0 188
228.8562 3908.0 188
229.2023 3880.0 188
229.5428 3844.0 188
229.8889 3800.0 188
230.2295 3776.0 188
230.5756 3756.0 188
230.9216 3744.0 188
231.2787 3724.0 188
231.6248 3708.0 188
231.9653 3692.0 188
232.3114 3676.0 188
232.6520 3652.0 188
232.9980 3628.0 188
233.3386 3608.0 188
233.6847 3588.0 188
234.0308 3576.0 188
234.3713 3560.0 188
234.7174 3548.0 188
235.0745 3528.0 188
235.4645 3512.0 188
235.8105 3496.0 188
236.1511 3476.0 188
236.5137 3464.0 188
236.8542 3448.0 188
237.2003 3436.0 188
237.5464 3420.0 188
237.8870 3408.0 188
238.2330 3400.0 188
238.5736 3380.0 188
238.9197 3364.0 188
239.2603 3352.0 188
239.6063 3336.0 188
239.9524 3324.0 188
240.3094 3312.0 188
240.6555 3280.0 188
240.9961 3268.0 188
241.3422 3276.0 188
241.6827 3256.0 188
242.0288 3244.0 188
242.3749 3236.0 188
242.7155 3228.0 188
243.0615 3216.0 188
243.4021 3212.0 188
243.7482 3208.0 188
244.1052 3188.0 188
244.4513 3176.0 188
244.7919 3168.0 188
245.1379 3148.0 188
245.4840 3132.0 188
245.8246 3124.0 188
246.1707 3116.0 188
246.5112 3108.0 188
246.8573 3100.0 188
247.1979 3092.0 188
247.5604 3088.0 188
247.9010 3080.0 188
248.2965 3072.0 188
248.6371 3068.0 188
248.9996 3068.0 188
249.3402 3060.0 188
249.6863 3052.0 188
250.0269 3044.0 188
250.3729 3032.0 188
250.7135 3020.0 188
251.0596 3012.0 188
251.4056 3008.0 188
251.7462 3004.0 188
252.1088 2996.0 188
252.4493 2988.0 188
252.7954 2976.0 188
253.1360 2964.0 188
253.4821 2960.0 188
253.8281 2956.0 188
254.1687 2956.0 188
254.5148 2952.0 188
254.8553 2940.0 188
255.2179 2932.0 188
256.2451 2948.0 188
256.5912 2936.0 188
256.9373 2928.0 188
257.2778 2924.0 188
257.6239 2924.0 188
257.9645 2920.0 188
258.3270 2908.0 188
258.6676 2904.0 188
259.0137 2908.0 188
259.3542 2904.0 188
259.7003 2892.0 188
260.0464 2892.0 188
260.3870 2888.0 188
260.7330 2880.0 188
261.0901 2876.0 188
261.4362 2876.0 188
261.7767 2872.0 188
262.1228 2868.0 188
262.4634 2864.0 188
262.8094 2864.0 188
263.1555 2860.0 188
263.4961 2856.0 188
263.8422 2856.0 188
264.1992 2852.0 188
264.5453 2856.0 188
264.8859 2852.0 188
265.2319 2848.0 188
265.5780 2848.0 188
265.9186 2840.0 188
266.7316 2408.0 188
267.6544 2832.0 188
267.9950 2832.0 188
268.3411 2832.0 188
268.6871 2828.0 188
269.0277 2828.0 188
269.3738 2832.0 188
269.7144 2828.0 188
270.0604 2820.0 188
270.4175 2824.0 188
270.7635 2824.0 188
271.1041 2820.0 188
271.4502 2820.0 188
271.7963 2816.0 188
272.8235 2820.0 188
273.3398 2072.0 188
274.0265 2072.0 188
275.8722 1864.0 188
276.2183 1866.0 188
276.5588 1866.0 188
276.9214 1870.0 188
277.2620 1872.0 188
277.6080 1876.0 188
277.9486 1876.0 188
278.2947 1880.0 188
278.6353 1884.0 188
278.9813 1884.0 188
279.3274 1888.0 188
279.6240 1896.0 188
279.9646 1900.0 188
280.3107 1898.0 188
280.6512 1902.0 188
280.9973 1906.0 188
281.3544 1908.0 188
281.7004 1914.0 188
282.0465 1916.0 188
282.3871 1920.0 188
282.7332 1922.0 188
283.0737 1926.0 188
283.4198 1932.0 188
283.7604 1946.0 188
284.1229 1950.0 188
284.4635 1940.0 188
284.8096 1944.0 188
285.1556 1948.0 188
285.4962 1954.0 188
285.8423 1960.0 188
286.1829 1964.0 188
286.5289 1970.0 188
286.8860 1976.0 188
287.2321 1980.0 188
287.5781 1986.0 188
287.9187 1992.0 188
288.2648 1996.0 188
288.6053 1998.0 188
288.9514 2004.0 188
289.2920 2010.0 188
289.6545 2014.0 188
289.9951 2020.0 188
290.3412 2024.0 188
290.6873 2028.0 188
291.0278 2034.0 188
291.3739 2040.0 188
291.7145 2048.0 188
292.0111 2056.0 188
292.3572 2060.0 188
292.6978 2072.0 188
293.0438 2076.0 188
293.3899 2080.0 188
293.7305 2088.0 188
294.0930 2092.0 188
294.4336 2100.0 188
294.7797 2104.0 188
295.1202 2116.0 188
295.4663 2128.0 188
295.8124 2132.0 188
296.1530 2140.0 188
296.4990 2152.0 188
296.8561 2160.0 188
297.2021 2164.0 188
297.5427 2168.0 188
297.8888 2176.0 188
298.2294 2184.0 188
298.5754 2200.0 188
298.9215 2212.0 188
299.2621 2212.0 188
299.6246 2224.0 188
299.9652 2232.0 188
300.2454 2244.0 188
300.5914 2252.0 188
300.9375 2252.0 188
301.2946 2236.0 188
301.6846 2208.0 188
302.0306 2184.0 188
302.3877 2164.0 188
302.7338 2148.0 188
303.0743 2132.0 188
303.4204 2112.0 188
303.7610 2096.0 188
304.1071 2076.0 188
304.4531 2060.0 188
304.8541 2042.0 188
305.2002 2024.0 188
305.5463 2008.0 188
305.8868 1990.0 188
306.2494 1974.0 188
306.5900 1958.0 188
306.9360 1948.0 188
307.2766 1936.0 188
307.6227 1920.0 188
307.9688 1904.0 188
308.3698 1890.0 188
308.7158 1876.0 188
309.0619 1862.0 188
309.4025 1846.0 188
309.7485 1834.0 188
310.0891 1822.0 188
310.4517 1810.0 188
310.7922 1798.0 188
311.1383 1786.0 188
311.4844 1780.0 188
311.8250 1770.0 188
312.1710 1758.0 188
312.5775 1748.0 188
312.9181 1736.0 188
313.2642 1722.0 188
313.6047 1712.0 188
313.9508 1702.0 188
314.3079 1692.0 188
314.6539 1682.0 188
315.0000 1674.0 188
315.3406 1674.0 188
315.6866 1678.0 188
316.0272 1688.0 188
316.7798 1636.0 188
317.1204 1626.0 188
317.4664 1616.0 188
317.8125 1608.0 188
318.1531 1600.0 188
318.5156 1594.0 188
318.8562 1584.0 188
319.2023 1576.0 188
319.5428 1568.0 188
319.8889 1562.0 188
320.2295 1556.0 188
320.5756 1546.0 188
320.9216 1538.0 188
321.3281 1532.0 188
321.6687 1524.0 188
322.0148 1518.0 188
322.3553 1510.0 188
322.7014 1504.0 188
323.0585 1496.0 188
323.4045 1490.0 188
323.7451 1486.0 188
324.0912 1478.0 188
324.4373 1470.0 188
324.7778 1464.0 188
325.1239 1460.0 188
325.4645 1454.0 188
325.8105 1448.0 188
326.2170 1442.0 188
326.5576 1436.0 188
326.9037 1432.0 188
327.2607 1428.0 188
327.6068 1422.0 188
327.9529 1416.0 188
328.2935 1412.0 188
328.6395 1408.0 188
328.9801 1404.0 188
329.3262 1398.0 188
329.6667 1394.0 188
330.0128 1388.0 188
330.3699 1384.0 188
330.7159 1378.0 188
331.0620 1374.0 188
331.4026 1370.0 188
331.8091 1366.0 188
332.1552 1362.0 188
332.4957 1358.0 188
332.8418 1354.0 188
333.1824 1350.0 188
333.5284 1348.0 188
333.8745 1344.0 188
334.2151 1340.0 188
334.5776 1338.0 188
334.9182 1332.0 188
335.2643 1330.0 188
335.6049 1326.0 188
335.9509 1324.0 188
336.2915 1320.0 188
336.6376 1316.0 188
336.9836 1312.0 188
337.3242 1310.0 188
337.6868 1306.0 188
338.0273 1304.0 188
338.3734 1302.0 188
338.7140 1298.0 188
339.0601 1296.0 188
339.4666 1294.0 188
339.8071 1290.0 188
340.1532 1288.0 188
340.4993 1288.0 188
340.8398 1286.0 188
341.1859 1284.0 188
341.5265 1284.0 188
341.8726 1284.0 188
342.2296 1286.0 188
342.5757 1290.0 188
342.8558 1296.0 188
343.2019 1306.0 188
343.5425 1324.0 188
343.9050 1350.0 188
344.1852 1382.0 188
344.5313 1416.0 188
344.8279 1450.0 188
345.1685 1488.0 188
345.5145 1534.0 188
345.8112 1578.0 188
346.1517 1622.0 188
346.7780 1726.0 188
347.0746 1780.0 188
347.7173 1894.0 188
348.8708 3040.0 188
349.2169 3040.0 188
349.5575 3040.0 188
350.5902 3044.0 188
