#RPLIDAR SCAN DATA
#COUNT=743
#Angule	Distance	Quality
352.2491 3444.0 188
352.5897 3464.0 188
352.9358 3472.0 188
353.2764 3476.0 188
353.6224 3480.0 188
353.9685 3460.0 188
354.3091 3436.0 188
354.6716 3416.0 188
355.0122 3396.0 188
355.3583 3376.0 188
355.6989 3360.0 188
356.0449 3340.0 188
356.3855 3324.0 188
356.7316 3308.0 188
357.0886 3292.0 188
357.4347 3276.0 188
358.1213 3264.0 188
358.4674 3232.0 188
358.8080 3196.0 188
359.1705 3184.0 188
359.5111 3168.0 188
359.8572 3156.0 188
0.1978 3148.0 188
0.5438 3136.0 188
0.8899 3124.0 188
1.2305 3108.0 188
1.5930 3088.0 188
1.9830 3072.0 188
2.3236 3056.0 188
2.6862 3048.0 188
3.0267 3032.0 188
3.3728 3020.0 188
3.7134 3012.0 188
4.0594 3004.0 188
4.4055 2992.0 188
4.7461 2984.0 188
5.1086 2972.0 188
5.4492 2956.0 188
5.7953 2940.0 188
6.1359 2928.0 188
6.4819 2916.0 188
6.8280 2904.0 188
7.1851 2896.0 188
7.5311 2884.0 188
7.8717 2876.0 188
8.2178 2868.0 188
8.5748 2856.0 188
8.9209 2848.0 188
9.2615 2840.0 188
9.6075 2828.0 188
9.9646 2824.0 188
10.3107 2816.0 188
10.6512 2804.0 188
10.9973 2796.0 188
11.3544 2784.0 188
11.7004 2776.0 188
12.0465 2772.0 188
12.3871 2764.0 188
12.7496 2756.0 188
13.0902 2748.0 188
13.4363 2736.0 188
13.8428 2728.0 188
14.1833 2720.0 188
14.5459 2712.0 188
14.8865 2704.0 188
15.2325 2696.0 188
15.5731 2692.0 188
15.9357 2684.0 188
16.2762 2680.0 188
16.6223 2672.0 188
16.9684 2680.0 188
17.3254 2712.0 188
17.6056 2752.0 188
17.9517 2796.0 188
18.3087 2848.0 188
18.6548 2904.0 188
18.9954 2948.0 188
19.3414 3008.0 188
19.6985 3068.0 188
19.9841 3124.0 188
20.3412 3188.0 188
20.6873 3244.0 188
21.0278 3296.0 188
21.3739 3372.0 188
21.7310 3448.0 188
22.0111 3520.0 188
22.3737 3604.0 188
22.7142 3644.0 188
23.0603 3632.0 188
23.4009 3620.0 188
23.7634 3612.0 188
24.1040 3608.0 188
24.4501 3600.0 188
24.7961 3592.0 188
25.1532 3584.0 188
25.4993 3584.0 188
25.8398 3576.0 188
26.1859 3576.0 188
26.5430 3572.0 188
26.8890 3564.0 188
27.2296 3560.0 188
27.5757 3560.0 188
27.9327 3552.0 188
28.2788 3548.0 188
28.6249 3544.0 188
28.9655 3540.0 188
29.3280 3540.0 188
29.6686 3536.0 188
30.0146 3532.0 188
30.3552 3532.0 188
30.7178 3532.0 188
31.0583 3528.0 188
31.4044 3524.0 188
32.5580 2876.0 188
32.9041 2876.0 188
33.6072 2868.0 188
34.1840 3520.0 188
34.5300 3516.0 188
34.9365 3512.0 188
35.6396 3512.0 188
35.9802 3512.0 188
36.3263 3508.0 188
36.6669 3508.0 188
37.0294 3504.0 188
37.3700 3508.0 188
37.7161 3512.0 188
38.0621 3508.0 188
38.7653 3508.0 188
41.6052 8952.0 188
41.9678 8976.0 188
42.3083 9000.0 188
42.6544 9104.0 188
43.6981 9184.0 188
44.7473 8712.0 188
47.9333 8184.0 188
48.2794 7192.0 188
48.9661 7144.0 188
51.4050 7792.0 188
51.7456 7800.0 188
52.1082 7696.0 188
53.1354 7680.0 188
55.1678 8384.0 188
57.3267 7352.0 188
59.8096 846.0 188
60.1666 828.0 188
60.5731 816.0 188
60.9192 806.0 188
61.2653 796.0 188
61.6718 788.0 188
62.0123 784.0 188
62.3584 778.0 188
62.7155 774.0 188
63.1055 768.0 188
63.4680 764.0 188
63.8086 760.0 188
64.1547 756.0 188
64.5117 754.0 188
64.8578 750.0 188
65.1984 746.0 188
65.6049 744.0 188
65.9509 742.0 188
66.2915 740.0 188
66.6541 738.0 188
66.9946 736.0 188
67.3407 734.0 188
67.6868 732.0 188
68.0438 732.0 188
68.3899 730.0 188
68.7305 728.0 188
69.0765 728.0 188
69.4336 728.0 188
69.7797 726.0 188
70.1202 726.0 188
70.4828 726.0 188
70.8234 726.0 188
71.1694 726.0 188
71.5155 726.0 188
71.8726 726.0 188
72.2186 726.0 188
72.5592 726.0 188
72.9053 726.0 188
73.2623 726.0 188
73.6084 728.0 188
73.9490 730.0 188
74.2950 730.0 188
74.6521 732.0 188
74.9982 732.0 188
75.3387 734.0 188
75.6848 736.0 188
76.0309 738.0 188
76.3879 740.0 188
76.7340 742.0 188
77.0746 744.0 188
77.3547 748.0 188
77.7173 750.0 188
78.0579 754.0 188
78.4039 758.0 188
78.7500 762.0 188
79.0906 766.0 188
79.3872 770.0 188
79.7333 774.0 188
80.0739 780.0 188
80.4199 786.0 188
80.7770 792.0 188
81.0571 800.0 188
81.4032 808.0 188
81.7493 818.0 188
82.0459 830.0 188
82.3865 846.0 188
82.6831 870.0 188
84.2157 3948.0 188
84.5618 3964.0 188
85.7813 6480.0 188
86.1383 6496.0 188
86.4844 6504.0 188
86.8250 6496.0 188
87.1710 6488.0 188
87.5116 6464.0 188
87.8577 6464.0 188
88.2147 6472.0 188
88.5608 6472.0 188
89.5935 7272.0 188
89.9341 7296.0 188
90.2966 7320.0 188
90.6372 7312.0 188
90.9833 7304.0 188
91.6699 7312.0 188
92.3730 7320.0 188
92.7136 7312.0 188
93.0597 7320.0 188
93.4058 7328.0 188
93.7463 7344.0 188
94.0924 7344.0 188
94.4495 7336.0 188
94.7955 7360.0 188
95.8228 7456.0 188
96.1688 7384.0 188
96.5259 7384.0 188
96.8719 7376.0 188
97.2180 7400.0 188
97.5586 7416.0 188
97.9047 7424.0 188
98.2452 7368.0 188
98.9484 7384.0 188
99.6405 7488.0 188
99.9811 7504.0 188
100.3271 7496.0 188
100.6842 7528.0 188
101.0303 7544.0 188
101.3708 7544.0 188
101.7169 7568.0 188
102.0575 7576.0 188
102.4036 7560.0 188
102.7606 7584.0 188
103.1067 7616.0 188
103.4528 7616.0 188
103.7933 7640.0 188
104.1394 7656.0 188
104.4800 7648.0 188
104.8425 7664.0 188
105.1831 7648.0 188
105.5292 7656.0 188
106.2158 7432.0 188
106.5619 7360.0 188
106.9189 7200.0 188
107.2650 7096.0 188
107.6056 6968.0 188
107.9517 6824.0 188
108.2922 6784.0 188
109.3414 6768.0 188
109.9841 9048.0 188
110.3247 9056.0 188
110.6708 9064.0 188
111.4838 5888.0 188
111.8243 5880.0 188
112.1704 5840.0 188
112.5110 5704.0 188
113.5602 5608.0 188
113.9063 5608.0 188
114.5929 5632.0 188
119.9048 3900.0 188
120.2618 3856.0 188
120.6079 3844.0 188
120.9485 3868.0 188
122.1075 2784.0 188
122.4481 2772.0 188
122.7942 2748.0 188
123.2007 2720.0 188
123.5468 2716.0 188
123.8434 2736.0 188
124.1840 2752.0 188
124.5300 2764.0 188
125.2167 2776.0 188
125.7495 4376.0 188
126.0901 4352.0 188
126.9031 3224.0 188
127.2491 3200.0 188
127.5897 3180.0 188
127.9358 3188.0 188
128.2764 3212.0 188
128.8696 4120.0 188
129.2157 4104.0 188
129.6222 4080.0 188
129.9683 4060.0 188
130.3088 4044.0 188
130.6549 4024.0 188
130.9955 3992.0 188
131.3580 3960.0 188
131.6986 3936.0 188
132.0447 3908.0 188
132.3853 3888.0 188
132.7313 3868.0 188
133.0774 3852.0 188
133.4344 3836.0 188
133.7805 3812.0 188
134.1211 3788.0 188
134.4672 3772.0 188
134.8077 3752.0 188
135.1703 3728.0 188
135.5109 3712.0 188
135.8569 3700.0 188
136.5436 3684.0 188
137.0105 2740.0 188
137.4060 2728.0 188
137.7631 2704.0 188
138.1091 2704.0 188
138.4497 2728.0 188
138.7463 2748.0 188
139.3726 3476.0 188
139.7296 3472.0 188
140.0757 3452.0 188
140.4218 3436.0 188
140.7623 3416.0 188
141.1084 3396.0 188
141.4490 3384.0 188
141.7950 3368.0 188
142.1356 3356.0 188
142.4982 3344.0 188
142.8387 3336.0 188
143.1848 3328.0 188
143.5309 3320.0 188
143.8715 3316.0 188
144.2175 3304.0 188
144.5581 3292.0 188
144.9042 3284.0 188
145.2612 3264.0 188
145.6073 3248.0 188
145.9479 3240.0 188
146.2939 3228.0 188
146.6400 3212.0 188
146.9806 3204.0 188
147.3267 3192.0 188
147.6672 3184.0 188
148.0298 3180.0 188
148.3704 3168.0 188
148.7164 3164.0 188
149.0625 3156.0 188
149.4031 3148.0 188
149.7491 3140.0 188
150.0897 3132.0 188
150.4358 3120.0 188
151.1389 3116.0 188
151.6553 2336.0 188
151.9958 2328.0 188
152.3419 2324.0 188
152.6825 2324.0 188
153.3746 2340.0 188
154.2920 3040.0 188
154.6545 3032.0 188
154.9951 3028.0 188
155.3412 3024.0 188
155.6873 3020.0 188
156.0278 3012.0 188
156.3739 3004.0 188
156.7145 3000.0 188
157.0605 2996.0 188
157.4176 2988.0 188
157.7637 2984.0 188
158.1042 2984.0 188
158.4503 2992.0 188
158.7964 2988.0 188
159.1370 2976.0 188
159.4830 2996.0 188
159.8236 3036.0 188
160.1202 3092.0 188
160.4663 3172.0 188
160.8124 3256.0 188
161.1530 3344.0 188
161.4990 3440.0 188
162.4823 3884.0 188
162.8229 3884.0 188
163.1854 3884.0 188
163.5260 3880.0 188
163.8721 3872.0 188
164.2181 3868.0 188
164.5587 3864.0 188
164.9048 3852.0 188
165.2454 3848.0 188
165.5914 3844.0 188
165.9485 3840.0 188
166.2946 3836.0 188
166.6406 3832.0 188
166.9812 3824.0 188
167.3273 3816.0 188
167.6678 3812.0 188
168.0139 3804.0 188
168.3545 3780.0 188
168.7170 3788.0 188
169.0576 3808.0 188
169.4037 3800.0 188
169.7498 3792.0 188
170.0903 3792.0 188
170.4364 3788.0 188
170.7770 3788.0 188
171.1230 3804.0 188
171.4801 3800.0 188
171.8262 3776.0 188
172.1667 3776.0 188
172.5128 3772.0 188
172.8589 3768.0 188
173.1995 3776.0 188
173.5455 3780.0 188
173.9026 3776.0 188
174.2487 3772.0 188
174.5892 3768.0 188
174.9353 3768.0 188
175.2759 3772.0 188
175.9790 3776.0 188
185.7458 12504.0 188
186.0919 12456.0 188
186.4325 12296.0 188
187.1851 12208.0 188
191.4038 7592.0 188
194.5129 6224.0 188
194.8700 6152.0 188
195.2161 6160.0 188
195.5621 6264.0 188
195.9027 6352.0 188
196.2488 6400.0 188
196.5894 6400.0 188
197.2925 6344.0 188
197.6385 6296.0 188
198.6823 6400.0 188
202.5439 6024.0 188
202.8900 5944.0 188
203.2306 5864.0 188
203.5931 5792.0 188
203.9337 5728.0 188
204.2798 5664.0 188
204.6204 5616.0 188
204.9664 5560.0 188
205.3125 5544.0 188
205.6696 5552.0 188
206.0156 5568.0 188
206.3562 5592.0 188
206.7023 5616.0 188
207.0428 5640.0 188
207.4054 5664.0 188
207.7460 5672.0 188
208.0920 5704.0 188
208.4326 5736.0 188
208.7787 5768.0 188
209.1357 5800.0 188
209.4818 5824.0 188
209.8279 5848.0 188
210.1685 5872.0 188
210.5145 5896.0 188
210.8551 5912.0 188
211.2177 5944.0 188
211.5582 5968.0 188
211.9043 5984.0 188
212.2449 6008.0 188
212.5909 6024.0 188
212.9480 6048.0 188
213.2941 6072.0 188
213.6401 6096.0 188
213.9807 6128.0 188
214.2773 6152.0 188
214.6234 6184.0 188
214.9640 6224.0 188
215.3101 6256.0 188
215.6671 6280.0 188
216.0132 6328.0 188
216.3593 6376.0 188
216.6998 6416.0 188
217.0459 6456.0 188
217.3865 6488.0 188
217.7490 6528.0 188
218.0896 6560.0 188
218.4357 6592.0 188
218.7762 6632.0 188
219.1223 6672.0 188
219.4794 6704.0 188
219.8254 6752.0 188
220.1715 6784.0 188
220.5121 6816.0 188
220.8582 6856.0 188
221.2152 6904.0 188
221.5613 6944.0 188
221.9019 6984.0 188
222.5885 7032.0 188
243.3417 9968.0 188
246.1212 10640.0 188
246.4673 10656.0 188
246.8079 10632.0 188
247.1539 10528.0 188
247.5000 10432.0 188
247.8571 10392.0 188
248.2031 10344.0 188
248.5437 10304.0 188
248.8898 10232.0 188
249.2303 10184.0 188
249.5929 10136.0 188
249.9335 10072.0 188
250.2795 9984.0 188
250.6201 9912.0 188
250.9662 9872.0 188
251.3232 9800.0 188
251.6693 9728.0 188
252.0154 9712.0 188
252.3560 9760.0 188
252.7020 9832.0 188
257.2174 9504.0 188
257.5580 9544.0 188
257.9041 9560.0 188
258.2611 9544.0 188
258.6072 9488.0 188
258.9478 9448.0 188
259.2938 9408.0 188
259.6399 9376.0 188
259.9969 9344.0 188
260.3430 9312.0 188
260.6836 9304.0 188
261.0297 9280.0 188
261.3702 9264.0 188
261.7328 9240.0 188
262.0734 9216.0 188
262.4194 9200.0 188
262.7655 9104.0 188
263.1061 8952.0 188
263.4686 8920.0 188
263.8092 8912.0 188
264.1553 8888.0 188
264.4958 8920.0 188
264.8419 8896.0 188
265.1825 8848.0 188
265.5450 8888.0 188
266.2317 8904.0 188
267.3743 2268.0 188
267.7148 2248.0 188
268.1213 2228.0 188
268.4674 2212.0 188
268.8080 2200.0 188
269.1705 2192.0 188
269.5111 2184.0 188
269.8572 2176.0 188
270.1978 2172.0 188
270.5438 2172.0 188
270.9009 2168.0 188
271.2469 2164.0 188
271.5930 2168.0 188
271.9336 2168.0 188
272.2797 2172.0 188
272.6367 2176.0 188
272.9828 2176.0 188
273.3234 2184.0 188
273.6694 2192.0 188
274.0265 2196.0 188
274.3726 2212.0 188
274.7186 2228.0 188
275.0153 2244.0 188
276.0425 2264.0 188
276.7017 7280.0 188
277.0422 7288.0 188
277.3883 7288.0 188
277.7344 7288.0 188
278.0914 7296.0 188
278.4375 7304.0 188
278.7781 7336.0 188
279.4208 8976.0 188
279.7614 8992.0 188
280.1074 9000.0 188
280.4480 9000.0 188
280.8105 9016.0 188
281.8433 8232.0 188
282.2003 9088.0 188
282.5464 9096.0 188
282.8870 9104.0 188
283.2330 9048.0 188
283.5736 8904.0 188
283.9362 8792.0 188
284.2767 8624.0 188
284.6228 8448.0 188
284.9634 8304.0 188
285.3094 8232.0 188
286.0620 7936.0 188
286.4191 7808.0 188
286.7651 7728.0 188
287.1057 7704.0 188
287.4518 7720.0 188
287.7924 7736.0 188
288.1549 7752.0 188
288.4955 7768.0 188
288.8416 7784.0 188
289.1821 7800.0 188
289.5282 7816.0 188
289.8853 7832.0 188
290.2313 7848.0 188
290.5774 7872.0 188
291.7804 1940.0 188
292.8076 1946.0 188
293.2800 3028.0 188
293.6371 3028.0 188
293.9832 3028.0 188
294.3237 3020.0 188
294.6698 3016.0 188
295.0104 3012.0 188
295.7135 3016.0 188
296.7627 2992.0 188
297.1088 2984.0 188
297.4493 2980.0 188
297.7954 2980.0 188
298.1360 2980.0 188
298.4985 2976.0 188
298.8391 2968.0 188
299.1852 2964.0 188
299.8718 2964.0 188
301.0309 2448.0 188
302.2449 1778.0 188
302.7612 2436.0 188
303.1073 2436.0 188
303.4644 2436.0 188
303.8104 2436.0 188
304.1510 2444.0 188
305.2496 2196.0 188
305.5463 2432.0 188
305.8868 2436.0 188
306.2329 2432.0 188
306.5900 2432.0 188
306.9360 2432.0 188
307.2766 2432.0 188
307.6227 2432.0 188
307.9688 2432.0 188
308.3258 2432.0 188
308.6719 2432.0 188
309.0125 2432.0 188
309.3585 2436.0 188
309.7156 2432.0 188
310.0616 2436.0 188
310.4022 2436.0 188
310.7483 2432.0 188
311.0889 2432.0 188
311.4514 2436.0 188
311.7920 2436.0 188
312.1381 2440.0 188
312.4841 2444.0 188
312.8247 2444.0 188
313.1873 2440.0 188
313.5278 2444.0 188
313.8739 2448.0 188
314.2145 2448.0 188
314.5770 2452.0 188
314.9176 2452.0 188
315.2637 2452.0 188
315.5603 2460.0 188
317.8125 1990.0 188
318.1531 1992.0 188
318.4991 1994.0 188
318.8397 1998.0 188
319.8889 1998.0 188
320.4218 2492.0 188
320.7623 2496.0 188
321.1084 2500.0 188
321.4490 2504.0 188
321.8115 2512.0 188
322.1521 2516.0 188
322.4982 2520.0 188
322.8387 2528.0 188
323.1848 2532.0 188
323.5419 2532.0 188
323.8879 2540.0 188
324.2340 2548.0 188
324.5746 2552.0 188
324.9371 2556.0 188
325.2777 2560.0 188
325.6238 2560.0 188
325.9644 2564.0 188
326.3104 2568.0 188
326.6675 2576.0 188
327.0135 2580.0 188
327.3541 2584.0 188
327.7002 2588.0 188
328.0573 2592.0 188
328.4033 2600.0 188
328.7494 2608.0 188
329.0900 2616.0 188
330.8258 2652.0 188
331.1829 2660.0 188
331.5289 2668.0 188
331.8750 2672.0 188
332.2156 2684.0 188
332.5616 2692.0 188
332.9187 2696.0 188
333.2648 2700.0 188
333.6053 2708.0 188
333.9514 2716.0 188
334.2920 2724.0 188
334.6545 2732.0 188
335.2917 2744.0 188
336.7804 1518.0 188
337.3737 2812.0 188
337.7142 2820.0 188
338.0603 2832.0 188
338.4174 2844.0 188
338.7634 2856.0 188
339.1040 2860.0 188
339.4501 2868.0 188
339.7961 2880.0 188
340.1532 2888.0 188
340.4993 2900.0 188
340.8398 2916.0 188
341.1859 2932.0 188
341.5265 2944.0 188
342.5757 2952.0 188
343.2623 3008.0 188
343.6249 3020.0 188
343.9655 3028.0 188
344.3115 3036.0 188
344.6521 3052.0 188
344.9982 3068.0 188
345.2948 3084.0 188
345.6354 3108.0 188
345.9814 3124.0 188
346.3385 3136.0 188
346.6846 3152.0 188
348.5303 2680.0 188
348.8708 2664.0 188
349.2169 2656.0 188
349.5575 2664.0 188
349.9200 2676.0 188
350.9528 2700.0 188
351.5460 3380.0 188
351.8866 3420.0 188
