#RPLIDAR SCAN DATA
#COUNT=766
#Angule	Distance	Quality
351.9360 5080.0 188
352.2766 5080.0 188
352.6227 5072.0 188
352.9688 5072.0 188
353.3093 5064.0 188
353.6719 5064.0 188
354.0125 5072.0 188
354.3585 5072.0 188
354.6991 5072.0 188
355.7318 5080.0 188
356.0889 5080.0 188
356.4349 5064.0 188
356.7810 5064.0 188
357.1216 5064.0 188
357.4677 5072.0 188
357.8082 5072.0 188
358.1543 5072.0 188
358.4949 5072.0 188
358.8574 5080.0 188
359.1980 5088.0 188
359.5441 5096.0 188
359.8901 5104.0 188
0.2307 5104.0 188
0.5768 5112.0 188
0.9174 5120.0 188
1.2799 5128.0 188
1.6205 5144.0 188
1.9666 5160.0 188
2.3071 5176.0 188
2.6532 5192.0 188
2.9993 5216.0 188
3.3563 5232.0 188
3.7024 5264.0 188
4.0430 5288.0 188
4.3890 5304.0 188
4.7461 5328.0 188
5.0922 5352.0 188
5.4327 5376.0 188
5.7788 5400.0 188
6.1249 5424.0 188
6.4819 5456.0 188
6.8280 5480.0 188
7.1686 5504.0 188
7.5146 5536.0 188
7.8552 5576.0 188
8.2178 5616.0 188
8.5583 5664.0 188
8.9044 5728.0 188
9.2450 5792.0 188
9.5911 5840.0 188
9.9481 5904.0 188
10.2942 6000.0 188
10.6403 6112.0 188
11.2775 6208.0 188
11.9641 7520.0 188
12.3267 7584.0 188
12.6672 7624.0 188
13.3099 10152.0 188
13.6560 10176.0 188
13.9966 10216.0 188
14.3427 10232.0 188
14.6832 10256.0 188
15.0458 10280.0 188
15.3864 10296.0 188
15.7324 10320.0 188
16.0730 10344.0 188
16.4191 10368.0 188
16.7761 10368.0 188
17.4683 10376.0 188
17.8088 12128.0 188
18.1055 12296.0 188
18.4515 12304.0 188
18.7921 12296.0 188
19.4952 12304.0 188
20.5280 13984.0 188
20.8905 13944.0 188
21.5771 13848.0 188
21.9836 12256.0 188
22.3242 12184.0 188
22.6703 12256.0 188
23.0109 12280.0 188
23.7140 12224.0 188
26.2463 2436.0 188
27.8723 11808.0 188
29.9652 11968.0 188
30.6519 12136.0 188
30.9979 12272.0 188
31.2946 12368.0 188
31.6406 12360.0 188
32.0416 12200.0 188
34.6234 2100.0 188
35.6671 2064.0 188
36.9525 2588.0 188
37.2931 2572.0 188
37.6392 2560.0 188
38.6829 2544.0 188
39.7760 2404.0 188
41.8579 2416.0 188
42.9016 2432.0 188
43.1873 2620.0 188
43.8904 2664.0 188
47.1204 2076.0 188
48.1531 2072.0 188
49.2023 2128.0 188
51.2292 2328.0 188
51.5753 2324.0 188
51.9214 2316.0 188
52.2620 2308.0 188
52.6245 2300.0 188
52.9651 2292.0 188
53.3112 2288.0 188
53.6517 2296.0 188
53.9978 2316.0 188
54.3549 2344.0 188
55.3876 2392.0 188
59.4525 11280.0 188
59.7931 11208.0 188
60.1556 11328.0 188
62.6825 5392.0 188
63.0286 5352.0 188
63.3856 5320.0 188
64.4183 5312.0 188
68.4833 10072.0 188
69.5105 10256.0 188
71.0156 5648.0 188
71.5924 8304.0 188
71.9330 8368.0 188
72.6361 8400.0 188
75.2014 1026.0 188
75.5420 1026.0 188
75.8881 1026.0 188
76.9373 1030.0 188
81.8427 1338.0 188
82.1997 1340.0 188
82.5458 1342.0 188
82.8864 1342.0 188
83.2324 1344.0 188
83.5730 1346.0 188
83.9191 1346.0 188
84.9683 1354.0 188
86.0614 1294.0 188
87.1051 1292.0 188
87.6379 2268.0 188
87.9840 2256.0 188
88.3246 2240.0 188
88.7311 2228.0 188
89.0771 2220.0 188
89.4177 2212.0 188
89.7803 2204.0 188
90.1208 2192.0 188
90.4669 2184.0 188
90.8075 2184.0 188
92.6202 786.0 188
92.9663 786.0 188
94.0155 788.0 188
94.9658 2076.0 188
95.3119 2068.0 188
95.6689 2054.0 188
96.0590 2046.0 188
96.4050 2040.0 188
96.7621 2034.0 188
97.1082 2028.0 188
97.4487 2022.0 188
97.7948 2018.0 188
98.1354 2012.0 188
98.4979 2004.0 188
98.8385 1998.0 188
99.1846 1990.0 188
99.5306 1982.0 188
99.8712 1976.0 188
100.2173 1970.0 188
100.5743 1966.0 188
100.9204 1962.0 188
101.2610 1958.0 188
101.6071 1954.0 188
102.3102 1950.0 188
103.2001 1086.0 188
103.5571 1086.0 188
103.9032 1088.0 188
104.9359 1092.0 188
105.4193 1894.0 188
105.8093 1890.0 188
106.1554 1888.0 188
106.5125 1884.0 188
106.8585 1880.0 188
107.1991 1874.0 188
107.5452 1870.0 188
107.8857 1868.0 188
108.2318 1864.0 188
108.5779 1860.0 188
108.9185 1856.0 188
109.2810 1854.0 188
109.6216 1850.0 188
109.9677 1846.0 188
110.3082 1840.0 188
110.6543 1838.0 188
110.9949 1836.0 188
111.3409 1832.0 188
111.6870 1830.0 188
112.0441 1826.0 188
112.3901 1824.0 188
112.7307 1822.0 188
113.0768 1822.0 188
113.4174 1818.0 188
113.7634 1816.0 188
114.1040 1812.0 188
114.4501 1810.0 188
114.8071 1808.0 188
115.1532 1806.0 188
115.4993 1804.0 188
115.8398 1802.0 188
116.1859 1802.0 188
116.5265 1800.0 188
116.8726 1796.0 188
117.2186 1792.0 188
117.5757 1790.0 188
117.9218 1790.0 188
118.2623 1790.0 188
118.6084 1786.0 188
118.9490 1786.0 188
119.2950 1784.0 188
119.6356 1780.0 188
119.9817 1780.0 188
120.3387 1780.0 188
120.6848 1778.0 188
121.0309 1780.0 188
121.3715 1780.0 188
121.7175 1776.0 188
122.0581 1774.0 188
122.4042 1774.0 188
122.7448 1772.0 188
123.1073 1774.0 188
123.4479 1774.0 188
123.7939 1774.0 188
124.1400 1772.0 188
124.4806 1772.0 188
124.8267 1772.0 188
125.1672 1772.0 188
125.5133 1772.0 188
125.8704 1772.0 188
126.2164 1772.0 188
126.5625 1772.0 188
126.9031 1772.0 188
127.2491 1772.0 188
127.5897 1772.0 188
127.9358 1772.0 188
128.2764 1772.0 188
128.6389 1772.0 188
128.9795 1772.0 188
129.3256 1772.0 188
129.6716 1774.0 188
130.0122 1776.0 188
130.3583 1776.0 188
130.6989 1776.0 188
131.0449 1778.0 188
131.4020 1778.0 188
131.7480 1778.0 188
132.0886 1780.0 188
132.4347 1782.0 188
132.7808 1784.0 188
133.1213 1784.0 188
133.4674 1784.0 188
133.8080 1786.0 188
134.1705 1790.0 188
134.5111 1790.0 188
134.8572 1792.0 188
135.1978 1796.0 188
135.5438 1798.0 188
135.8899 1798.0 188
136.2305 1800.0 188
136.5765 1802.0 188
136.9171 1806.0 188
137.2632 1808.0 188
137.6202 1810.0 188
137.9663 1812.0 188
138.3124 1814.0 188
138.6530 1816.0 188
138.9990 1820.0 188
139.3396 1822.0 188
139.6857 1824.0 188
140.0262 1826.0 188
140.3723 1828.0 188
140.7184 1832.0 188
141.0590 1836.0 188
141.4050 1838.0 188
141.7621 1842.0 188
142.1082 1846.0 188
142.4487 1848.0 188
142.7948 1852.0 188
143.1354 1856.0 188
144.4373 1004.0 188
145.4974 1894.0 188
145.9039 1886.0 188
146.2500 1890.0 188
146.5302 1892.0 188
146.8707 1896.0 188
147.2168 1900.0 188
147.5574 1904.0 188
147.9034 1908.0 188
148.2605 1914.0 188
148.6066 1920.0 188
148.9526 1940.0 188
150.6665 1942.0 188
151.0126 1950.0 188
152.7484 1972.0 188
153.0890 1998.0 188
153.4351 1998.0 188
153.7811 2006.0 188
154.1217 2012.0 188
154.4678 2020.0 188
154.8083 2026.0 188
155.1544 2028.0 188
155.4950 2036.0 188
156.3080 1746.0 188
156.6541 1744.0 188
157.3407 1744.0 188
158.2031 2100.0 188
159.2468 2108.0 188
159.9335 2136.0 188
160.2795 2144.0 188
160.6201 2152.0 188
160.9662 2164.0 188
161.3123 2176.0 188
161.6528 2184.0 188
161.9989 2192.0 188
162.3395 2204.0 188
163.8885 1214.0 188
164.3555 2276.0 188
164.7015 2276.0 188
165.4047 2284.0 188
166.1353 1372.0 188
166.4813 1378.0 188
166.8274 1372.0 188
167.1680 1374.0 188
167.5140 1376.0 188
167.8546 1376.0 188
168.2007 1378.0 188
168.8873 1388.0 188
169.8871 2456.0 188
170.1672 2472.0 188
170.5298 2492.0 188
170.8704 2508.0 188
171.5625 2520.0 188
172.1997 9920.0 188
172.5458 9928.0 188
172.8864 9920.0 188
173.2489 9920.0 188
173.5895 9912.0 188
173.9355 9904.0 188
174.2761 9920.0 188
174.6222 9928.0 188
174.9683 9928.0 188
175.3088 9920.0 188
175.6549 9936.0 188
176.3580 9944.0 188
178.6212 992.0 188
178.4180 9936.0 188
180.1538 10408.0 188
180.4999 10440.0 188
181.5436 10384.0 188
184.9988 10976.0 188
185.3394 11048.0 188
185.6854 11032.0 188
186.8390 4992.0 188
187.1851 4952.0 188
187.5311 4920.0 188
187.9321 4896.0 188
188.2782 4888.0 188
188.6243 4880.0 188
188.9648 4872.0 188
189.3109 4880.0 188
189.6515 4896.0 188
189.9481 4928.0 188
190.2942 4968.0 188
190.9808 5016.0 188
196.7487 11160.0 188
197.0892 11432.0 188
197.4353 11448.0 188
198.1384 10872.0 188
199.1711 10896.0 188
203.3240 10792.0 188
205.3894 10856.0 188
207.4658 10376.0 188
209.3115 5064.0 188
209.6521 5032.0 188
209.9982 5000.0 188
210.3387 4968.0 188
210.6848 4928.0 188
211.0913 4872.0 188
211.4374 4816.0 188
211.7780 4768.0 188
212.1405 4728.0 188
212.4811 4688.0 188
212.8271 4632.0 188
213.1677 4584.0 188
213.5138 4552.0 188
213.8544 4520.0 188
214.2004 4512.0 188
214.5575 4552.0 188
214.9036 4584.0 188
215.2496 4600.0 188
215.5902 4616.0 188
215.9363 4624.0 188
216.2769 4632.0 188
216.6229 4656.0 188
216.9800 4688.0 188
217.3260 4704.0 188
217.6666 4720.0 188
218.0127 4744.0 188
218.3588 4776.0 188
218.6993 4792.0 188
219.0454 4824.0 188
219.3860 4848.0 188
219.7485 4872.0 188
220.0891 4904.0 188
220.3748 4944.0 188
220.7153 4992.0 188
221.0779 5000.0 188
221.4185 5016.0 188
221.7645 5072.0 188
222.1051 5104.0 188
222.4512 5192.0 188
222.7917 5232.0 188
223.1378 5208.0 188
223.4839 5232.0 188
223.8409 5280.0 188
224.1870 5320.0 188
224.5276 5360.0 188
225.3241 3744.0 188
225.6702 3728.0 188
226.0272 3712.0 188
226.3733 3688.0 188
226.7139 3668.0 188
227.0599 3656.0 188
227.4060 3636.0 188
227.7466 3620.0 188
228.0927 3608.0 188
228.4497 3588.0 188
228.7958 3564.0 188
229.1364 3552.0 188
229.4824 3540.0 188
229.8230 3528.0 188
230.1691 3516.0 188
230.5756 3504.0 188
230.9216 3492.0 188
231.2622 3476.0 188
231.6083 3460.0 188
231.9489 3448.0 188
232.3114 3432.0 188
232.6520 3420.0 188
232.9980 3400.0 188
233.3386 3380.0 188
233.6847 3368.0 188
234.0308 3352.0 188
234.3713 3344.0 188
234.7339 3340.0 188
235.0745 3340.0 188
235.4205 3364.0 188
235.7611 3400.0 188
236.1072 3436.0 188
236.4478 3472.0 188
236.7499 3516.0 188
237.0905 3560.0 188
237.4365 3600.0 188
237.7771 3640.0 188
238.1396 3684.0 188
238.4802 3740.0 188
238.8263 3792.0 188
239.1669 3848.0 188
239.5129 3920.0 188
239.8590 3976.0 188
240.2161 4016.0 188
240.5621 4052.0 188
240.9027 4080.0 188
241.1829 4128.0 188
241.5454 4200.0 188
241.8860 4272.0 188
242.2321 4344.0 188
242.5781 4400.0 188
242.9187 4464.0 188
243.2648 4536.0 188
243.6053 4616.0 188
243.9679 4680.0 188
244.3085 4728.0 188
244.6545 4736.0 188
244.9951 4720.0 188
245.3412 4720.0 188
245.6873 4720.0 188
246.0443 4704.0 188
246.3904 4696.0 188
246.7310 4688.0 188
247.0770 4680.0 188
247.4176 4672.0 188
247.7637 4672.0 188
248.1207 4656.0 188
248.4668 4640.0 188
248.8074 4632.0 188
249.1534 4624.0 188
249.4995 4616.0 188
249.8401 4624.0 188
250.1862 4608.0 188
250.5432 4600.0 188
250.8893 4600.0 188
251.2299 4592.0 188
251.5759 4584.0 188
251.9165 4576.0 188
252.2626 4576.0 188
252.6196 4576.0 188
252.9657 4560.0 188
253.3118 4592.0 188
253.6523 4672.0 188
253.9984 4752.0 188
254.3390 4840.0 188
254.6851 4824.0 188
255.3278 5144.0 188
255.6683 5240.0 188
256.3715 5224.0 188
256.7175 5632.0 188
257.0581 5736.0 188
257.4042 5720.0 188
258.0908 5896.0 188
258.4479 5904.0 188
259.4806 5856.0 188
260.5298 5880.0 188
261.9031 5800.0 188
262.2491 5792.0 188
262.6062 5792.0 188
262.9523 5792.0 188
263.2928 5800.0 188
263.6389 5792.0 188
263.9795 5768.0 188
264.3256 5768.0 188
264.6716 5760.0 188
265.0287 5752.0 188
265.3748 5760.0 188
265.7153 5760.0 188
266.0614 5744.0 188
266.4020 5736.0 188
266.7480 5728.0 188
267.1051 5712.0 188
267.4512 5712.0 188
267.7917 5720.0 188
268.1378 5712.0 188
268.4839 5712.0 188
268.8245 5704.0 188
269.1705 5704.0 188
269.5111 5712.0 188
269.8737 5696.0 188
270.2142 5680.0 188
270.5603 5688.0 188
270.9009 5672.0 188
271.2469 5664.0 188
271.5930 5680.0 188
271.9336 5688.0 188
272.2797 5688.0 188
272.6367 5688.0 188
272.9828 5688.0 188
273.3234 5696.0 188
273.6694 5704.0 188
274.0155 5712.0 188
274.3561 5720.0 188
274.7021 5720.0 188
275.0427 5672.0 188
275.4053 5688.0 188
275.7458 5728.0 188
276.0919 5720.0 188
276.4325 5720.0 188
276.7786 5720.0 188
277.1246 5728.0 188
277.4652 5728.0 188
277.8113 5728.0 188
278.1683 5736.0 188
278.5144 5744.0 188
278.8550 5752.0 188
279.2010 5768.0 188
279.5416 5768.0 188
279.8877 5768.0 188
280.2338 5776.0 188
280.5743 5792.0 188
280.9369 5800.0 188
281.2775 5808.0 188
281.6235 5816.0 188
281.9641 5824.0 188
282.3102 5832.0 188
282.6563 5832.0 188
282.9968 5832.0 188
283.3429 5848.0 188
283.7000 5872.0 188
284.0460 5888.0 188
284.3866 5896.0 188
284.7327 5912.0 188
285.0732 5920.0 188
285.4193 5928.0 188
285.7654 5928.0 188
286.1060 5944.0 188
286.4685 5960.0 188
286.8091 5952.0 188
287.1552 5960.0 188
287.4957 5976.0 188
287.8418 5976.0 188
288.1824 5976.0 188
288.5284 5992.0 188
288.8745 6000.0 188
289.2316 6008.0 188
289.5776 6024.0 188
289.9182 6032.0 188
290.6049 6048.0 188
291.2915 6072.0 188
291.6376 6064.0 188
291.9946 6120.0 188
292.6868 6024.0 188
293.0273 6024.0 188
293.3734 5944.0 188
293.7140 5856.0 188
294.7632 5776.0 188
295.1093 5512.0 188
295.4498 5464.0 188
295.7959 5384.0 188
296.1365 5304.0 188
296.4825 5288.0 188
296.8231 5320.0 188
297.1692 5344.0 188
297.5262 5360.0 188
297.8723 5384.0 188
298.2184 5400.0 188
298.5590 5424.0 188
298.9050 5432.0 188
299.2456 5456.0 188
299.5917 5480.0 188
299.9323 5504.0 188
300.2948 5520.0 188
300.6354 5544.0 188
300.9814 5560.0 188
301.3275 5584.0 188
301.6681 5608.0 188
302.0142 5632.0 188
302.3712 5656.0 188
302.7173 5688.0 188
303.0579 5712.0 188
303.4039 5752.0 188
303.7500 5784.0 188
304.0906 5816.0 188
304.4531 5848.0 188
304.7937 5824.0 188
305.1398 5768.0 188
305.4803 5728.0 188
305.8264 5688.0 188
306.1670 5648.0 188
306.5295 5608.0 188
306.8701 5568.0 188
307.2162 5528.0 188
307.5623 5488.0 188
307.9028 5456.0 188
308.2489 5416.0 188
308.6060 5392.0 188
308.9520 5352.0 188
309.2926 5296.0 188
309.6387 5280.0 188
309.9792 5248.0 188
310.3253 5184.0 188
310.6824 5160.0 188
311.0284 5120.0 188
311.3745 5080.0 188
311.7151 5056.0 188
312.0612 5040.0 188
312.4017 5024.0 188
312.7643 4992.0 188
313.1049 4968.0 188
313.4509 4944.0 188
313.7915 4920.0 188
314.1980 4880.0 188
314.5441 4840.0 188
314.8901 4816.0 188
315.2307 4784.0 188
315.5768 4760.0 188
316.6040 2208.0 188
316.9501 2184.0 188
317.3071 2168.0 188
317.6532 2156.0 188
317.9993 2140.0 188
318.3398 2128.0 188
318.6859 2120.0 188
319.0265 2120.0 188
319.3890 2116.0 188
319.7296 2108.0 188
320.0757 2104.0 188
320.4218 2100.0 188
320.7623 2100.0 188
321.1084 2100.0 188
321.4655 2104.0 188
321.8115 2104.0 188
322.1521 2108.0 188
322.4982 2116.0 188
322.8387 2120.0 188
323.1848 2124.0 188
323.5419 2136.0 188
323.8879 2148.0 188
324.2340 2160.0 188
324.5746 2176.0 188
324.9207 2196.0 188
325.2612 2232.0 188
326.2006 6184.0 188
326.5576 6208.0 188
326.9037 6280.0 188
327.2498 6344.0 188
327.5903 6408.0 188
327.9364 6480.0 188
328.2770 6552.0 188
328.6395 6648.0 188
328.9801 6752.0 188
329.3262 6824.0 188
329.9634 10376.0 188
330.3094 10304.0 188
330.9961 10656.0 188
331.6827 11168.0 188
332.0453 11272.0 188
332.3859 11240.0 188
333.0780 11104.0 188
333.7646 11536.0 188
334.1217 11704.0 188
334.4678 11768.0 188
335.1050 15624.0 188
335.4510 15640.0 188
335.7916 15512.0 188
336.1377 15448.0 188
336.4838 15464.0 188
336.8408 15464.0 188
337.1869 15432.0 188
338.2141 15328.0 188
339.0271 6280.0 188
339.3732 6184.0 188
339.7797 6064.0 188
340.1202 5960.0 188
340.4663 5904.0 188
340.8124 5832.0 188
341.1694 5760.0 188
341.5155 5720.0 188
341.8561 5672.0 188
342.2021 5608.0 188
342.5427 5568.0 188
342.9053 5528.0 188
343.2458 5496.0 188
343.5919 5472.0 188
343.9325 5464.0 188
344.2786 5440.0 188
344.6246 5416.0 188
344.9817 5392.0 188
345.3278 5360.0 188
345.6683 5344.0 188
346.0144 5312.0 188
346.3550 5296.0 188
346.7175 5272.0 188
347.0581 5240.0 188
347.4042 5224.0 188
347.7448 5208.0 188
348.0908 5192.0 188
348.4479 5176.0 188
348.7939 5152.0 188
349.1400 5136.0 188
349.4806 5128.0 188
349.8267 5120.0 188
350.1672 5104.0 188
350.5298 5104.0 188
350.8704 5096.0 188
351.2164 5088.0 188
351.5625 5080.0 188
