#RPLIDAR SCAN DATA
#COUNT=758
#Angule	Distance	Quality
352.3096 2208.0 188
352.6666 2204.0 188
353.0127 2200.0 188
353.3588 2200.0 188
353.6993 2192.0 188
354.0454 2188.0 188
354.3860 2188.0 188
354.7321 2184.0 188
355.0781 2180.0 188
355.4187 2184.0 188
355.7648 2180.0 188
356.1053 2180.0 188
356.4514 2176.0 188
356.7920 2176.0 188
357.1381 2176.0 188
357.4841 2172.0 188
357.8247 2172.0 188
358.1873 2172.0 188
358.5278 2172.0 188
358.8739 2172.0 188
359.2145 2168.0 188
359.5605 2168.0 188
359.9011 2168.0 188
0.2472 2168.0 188
0.5933 2164.0 188
0.9338 2164.0 188
1.2799 2164.0 188
1.6205 2164.0 188
1.9666 2164.0 188
2.3071 2164.0 188
2.6532 2168.0 188
3.3563 2180.0 188
10.4370 8328.0 188
10.7776 8312.0 188
11.1237 8296.0 188
11.4642 8296.0 188
11.8103 8296.0 188
12.1509 8328.0 188
16.2927 11944.0 188
28.0261 8848.0 188
28.7183 9384.0 188
29.0588 9416.0 188
29.4049 9416.0 188
29.7455 9352.0 188
30.7782 9304.0 188
31.9373 5896.0 188
32.2778 5912.0 188
32.8546 9048.0 188
37.1228 5880.0 188
38.8586 4992.0 188
39.1992 4992.0 188
39.5618 4992.0 188
39.9023 4992.0 188
40.2484 5000.0 188
40.5890 4992.0 188
40.9351 4984.0 188
41.2921 4992.0 188
41.6382 4992.0 188
41.9843 4992.0 188
42.3248 4992.0 188
42.6709 4992.0 188
43.0280 5000.0 188
43.3740 5000.0 188
43.7146 4992.0 188
44.0607 5000.0 188
44.4012 5008.0 188
45.4340 2260.0 188
45.8405 2228.0 188
46.1865 2204.0 188
46.5271 2184.0 188
46.8896 2176.0 188
47.2302 2164.0 188
47.5763 2156.0 188
47.9169 2148.0 188
48.2629 2140.0 188
48.6200 2136.0 188
48.9661 2136.0 188
49.3121 2136.0 188
49.6527 2132.0 188
49.9988 2132.0 188
50.3558 2132.0 188
50.7019 2136.0 188
51.0425 2136.0 188
51.3885 2140.0 188
51.7291 2148.0 188
52.0917 2152.0 188
52.4323 2164.0 188
52.7783 2172.0 188
53.1244 2184.0 188
53.4650 2200.0 188
53.8275 2220.0 188
54.1077 2256.0 188
55.1514 5144.0 188
55.5139 5144.0 188
55.8545 5160.0 188
56.2006 5168.0 188
56.5466 5176.0 188
56.8872 5184.0 188
57.2498 5192.0 188
57.5903 5200.0 188
57.9364 5208.0 188
58.2770 5224.0 188
58.6230 5232.0 188
58.9801 5240.0 188
59.3262 5264.0 188
60.0128 5280.0 188
60.3589 5832.0 188
60.7159 5840.0 188
61.0620 5864.0 188
61.4026 5880.0 188
61.7487 5896.0 188
62.0892 5904.0 188
62.4518 5920.0 188
63.1384 5928.0 188
64.0613 9024.0 188
65.7916 10240.0 188
66.1542 10312.0 188
67.1869 10328.0 188
68.2141 10248.0 188
70.2301 14368.0 188
71.0925 5120.0 188
71.4331 5072.0 188
71.7792 5048.0 188
72.1198 5032.0 188
72.4658 5024.0 188
72.8119 5016.0 188
73.1525 5016.0 188
73.4985 5024.0 188
73.8391 5040.0 188
74.2017 5064.0 188
74.5422 5088.0 188
75.4047 13208.0 188
76.4374 13904.0 188
78.2776 8192.0 188
78.6237 8184.0 188
78.9642 8184.0 188
79.3103 8168.0 188
79.6509 8168.0 188
79.9969 8176.0 188
80.6396 8296.0 188
81.6669 11184.0 188
82.0129 11184.0 188
82.3590 11200.0 188
82.6996 11328.0 188
83.3423 13696.0 188
83.6829 13592.0 188
84.0289 13784.0 188
84.7156 13976.0 188
85.0616 13480.0 188
85.7483 13520.0 188
86.0889 14456.0 188
86.4349 14520.0 188
86.7810 14464.0 188
87.8247 14408.0 188
88.1708 14440.0 188
88.5114 14528.0 188
88.8574 14344.0 188
89.1980 14296.0 188
89.5441 14448.0 188
89.8901 14520.0 188
90.9174 14496.0 188
92.0105 9424.0 188
93.0432 9496.0 188
94.0265 14464.0 188
95.1196 9584.0 188
96.1523 8352.0 188
97.1851 11632.0 188
97.5311 11528.0 188
98.2178 10008.0 188
99.2615 9768.0 188
99.6075 8736.0 188
99.9481 8560.0 188
100.2942 8368.0 188
100.6403 8280.0 188
101.3269 8312.0 188
105.8093 8872.0 188
106.1554 8680.0 188
106.4960 8512.0 188
106.8420 8352.0 188
107.2321 8176.0 188
107.5891 8056.0 188
107.9352 7920.0 188
108.2813 7792.0 188
108.6218 7744.0 188
108.9679 7808.0 188
109.3085 7832.0 188
109.6545 7784.0 188
109.9951 7808.0 188
110.3412 7816.0 188
110.6873 7840.0 188
111.0278 7896.0 188
111.3739 7952.0 188
111.7145 7992.0 188
112.0605 8024.0 188
112.4011 8040.0 188
112.7472 8056.0 188
113.0933 8088.0 188
113.4338 8112.0 188
113.7799 8112.0 188
114.1370 8144.0 188
114.4830 8176.0 188
114.7632 8208.0 188
115.1093 8224.0 188
115.4498 8256.0 188
115.7959 8264.0 188
116.1365 8232.0 188
116.4825 8208.0 188
116.8231 8232.0 188
117.1692 8256.0 188
117.5153 8264.0 188
117.8558 8296.0 188
118.2184 8328.0 188
118.5590 8344.0 188
118.9050 8376.0 188
119.2456 8424.0 188
119.5917 8472.0 188
119.9323 8512.0 188
120.2783 8560.0 188
120.6244 8584.0 188
120.9650 8624.0 188
121.3110 8664.0 188
121.6516 8680.0 188
121.9977 8720.0 188
122.3438 8760.0 188
122.6843 8816.0 188
123.0304 8864.0 188
123.3710 8888.0 188
123.7170 8920.0 188
124.0576 8952.0 188
124.4037 8968.0 188
124.7607 8992.0 188
125.1068 9016.0 188
125.4529 9056.0 188
125.7935 9072.0 188
126.1395 9080.0 188
126.4801 9104.0 188
127.1667 9128.0 188
127.6227 5800.0 188
127.9688 5752.0 188
128.3093 5696.0 188
128.6554 5648.0 188
128.9960 5608.0 188
129.3420 5568.0 188
129.6826 5528.0 188
130.0287 5504.0 188
130.3857 5480.0 188
130.7318 5448.0 188
131.0779 5416.0 188
131.4185 5384.0 188
131.7645 5352.0 188
132.1051 5304.0 188
132.4512 5256.0 188
132.7917 5216.0 188
133.1378 5176.0 188
133.4839 5160.0 188
133.8245 5128.0 188
134.1705 5088.0 188
134.5111 5064.0 188
134.8572 5048.0 188
135.1978 5024.0 188
135.5438 4992.0 188
135.8899 4960.0 188
136.2305 4936.0 188
136.6370 4904.0 188
136.9830 4872.0 188
137.3236 4848.0 188
137.6697 4832.0 188
138.0103 4800.0 188
138.3563 4760.0 188
138.7024 4736.0 188
139.0430 4720.0 188
139.3890 4696.0 188
139.7296 4680.0 188
140.0757 4656.0 188
140.4218 4640.0 188
140.7623 4624.0 188
141.1084 4600.0 188
141.4490 4648.0 188
141.7950 4640.0 188
142.1356 4560.0 188
142.4817 4528.0 188
142.8278 4512.0 188
143.1683 4488.0 188
143.5144 4464.0 188
143.8550 4448.0 188
144.2010 4432.0 188
144.5416 4416.0 188
144.8877 4392.0 188
145.2338 4384.0 188
145.5743 4360.0 188
145.9204 4344.0 188
146.2610 4328.0 188
146.6071 4312.0 188
146.9531 4288.0 188
147.2937 4272.0 188
147.6398 4248.0 188
147.9803 4256.0 188
148.3264 4288.0 188
148.6670 4328.0 188
149.0131 4360.0 188
149.3591 4392.0 188
149.6997 4432.0 188
150.0458 4488.0 188
150.3864 4552.0 188
150.7324 4600.0 188
151.0730 4640.0 188
152.4518 4720.0 188
152.7924 4728.0 188
153.1384 4736.0 188
153.4790 4744.0 188
153.8251 4736.0 188
154.1711 4720.0 188
154.5117 4728.0 188
154.8578 4728.0 188
155.1984 4744.0 188
155.5444 4752.0 188
155.8905 4760.0 188
156.2311 4768.0 188
156.5771 4736.0 188
157.2638 4704.0 188
158.2965 4712.0 188
158.6371 4176.0 188
158.9832 4176.0 188
159.3237 4176.0 188
159.6698 4168.0 188
160.0104 4160.0 188
160.3564 4160.0 188
160.7025 4152.0 188
161.0431 4160.0 188
161.3892 4160.0 188
161.7297 4152.0 188
162.0758 4144.0 188
162.4219 4128.0 188
162.7625 4128.0 188
163.1085 4120.0 188
163.4491 4112.0 188
164.7784 5024.0 188
165.5145 4784.0 188
165.8551 4776.0 188
166.2012 4776.0 188
166.5417 4768.0 188
166.8878 4752.0 188
167.2339 4752.0 188
167.5745 4752.0 188
167.9370 4744.0 188
168.2776 4736.0 188
168.6237 4728.0 188
168.9642 4728.0 188
169.3103 4728.0 188
169.6509 4792.0 188
175.8417 4712.0 188
183.4058 4264.0 188
183.7463 4232.0 188
184.0924 4208.0 188
185.1196 4144.0 188
186.1523 4104.0 188
194.8096 3924.0 188
195.1556 3920.0 188
195.4962 3920.0 188
195.8423 3896.0 188
196.1829 3868.0 188
196.5289 3860.0 188
196.8750 3852.0 188
197.2156 3836.0 188
197.5616 3824.0 188
197.9022 3824.0 188
198.2483 3820.0 188
198.5889 3820.0 188
198.9349 3820.0 188
199.2810 3812.0 188
199.6216 3812.0 188
199.9677 3808.0 188
200.3082 3800.0 188
200.6543 3792.0 188
201.0114 3740.0 188
201.7474 3504.0 188
202.0935 3508.0 188
202.4341 3500.0 188
202.7802 3500.0 188
203.1372 3500.0 188
203.4833 3496.0 188
203.8239 3492.0 188
204.1699 3488.0 188
204.5105 3488.0 188
204.8566 3496.0 188
205.2026 3492.0 188
205.5432 3480.0 188
205.8893 3476.0 188
206.2299 3468.0 188
206.5759 3476.0 188
206.9165 3484.0 188
207.2626 3480.0 188
207.6086 3480.0 188
207.9657 3472.0 188
208.3118 3468.0 188
208.6523 3472.0 188
208.9984 3460.0 188
209.3390 3472.0 188
209.6851 3484.0 188
210.0311 3480.0 188
210.3717 3484.0 188
210.7178 3472.0 188
211.0583 3468.0 188
211.4044 3472.0 188
211.7450 3472.0 188
212.0911 3472.0 188
212.4371 3472.0 188
212.7942 3476.0 188
213.1403 3480.0 188
213.4808 3484.0 188
213.8269 3484.0 188
214.1675 3488.0 188
214.5135 3492.0 188
214.8541 3492.0 188
215.2002 3488.0 188
215.5463 3504.0 188
215.8868 3512.0 188
216.1835 3516.0 188
216.5735 3512.0 188
216.9196 3504.0 188
217.2162 3520.0 188
217.5623 3528.0 188
217.9028 3524.0 188
218.2489 3528.0 188
218.5895 3524.0 188
218.9355 3548.0 188
219.2761 3556.0 188
219.6222 3540.0 188
219.9683 3572.0 188
220.3253 3568.0 188
220.6714 3540.0 188
221.3580 3552.0 188
221.6986 3560.0 188
222.3853 3568.0 188
222.7313 3580.0 188
223.0774 3576.0 188
223.4180 3580.0 188
223.7640 3592.0 188
224.4507 3604.0 188
224.8077 3612.0 188
225.4999 3636.0 188
225.8405 3656.0 188
226.5271 3660.0 188
227.2137 3620.0 188
227.5598 3584.0 188
227.9059 3604.0 188
228.2465 3632.0 188
228.5925 3672.0 188
228.9331 3648.0 188
229.6362 3596.0 188
230.0262 3248.0 188
230.3723 3212.0 188
230.7184 3176.0 188
231.0590 3144.0 188
231.4050 3116.0 188
231.7621 3084.0 188
232.1521 3044.0 188
232.4982 3016.0 188
232.8387 2992.0 188
233.1848 2964.0 188
233.5309 2928.0 188
233.8715 2896.0 188
234.2340 2872.0 188
234.5746 2848.0 188
234.9207 2820.0 188
235.2612 2792.0 188
235.6073 2768.0 188
235.9479 2748.0 188
236.3434 2720.0 188
236.6840 2700.0 188
237.0465 2676.0 188
237.3871 2656.0 188
237.7332 2632.0 188
238.0737 2604.0 188
238.4198 2584.0 188
238.7604 2564.0 188
239.1064 2548.0 188
239.4525 2528.0 188
239.7931 2504.0 188
240.1392 2484.0 188
240.4797 2472.0 188
240.8862 2456.0 188
241.2323 2436.0 188
241.5729 2412.0 188
241.9189 2396.0 188
242.2650 2376.0 188
242.6056 2372.0 188
242.9517 2372.0 188
243.2922 2372.0 188
243.6383 2380.0 188
243.9844 2388.0 188
244.3250 2396.0 188
244.6710 2408.0 188
245.0116 2420.0 188
245.3577 2432.0 188
245.6982 2444.0 188
245.9949 2460.0 188
246.3409 2476.0 188
246.6870 2492.0 188
247.0276 2512.0 188
247.3737 2536.0 188
249.6204 3824.0 188
250.3125 3832.0 188
251.0596 14272.0 188
251.4056 14160.0 188
252.0923 13560.0 188
252.4329 13712.0 188
253.1250 13720.0 188
254.1687 13784.0 188
260.4803 7208.0 188
260.8264 7056.0 188
261.1670 7016.0 188
261.5131 7024.0 188
261.8591 7032.0 188
262.1997 7088.0 188
262.5458 7048.0 188
263.6829 2156.0 188
264.0289 2152.0 188
264.3750 2148.0 188
264.7156 2144.0 188
265.0616 2140.0 188
267.1216 2180.0 188
267.4677 2172.0 188
267.8082 2164.0 188
268.1543 2160.0 188
268.4949 2160.0 188
268.8409 2152.0 188
269.1870 2148.0 188
269.5276 2144.0 188
269.8737 2136.0 188
270.2142 2136.0 188
270.5603 2128.0 188
270.9009 2124.0 188
271.2469 2120.0 188
271.5930 2116.0 188
271.9336 2112.0 188
272.2797 2108.0 188
272.6202 2108.0 188
272.9663 2104.0 188
273.3124 2096.0 188
273.6530 2088.0 188
273.9990 2088.0 188
274.3396 2084.0 188
274.6857 2076.0 188
275.0427 2072.0 188
275.3888 2072.0 188
275.7294 2068.0 188
276.0754 2068.0 188
276.4215 2064.0 188
276.7621 2064.0 188
277.1082 2060.0 188
277.4487 2060.0 188
277.7948 2052.0 188
278.1848 2048.0 188
278.5309 2048.0 188
278.8715 2048.0 188
279.2175 2046.0 188
279.5581 2040.0 188
279.9042 2036.0 188
280.2448 2036.0 188
280.5908 2036.0 188
280.9369 2036.0 188
281.2775 2034.0 188
281.6235 2030.0 188
281.9806 2026.0 188
282.3267 2024.0 188
282.6672 2022.0 188
283.0133 2024.0 188
283.3594 2022.0 188
283.7000 2020.0 188
284.0460 2018.0 188
284.3866 2016.0 188
284.7327 2016.0 188
285.0732 2012.0 188
285.4193 2012.0 188
285.7654 2012.0 188
286.1060 2010.0 188
286.4520 2010.0 188
286.7926 2012.0 188
287.1387 2010.0 188
287.4792 2010.0 188
287.8253 2010.0 188
288.1714 2008.0 188
288.5120 2008.0 188
288.8580 2004.0 188
289.1986 2004.0 188
289.5447 2008.0 188
289.8853 2010.0 188
290.2313 2012.0 188
290.5774 2008.0 188
290.9180 2004.0 188
291.9507 2002.0 188
292.2968 1958.0 188
292.6373 1938.0 188
292.9834 1938.0 188
293.3240 1952.0 188
294.0106 1946.0 188
295.1093 1876.0 188
295.4498 1802.0 188
295.7959 1788.0 188
296.1365 1790.0 188
296.4825 1794.0 188
296.8231 1796.0 188
297.1692 1798.0 188
297.5153 1800.0 188
297.8558 1804.0 188
298.2019 1808.0 188
298.5425 1814.0 188
298.8885 1818.0 188
299.2291 1828.0 188
299.5917 1830.0 188
299.9323 1826.0 188
300.2783 1830.0 188
300.6244 1834.0 188
300.9650 1840.0 188
301.3110 1846.0 188
301.6516 1848.0 188
301.9977 1852.0 188
302.3438 1858.0 188
302.7008 1862.0 188
303.0469 1866.0 188
303.3875 1872.0 188
303.7335 1882.0 188
304.0741 1888.0 188
304.4202 1886.0 188
304.7168 1892.0 188
305.0574 1900.0 188
305.4034 1906.0 188
305.7495 1910.0 188
306.0901 1916.0 188
306.4362 1920.0 188
306.7767 1926.0 188
307.1228 1932.0 188
307.4799 1942.0 188
307.8259 1948.0 188
308.1665 1950.0 188
308.5126 1956.0 188
308.8586 1964.0 188
309.1992 1976.0 188
309.5453 1982.0 188
309.8859 1986.0 188
310.2484 1996.0 188
310.5890 2004.0 188
310.9351 2010.0 188
311.2811 2022.0 188
311.6217 2032.0 188
311.9678 2036.0 188
312.3083 2044.0 188
312.6050 2052.0 188
312.9510 2060.0 188
313.2916 2072.0 188
313.6377 2084.0 188
313.9838 2088.0 188
314.3243 2096.0 188
314.6704 2108.0 188
315.0275 2120.0 188
315.3735 2128.0 188
315.7141 2140.0 188
316.0602 2152.0 188
316.4063 2160.0 188
316.7468 2172.0 188
317.0929 2180.0 188
317.4335 2192.0 188
317.7795 2208.0 188
318.1366 2220.0 188
318.4827 2232.0 188
318.7628 2240.0 188
319.1089 2256.0 188
319.4495 2268.0 188
319.8120 2280.0 188
320.1526 2292.0 188
320.4987 2312.0 188
320.8392 2328.0 188
321.1853 2340.0 188
321.5259 2356.0 188
321.8719 2368.0 188
322.2180 2380.0 188
322.5586 2400.0 188
322.9211 2416.0 188
323.2617 2436.0 188
323.6078 2456.0 188
323.8879 2472.0 188
324.2340 2488.0 188
324.5911 2508.0 188
324.9371 2524.0 188
325.2777 2544.0 188
325.6238 2568.0 188
325.9644 2588.0 188
326.3104 2608.0 188
326.6510 2628.0 188
326.9971 2652.0 188
327.3431 2648.0 188
327.7002 2620.0 188
328.0463 2612.0 188
328.3868 2596.0 188
328.7329 2588.0 188
329.0735 2580.0 188
329.4196 2568.0 188
329.7656 2556.0 188
330.1062 2544.0 188
330.4688 2536.0 188
330.8093 2528.0 188
331.1554 2516.0 188
331.4960 2508.0 188
331.8420 2500.0 188
332.1826 2492.0 188
332.5287 2488.0 188
332.8748 2480.0 188
333.2153 2464.0 188
333.6218 2456.0 188
333.9679 2448.0 188
334.3085 2440.0 188
334.6545 2432.0 188
334.9951 2428.0 188
335.3412 2420.0 188
335.6873 2416.0 188
336.5442 1868.0 188
336.8903 1870.0 188
337.2308 1866.0 188
337.5769 1860.0 188
337.9175 1856.0 188
338.2635 1850.0 188
338.6041 1854.0 188
339.6368 1870.0 188
340.1532 2328.0 188
340.4993 2324.0 188
340.8398 2320.0 188
341.2024 2312.0 188
341.5430 2308.0 188
341.8890 2300.0 188
342.2296 2292.0 188
342.5757 2296.0 188
342.9218 2320.0 188
343.2623 2364.0 188
343.6084 2404.0 188
344.2950 2288.0 188
344.6356 2284.0 188
344.9817 2276.0 188
345.3278 2276.0 188
345.6683 2272.0 188
346.0144 2268.0 188
346.3550 2264.0 188
346.7010 2264.0 188
347.0416 2260.0 188
347.3877 2260.0 188
347.7338 2260.0 188
348.0743 2256.0 188
348.4204 2252.0 188
348.7610 2248.0 188
349.1071 2244.0 188
349.4641 2236.0 188
349.8541 2228.0 188
350.2002 2224.0 188
350.5463 2224.0 188
350.8868 2220.0 188
351.2329 2216.0 188
351.5735 2212.0 188
351.9196 2208.0 188
