#RPLIDAR SCAN DATA
#COUNT=1052
#Angule	Distance	Quality
351.9525 4160.0 188
352.2656 4168.0 188
352.5897 4176.0 188
352.9193 4184.0 188
353.2324 4192.0 188
353.5620 4208.0 188
353.8861 4216.0 188
354.5288 4232.0 188
355.4956 4256.0 188
355.8252 4280.0 188
356.1548 4296.0 188
356.4679 4312.0 188
357.7643 4360.0 188
358.0884 4376.0 188
358.4015 4392.0 188
358.7311 4400.0 188
359.0607 4408.0 188
359.3903 4424.0 188
359.6979 4440.0 188
0.0275 4456.0 188
0.3571 4464.0 188
0.6702 4488.0 188
0.9998 4472.0 188
1.3239 4408.0 188
1.6370 4368.0 188
1.9666 4344.0 188
2.2961 4320.0 188
2.6093 4288.0 188
2.9333 4240.0 188
3.2629 4192.0 188
3.5760 4168.0 188
3.9056 4136.0 188
4.2297 4104.0 188
4.6088 4080.0 188
4.9329 4056.0 188
5.2625 4032.0 188
5.5756 4000.0 188
5.9052 3968.0 188
6.2292 3936.0 188
6.5424 3908.0 188
6.8719 3900.0 188
7.2015 3900.0 188
7.5146 3920.0 188
7.8387 3944.0 188
8.1683 3960.0 188
8.4814 3984.0 188
8.8110 3996.0 188
9.1406 4012.0 188
9.4482 4032.0 188
9.7778 4044.0 188
10.1074 4064.0 188
10.4370 4084.0 188
10.7446 4096.0 188
11.0138 4120.0 188
11.3434 4144.0 188
11.6675 4168.0 188
11.9806 4184.0 188
12.3102 4216.0 188
12.6398 4248.0 188
12.9529 4272.0 188
13.2770 4296.0 188
13.6066 4312.0 188
13.9362 4336.0 188
14.2493 4360.0 188
14.5734 4376.0 188
14.9030 4392.0 188
15.2325 4424.0 188
15.5457 4456.0 188
15.8698 4488.0 188
16.1993 4528.0 188
16.5289 4568.0 188
16.8420 4592.0 188
17.1716 4624.0 188
17.4957 4656.0 188
17.8253 4688.0 188
18.1384 4704.0 188
18.4680 4728.0 188
18.7921 4760.0 188
19.1217 4800.0 188
19.4348 4832.0 188
19.7644 4856.0 188
20.0885 4896.0 188
20.3577 4936.0 188
20.6873 4976.0 188
21.0114 5000.0 188
21.3245 5024.0 188
21.6541 5064.0 188
21.9836 5104.0 188
22.3077 5152.0 188
22.6208 5176.0 188
22.9504 5208.0 188
23.2800 5256.0 188
23.6041 5312.0 188
23.9172 5352.0 188
24.2468 5392.0 188
24.5764 5424.0 188
24.9060 5480.0 188
25.2136 5536.0 188
25.5432 5584.0 188
25.8728 5616.0 188
26.2024 5656.0 188
26.5155 5712.0 188
26.8396 5768.0 188
27.1692 5816.0 188
27.4988 5864.0 188
27.8119 5928.0 188
28.1360 6016.0 188
28.4656 6096.0 188
28.7292 6168.0 188
29.0588 6224.0 188
29.3884 6256.0 188
29.7015 6304.0 188
30.0311 6352.0 188
30.3552 6400.0 188
30.6848 6464.0 188
30.9979 6528.0 188
31.3275 6624.0 188
31.6516 6720.0 188
31.9812 6808.0 188
32.2943 6880.0 188
32.6239 6968.0 188
32.9480 7032.0 188
33.2776 7064.0 188
33.9203 8160.0 188
34.1840 8240.0 188
34.5135 8384.0 188
34.8431 8528.0 188
35.1563 8632.0 188
35.4803 8728.0 188
36.1395 8800.0 188
36.4526 9336.0 188
36.7767 9432.0 188
37.1063 9528.0 188
40.9021 1972.0 188
41.2317 1960.0 188
41.5613 1962.0 188
41.8854 1974.0 188
42.5281 1978.0 188
44.3573 2448.0 188
45.0110 2312.0 188
45.3241 2260.0 188
45.7141 2204.0 188
46.0437 2164.0 188
46.3568 2124.0 188
46.6864 2080.0 188
47.0599 2038.0 188
47.3895 2004.0 188
47.7136 1976.0 188
48.0267 1944.0 188
48.3563 1912.0 188
48.7299 1882.0 188
49.0594 1856.0 188
49.3890 1832.0 188
49.7186 1808.0 188
50.0262 1786.0 188
50.3558 1764.0 188
50.7294 1738.0 188
51.0590 1716.0 188
51.3885 1696.0 188
51.7017 1676.0 188
52.0313 1658.0 188
52.4048 1638.0 188
52.7344 1622.0 188
53.0585 1606.0 188
53.3881 1584.0 188
53.7012 1566.0 188
54.0308 1550.0 188
54.3549 1538.0 188
54.7339 1524.0 188
55.0580 1506.0 188
55.3876 1492.0 188
55.7007 1478.0 188
56.0303 1466.0 188
56.3544 1454.0 188
56.7334 1438.0 188
57.0575 1422.0 188
57.3706 1410.0 188
57.7002 1400.0 188
58.0298 1390.0 188
58.3594 1378.0 188
58.7329 1366.0 188
59.0625 1354.0 188
59.3701 1346.0 188
59.6997 1338.0 188
60.0293 1326.0 188
60.3424 1314.0 188
60.6665 1304.0 188
60.9961 1298.0 188
61.3696 1290.0 188
61.6992 1280.0 188
62.0288 1270.0 188
62.3419 1262.0 188
62.6715 1254.0 188
62.9956 1248.0 188
63.3252 1240.0 188
63.6383 1230.0 188
64.0283 1222.0 188
64.3414 1216.0 188
64.6710 1210.0 188
64.9951 1204.0 188
65.3082 1194.0 188
65.6378 1188.0 188
65.9674 1182.0 188
66.2915 1178.0 188
66.6705 1170.0 188
66.9946 1162.0 188
67.3077 1156.0 188
67.6373 1152.0 188
67.9669 1148.0 188
68.2800 1140.0 188
68.6041 1134.0 188
68.9337 1126.0 188
69.2633 1122.0 188
69.5764 1118.0 188
69.9664 1112.0 188
70.2795 1106.0 188
70.6091 1102.0 188
70.9332 1098.0 188
71.2628 1092.0 188
71.5759 1086.0 188
71.9055 1082.0 188
72.2296 1078.0 188
72.5427 1074.0 188
72.9327 1068.0 188
73.2458 1064.0 188
73.5754 1058.0 188
73.9050 1056.0 188
74.2291 1052.0 188
74.5422 1048.0 188
74.8718 1042.0 188
75.2014 1038.0 188
75.5145 1036.0 188
75.8386 1032.0 188
76.1682 1028.0 188
76.5417 1024.0 188
76.8713 1020.0 188
77.1844 1018.0 188
77.5140 1014.0 188
77.8436 1010.0 188
78.1512 1006.0 188
78.4808 1002.0 188
78.8104 1000.0 188
79.1235 998.0 188
79.4531 994.0 188
79.7772 990.0 188
80.0903 986.0 188
80.4199 984.0 188
80.7935 982.0 188
81.1230 978.0 188
81.4526 976.0 188
81.7603 974.0 188
82.0898 970.0 188
82.4194 970.0 188
82.7325 966.0 188
83.0621 964.0 188
83.3698 960.0 188
83.6993 958.0 188
84.0289 956.0 188
84.3420 954.0 188
84.6716 952.0 188
84.9957 950.0 188
85.3088 948.0 188
85.6384 946.0 188
86.0120 944.0 188
86.3416 942.0 188
86.6711 940.0 188
86.9843 938.0 188
87.3083 936.0 188
87.6379 934.0 188
87.9510 932.0 188
88.2806 932.0 188
88.6047 930.0 188
88.9178 928.0 188
89.2474 926.0 188
89.5770 924.0 188
89.8901 922.0 188
90.2142 922.0 188
90.5438 920.0 188
90.8569 918.0 188
91.1865 916.0 188
91.4996 916.0 188
91.8237 914.0 188
92.1533 914.0 188
92.4664 912.0 188
92.8564 910.0 188
93.1696 910.0 188
93.4991 908.0 188
93.8232 910.0 188
94.0924 916.0 188
94.4055 930.0 188
94.6692 948.0 188
94.9988 970.0 188
95.2625 994.0 188
95.5920 1018.0 188
96.4819 1404.0 188
96.8115 1406.0 188
97.1356 1406.0 188
97.4487 1410.0 188
97.7783 1414.0 188
98.1079 1416.0 188
98.4210 1418.0 188
98.7451 1420.0 188
99.0747 1422.0 188
99.3878 1428.0 188
99.7174 1434.0 188
100.0415 1442.0 188
100.3546 1446.0 188
100.6238 1452.0 188
100.9479 1458.0 188
101.2775 1468.0 188
101.5906 1474.0 188
101.9202 1482.0 188
102.2498 1496.0 188
102.5574 1510.0 188
102.8870 1530.0 188
104.0131 1852.0 188
104.3262 1848.0 188
104.6558 1846.0 188
104.9799 1844.0 188
105.2930 1842.0 188
105.6226 1838.0 188
105.9521 1834.0 188
106.2653 1832.0 188
106.5894 1830.0 188
106.9189 1828.0 188
107.2485 1826.0 188
107.5616 1824.0 188
107.8857 1822.0 188
108.2153 1822.0 188
108.5284 1820.0 188
108.8580 1818.0 188
109.1821 1814.0 188
109.4952 1810.0 188
109.8248 1808.0 188
110.1544 1806.0 188
110.4840 1802.0 188
110.7916 1802.0 188
111.1212 1804.0 188
111.4508 1802.0 188
111.7639 1800.0 188
112.0935 1800.0 188
112.4176 1800.0 188
112.7472 1798.0 188
113.0603 1794.0 188
113.3899 1792.0 188
113.7140 1792.0 188
114.0271 1792.0 188
114.3567 1792.0 188
114.6863 1792.0 188
114.9994 1792.0 188
115.3235 1788.0 188
115.6531 1786.0 188
115.9827 1788.0 188
116.2958 1788.0 188
116.6199 1786.0 188
116.9495 1788.0 188
117.2626 1786.0 188
117.5922 1784.0 188
117.9218 1786.0 188
118.2458 1786.0 188
118.5590 1786.0 188
118.8885 1784.0 188
119.2181 1784.0 188
119.5313 1784.0 188
119.8553 1788.0 188
120.1849 1788.0 188
120.5145 1788.0 188
120.8276 1786.0 188
121.1517 1786.0 188
121.4813 1788.0 188
121.7944 1788.0 188
122.1240 1786.0 188
122.4481 1790.0 188
122.7612 1788.0 188
123.0908 1788.0 188
123.4204 1788.0 188
123.7500 1790.0 188
124.0576 1792.0 188
124.3872 1790.0 188
124.7168 1792.0 188
125.0299 1794.0 188
125.3540 1796.0 188
125.6836 1796.0 188
126.0132 1794.0 188
126.3263 1796.0 188
126.6559 1800.0 188
126.9800 1802.0 188
127.2931 1802.0 188
127.6227 1804.0 188
127.9523 1806.0 188
128.2764 1808.0 188
128.5895 1810.0 188
128.9191 1810.0 188
129.2487 1810.0 188
129.5618 1816.0 188
129.8859 1818.0 188
130.2155 1824.0 188
130.5286 1826.0 188
130.8582 1824.0 188
131.1823 1826.0 188
131.5118 1830.0 188
131.8250 1832.0 188
132.1545 1832.0 188
132.7917 1836.0 188
133.5114 1184.0 188
133.8409 1178.0 188
134.2145 1170.0 188
134.5441 1160.0 188
134.8737 1150.0 188
135.1868 1142.0 188
135.5109 1134.0 188
135.8405 1126.0 188
136.1536 1118.0 188
136.5436 1108.0 188
136.8567 1106.0 188
137.1863 1110.0 188
137.5104 1112.0 188
137.7795 1118.0 188
138.1091 1124.0 188
138.4167 1130.0 188
138.7463 1134.0 188
139.0759 1140.0 188
139.3890 1148.0 188
139.7186 1154.0 188
140.0427 1160.0 188
140.3558 1166.0 188
140.6854 1170.0 188
140.9491 1176.0 188
141.2787 1184.0 188
141.5918 1190.0 188
141.9214 1196.0 188
142.2455 1204.0 188
142.5586 1210.0 188
142.8882 1218.0 188
143.2178 1224.0 188
143.4814 1230.0 188
143.7946 1238.0 188
144.1241 1246.0 188
144.4482 1256.0 188
144.7614 1262.0 188
145.0909 1268.0 188
145.4205 1276.0 188
145.7336 1286.0 188
145.9973 1296.0 188
146.3269 1304.0 188
146.6510 1312.0 188
146.9641 1322.0 188
147.2937 1332.0 188
147.6233 1344.0 188
147.9364 1354.0 188
148.2605 1362.0 188
148.5297 1372.0 188
148.8593 1384.0 188
149.1669 1396.0 188
149.4965 1406.0 188
149.8260 1416.0 188
150.1392 1428.0 188
150.4688 1440.0 188
150.7324 1454.0 188
151.0620 1466.0 188
151.3696 1476.0 188
151.6992 1490.0 188
152.0288 1506.0 188
152.3419 1520.0 188
152.6715 1534.0 188
152.9352 1548.0 188
153.2648 1564.0 188
153.5779 1582.0 188
153.9020 1594.0 188
154.2316 1610.0 188
154.5447 1628.0 188
154.8083 1646.0 188
155.1379 1668.0 188
155.4675 1686.0 188
155.7806 1704.0 188
156.1047 1724.0 188
156.4343 1746.0 188
156.6980 1770.0 188
157.0111 1790.0 188
157.3407 1810.0 188
157.6703 1836.0 188
157.9834 1860.0 188
158.3075 1886.0 188
158.5767 1912.0 188
158.9063 1938.0 188
159.2139 1966.0 188
159.5435 2000.0 188
159.8730 2036.0 188
160.1367 2066.0 188
160.4663 2096.0 188
160.7794 2140.0 188
161.1090 2192.0 188
161.3727 2236.0 188
161.7023 2280.0 188
162.0154 2336.0 188
162.3395 2392.0 188
162.6086 2460.0 188
163.5754 2528.0 188
165.4980 7048.0 188
165.8276 7064.0 188
166.1353 7080.0 188
166.4648 7096.0 188
166.7944 7112.0 188
167.1075 7128.0 188
167.4371 7144.0 188
167.7612 7160.0 188
168.0743 7184.0 188
168.4039 7200.0 188
168.7335 7216.0 188
169.0466 7224.0 188
169.3707 7240.0 188
169.7003 7256.0 188
170.0134 7264.0 188
170.9802 7288.0 188
172.1832 1800.0 188
172.5128 1796.0 188
172.8424 1804.0 188
173.1555 1812.0 188
173.4796 1814.0 188
175.1825 7520.0 188
175.4956 7536.0 188
175.8252 7544.0 188
176.1548 7552.0 188
176.4679 7576.0 188
176.7920 7600.0 188
177.1216 7616.0 188
177.4347 7648.0 188
177.7643 7680.0 188
178.0884 7704.0 188
178.4015 7736.0 188
178.7311 7768.0 188
179.0607 7792.0 188
179.3738 7824.0 188
179.6979 7848.0 188
180.0275 7856.0 188
180.3406 7880.0 188
180.6702 7880.0 188
180.9998 7904.0 188
181.3074 7920.0 188
181.6370 7928.0 188
181.9501 7984.0 188
182.2797 8000.0 188
182.6093 8024.0 188
182.9169 8056.0 188
183.2465 8088.0 188
183.5760 8128.0 188
183.8892 8144.0 188
184.2188 8160.0 188
184.4824 8208.0 188
184.8120 8232.0 188
185.1196 8288.0 188
185.4492 8344.0 188
185.7788 8328.0 188
186.4215 8328.0 188
187.2949 4096.0 188
187.6080 4060.0 188
187.9321 4016.0 188
188.2617 3952.0 188
188.5748 3900.0 188
188.9044 3860.0 188
189.2340 3824.0 188
189.5416 3784.0 188
189.8712 3736.0 188
190.2008 3688.0 188
190.5139 3640.0 188
190.8435 3600.0 188
191.1676 3564.0 188
191.4807 3532.0 188
191.8707 3492.0 188
192.1838 3456.0 188
192.5134 3420.0 188
192.8265 3380.0 188
193.1561 3348.0 188
193.4802 3320.0 188
193.7933 3288.0 188
194.1229 3252.0 188
194.4525 3220.0 188
194.7656 3188.0 188
195.0897 3160.0 188
195.4193 3136.0 188
195.7324 3104.0 188
196.0620 3076.0 188
196.4355 3044.0 188
196.7651 3016.0 188
197.0892 2996.0 188
197.4023 2972.0 188
197.7319 2944.0 188
198.0615 2916.0 188
198.3746 2896.0 188
198.6987 2876.0 188
199.0283 2848.0 188
199.3414 2828.0 188
199.6710 2808.0 188
199.9841 2784.0 188
200.3082 2764.0 188
200.6378 2740.0 188
201.0114 2716.0 188
201.3409 2696.0 188
201.6541 2676.0 188
201.9836 2664.0 188
202.3077 2644.0 188
202.6208 2620.0 188
202.9504 2596.0 188
203.2800 2580.0 188
203.5931 2568.0 188
203.9172 2548.0 188
204.2468 2532.0 188
204.5599 2516.0 188
204.8895 2496.0 188
205.2136 2484.0 188
205.5267 2472.0 188
205.9058 2456.0 188
206.2299 2436.0 188
206.5594 2424.0 188
206.8726 2408.0 188
207.2021 2396.0 188
207.5262 2380.0 188
207.8394 2364.0 188
208.1689 2352.0 188
208.4985 2340.0 188
208.8116 2324.0 188
209.1357 2312.0 188
209.4653 2300.0 188
209.7784 2288.0 188
210.1080 2272.0 188
210.4321 2260.0 188
210.7452 2248.0 188
211.0748 2240.0 188
211.4484 2228.0 188
211.7780 2216.0 188
212.1075 2204.0 188
212.4207 2192.0 188
212.7448 2176.0 188
213.0579 2164.0 188
213.3875 2160.0 188
213.7170 2152.0 188
214.0302 2140.0 188
214.3542 2128.0 188
214.6838 2120.0 188
214.9969 2108.0 188
215.3265 2100.0 188
215.6561 2092.0 188
215.9637 2080.0 188
216.2933 2072.0 188
216.6229 2064.0 188
216.9360 2056.0 188
217.3260 2044.0 188
217.6392 2038.0 188
217.9688 2032.0 188
218.2928 2024.0 188
218.6060 2012.0 188
218.9355 2004.0 188
219.2651 2000.0 188
220.0781 1568.0 188
220.3857 1554.0 188
220.7153 1544.0 188
221.0889 1536.0 188
221.4185 1532.0 188
221.7316 1530.0 188
222.0612 1524.0 188
222.3853 1518.0 188
222.6984 1514.0 188
223.0280 1510.0 188
223.3575 1504.0 188
223.6707 1500.0 188
223.9948 1494.0 188
224.3243 1490.0 188
224.6375 1486.0 188
224.9670 1480.0 188
225.2966 1476.0 188
225.6042 1472.0 188
225.9338 1468.0 188
226.2634 1464.0 188
226.5765 1462.0 188
226.9061 1458.0 188
227.2302 1452.0 188
227.5433 1448.0 188
227.9333 1446.0 188
228.2465 1440.0 188
228.5760 1436.0 188
228.8892 1434.0 188
229.2188 1432.0 188
229.5428 1428.0 188
229.8560 1424.0 188
230.1855 1420.0 188
230.5151 1418.0 188
230.8228 1414.0 188
231.1523 1410.0 188
231.4819 1406.0 188
231.7950 1402.0 188
232.1246 1402.0 188
232.4487 1398.0 188
232.7618 1394.0 188
233.0914 1392.0 188
233.4210 1390.0 188
233.7341 1386.0 188
234.0582 1384.0 188
234.3878 1382.0 188
234.7009 1378.0 188
235.0305 1378.0 188
235.3436 1374.0 188
235.6677 1372.0 188
235.9973 1370.0 188
236.3708 1366.0 188
236.7004 1364.0 188
237.0135 1364.0 188
237.3431 1360.0 188
237.6672 1358.0 188
237.9803 1356.0 188
238.3099 1354.0 188
238.6230 1352.0 188
238.9526 1350.0 188
239.2767 1350.0 188
239.5898 1348.0 188
239.9194 1346.0 188
240.2490 1344.0 188
240.5621 1342.0 188
240.8862 1340.0 188
241.2158 1338.0 188
241.5289 1338.0 188
241.8585 1336.0 188
242.1826 1334.0 188
242.4957 1334.0 188
242.8253 1332.0 188
243.1549 1330.0 188
243.4680 1328.0 188
243.7921 1328.0 188
244.1052 1326.0 188
244.4348 1326.0 188
244.7644 1324.0 188
245.0775 1324.0 188
245.4016 1324.0 188
245.7312 1322.0 188
246.0443 1322.0 188
246.3739 1320.0 188
246.6980 1320.0 188
247.0111 1318.0 188
247.3407 1316.0 188
247.6703 1316.0 188
247.9834 1316.0 188
248.3075 1316.0 188
248.6206 1314.0 188
248.9502 1314.0 188
249.2798 1314.0 188
249.5929 1312.0 188
249.9170 1312.0 188
250.2466 1312.0 188
250.5597 1312.0 188
250.8893 1310.0 188
251.2134 1312.0 188
251.5265 1312.0 188
251.8561 1310.0 188
252.1857 1310.0 188
252.4988 1310.0 188
252.8229 1312.0 188
253.1525 1312.0 188
253.4656 1310.0 188
253.7952 1310.0 188
254.1083 1310.0 188
254.4324 1312.0 188
254.7620 1312.0 188
255.0751 1312.0 188
255.4047 1312.0 188
255.7343 1312.0 188
256.0419 1312.0 188
256.3715 1312.0 188
256.7010 1312.0 188
257.0142 1314.0 188
257.3438 1314.0 188
257.6678 1316.0 188
257.9810 1316.0 188
258.3105 1318.0 188
258.6401 1316.0 188
258.9478 1316.0 188
259.2773 1318.0 188
259.5905 1320.0 188
259.9200 1320.0 188
260.2496 1322.0 188
260.5573 1324.0 188
260.8868 1324.0 188
261.2164 1324.0 188
261.5295 1326.0 188
261.8591 1326.0 188
262.1832 1328.0 188
262.4963 1330.0 188
262.8259 1332.0 188
263.1390 1332.0 188
263.4686 1336.0 188
263.7927 1340.0 188
264.1058 1346.0 188
264.4354 1354.0 188
264.7485 1366.0 188
265.8252 1684.0 188
266.1383 1684.0 188
266.4679 1686.0 188
266.7810 1690.0 188
267.1051 1690.0 188
267.4347 1692.0 188
267.7478 1696.0 188
268.0774 1698.0 188
268.3905 1698.0 188
268.7146 1700.0 188
269.0442 1704.0 188
269.3573 1706.0 188
269.6869 1708.0 188
270.0000 1712.0 188
270.3241 1718.0 188
270.6537 1720.0 188
270.9668 1720.0 188
271.2964 1724.0 188
271.6040 1730.0 188
271.9336 1732.0 188
272.2632 1736.0 188
272.5763 1740.0 188
272.9059 1744.0 188
273.2135 1746.0 188
273.5431 1750.0 188
273.8727 1752.0 188
274.1858 1754.0 188
274.4495 1758.0 188
274.7791 1762.0 188
275.0922 1768.0 188
275.4218 1772.0 188
275.7458 1774.0 188
276.0590 1780.0 188
276.3885 1784.0 188
276.7017 1786.0 188
277.0313 1790.0 188
277.3553 1796.0 188
277.6685 1800.0 188
277.9980 1804.0 188
278.3112 1806.0 188
278.6353 1812.0 188
278.9648 1818.0 188
279.2780 1822.0 188
279.6075 1828.0 188
279.9207 1832.0 188
280.8875 1838.0 188
281.5466 1830.0 188
281.8542 1818.0 188
282.1838 1808.0 188
282.4969 1800.0 188
282.8265 1790.0 188
283.1561 1776.0 188
283.4637 1766.0 188
283.8428 1756.0 188
284.1669 1748.0 188
284.4965 1738.0 188
284.8096 1728.0 188
285.1392 1718.0 188
285.4523 1708.0 188
285.7764 1698.0 188
286.1060 1692.0 188
286.4191 1684.0 188
286.7487 1674.0 188
287.0618 1664.0 188
287.3859 1656.0 188
287.7155 1650.0 188
288.0286 1642.0 188
288.4021 1632.0 188
288.7317 1624.0 188
289.0613 1616.0 188
289.3744 1610.0 188
289.6985 1602.0 188
290.0116 1596.0 188
290.3412 1588.0 188
290.6708 1580.0 188
290.9839 1574.0 188
291.3080 1566.0 188
291.6211 1558.0 188
291.9507 1552.0 188
292.2803 1546.0 188
292.5934 1538.0 188
292.9834 1532.0 188
293.2965 1524.0 188
293.6206 1518.0 188
293.9502 1514.0 188
294.2798 1510.0 188
294.5929 1502.0 188
294.9170 1494.0 188
295.2466 1490.0 188
295.5597 1486.0 188
295.8893 1480.0 188
296.2134 1474.0 188
296.5430 1468.0 188
296.8561 1464.0 188
297.1857 1460.0 188
297.5153 1454.0 188
297.8394 1448.0 188
298.2184 1442.0 188
298.5425 1440.0 188
298.8556 1436.0 188
299.1852 1432.0 188
299.5148 1426.0 188
299.8389 1420.0 188
300.1520 1416.0 188
300.4816 1412.0 188
300.8112 1408.0 188
301.1353 1404.0 188
301.4484 1400.0 188
301.7780 1398.0 188
302.1075 1394.0 188
302.4371 1388.0 188
302.7448 1384.0 188
303.0743 1380.0 188
303.4039 1376.0 188
303.7335 1374.0 188
304.0466 1370.0 188
304.4366 1364.0 188
304.7498 1354.0 188
305.0739 1346.0 188
305.4034 1342.0 188
305.7330 1340.0 188
306.0461 1338.0 188
306.3702 1332.0 188
306.6998 1328.0 188
307.0294 1326.0 188
307.3425 1324.0 188
307.6666 1320.0 188
307.9962 1318.0 188
308.3093 1316.0 188
308.6389 1312.0 188
308.9685 1310.0 188
309.2926 1306.0 188
309.6057 1302.0 188
309.9353 1300.0 188
310.2649 1298.0 188
310.5890 1296.0 188
310.9680 1294.0 188
311.2921 1292.0 188
311.6052 1290.0 188
311.9348 1288.0 188
312.2644 1286.0 188
312.5885 1282.0 188
312.9016 1280.0 188
313.2312 1278.0 188
313.5608 1278.0 188
313.8904 1274.0 188
314.1980 1272.0 188
314.5276 1270.0 188
314.8572 1266.0 188
315.1868 1280.0 188
315.4999 1288.0 188
315.8240 1276.0 188
316.1536 1274.0 188
316.4832 1272.0 188
316.7963 1270.0 188
317.1204 1270.0 188
317.4500 1268.0 188
317.7631 1266.0 188
318.0927 1266.0 188
318.4167 1264.0 188
318.7463 1262.0 188
319.0594 1260.0 188
319.3890 1258.0 188
319.7186 1258.0 188
320.0427 1258.0 188
320.3558 1256.0 188
320.6854 1256.0 188
321.0150 1254.0 188
321.3391 1252.0 188
321.6522 1252.0 188
321.9818 1252.0 188
322.3114 1250.0 188
322.6355 1250.0 188
322.9486 1250.0 188
323.2782 1248.0 188
323.6078 1246.0 188
323.9374 1246.0 188
324.2450 1246.0 188
324.5746 1244.0 188
324.9042 1244.0 188
325.2173 1244.0 188
325.5469 1244.0 188
325.8710 1244.0 188
326.1841 1242.0 188
326.5137 1242.0 188
326.8433 1242.0 188
327.1509 1242.0 188
327.4805 1240.0 188
327.8101 1242.0 188
328.1396 1242.0 188
328.4528 1240.0 188
328.7769 1240.0 188
329.1064 1240.0 188
329.4196 1240.0 188
329.7491 1242.0 188
330.7159 1254.0 188
331.2762 3832.0 188
331.6058 3816.0 188
331.9354 3812.0 188
332.2485 3812.0 188
332.5781 3820.0 188
332.9022 3828.0 188
333.2153 3832.0 188
333.5449 3828.0 188
333.8745 3832.0 188
334.1821 3832.0 188
334.5117 3836.0 188
334.8413 3844.0 188
335.1544 3848.0 188
335.4840 3844.0 188
335.8081 3848.0 188
336.1377 3852.0 188
336.4508 3852.0 188
336.7804 3864.0 188
337.1045 3872.0 188
337.4176 3876.0 188
337.7472 3876.0 188
338.0768 3880.0 188
338.3899 3884.0 188
338.7140 3888.0 188
339.0436 3892.0 188
339.3567 3904.0 188
339.6863 3904.0 188
340.0104 3900.0 188
340.3235 3908.0 188
340.6531 3916.0 188
340.9827 3920.0 188
341.3123 3928.0 188
341.6199 3924.0 188
341.9495 3924.0 188
342.2791 3940.0 188
342.5922 3940.0 188
342.9218 3944.0 188
343.2458 3956.0 188
343.5590 3960.0 188
343.8885 3956.0 188
344.2181 3960.0 188
344.5313 3968.0 188
344.8553 3972.0 188
345.1849 3996.0 188
345.4980 3996.0 188
345.8276 3980.0 188
346.1517 3992.0 188
346.4813 4000.0 188
346.7944 4008.0 188
347.1240 4024.0 188
347.4481 4036.0 188
347.7612 4032.0 188
348.0908 4036.0 188
348.4204 4044.0 188
349.0576 4044.0 188
349.3872 4052.0 188
349.7003 4080.0 188
350.0299 4096.0 188
350.2936 4112.0 188
350.6232 4120.0 188
350.9528 4128.0 188
351.2604 4128.0 188
351.5900 4136.0 188
351.9196 4160.0 188
