#RPLIDAR SCAN DATA
#COUNT=806
#Angule	Distance	Quality
352.0734 3428.0 188
352.4194 3448.0 188
352.7490 3464.0 188
353.0896 3480.0 188
353.4357 3492.0 188
353.7653 3504.0 188
354.0454 3524.0 188
354.3860 3544.0 188
354.7321 3556.0 188
355.0616 3576.0 188
355.4022 3596.0 188
355.7483 3616.0 188
356.0779 3636.0 188
356.4185 3652.0 188
356.7645 3668.0 188
357.0886 3692.0 188
357.4347 3716.0 188
357.7808 3736.0 188
358.1049 3764.0 188
358.4509 3792.0 188
358.7915 3812.0 188
359.1211 3828.0 188
359.4672 3848.0 188
359.8077 3868.0 188
0.1373 3892.0 188
0.4834 3916.0 188
0.8240 3948.0 188
1.1536 3984.0 188
1.4996 4012.0 188
1.8402 4024.0 188
2.1698 4032.0 188
2.5104 4036.0 188
3.1860 4016.0 188
3.9166 3088.0 188
4.2627 3080.0 188
4.5923 3076.0 188
4.9329 3092.0 188
5.2789 3124.0 188
5.8887 3828.0 188
6.2292 3812.0 188
6.5753 3796.0 188
6.9049 3776.0 188
7.2455 3760.0 188
7.5916 3748.0 188
7.9211 3736.0 188
8.2617 3716.0 188
8.6078 3692.0 188
8.9374 3680.0 188
9.2780 3668.0 188
9.6240 3652.0 188
9.9481 3636.0 188
10.2942 3624.0 188
10.6403 3608.0 188
10.9644 3592.0 188
11.3104 3576.0 188
11.6510 3560.0 188
11.9806 3540.0 188
12.3267 3528.0 188
12.6672 3520.0 188
13.0573 3512.0 188
13.4033 3504.0 188
13.7329 3500.0 188
14.0735 3488.0 188
14.4196 3476.0 188
14.7491 3472.0 188
15.0897 3500.0 188
15.3699 3540.0 188
15.7159 3572.0 188
16.0620 3604.0 188
16.3861 3640.0 188
16.7322 3684.0 188
17.0728 3736.0 188
17.4023 3784.0 188
18.4186 3832.0 188
18.9349 8008.0 188
19.2810 7992.0 188
19.6051 7976.0 188
19.9512 8000.0 188
20.2917 8016.0 188
22.2144 16480.0 188
25.3125 10656.0 188
25.6531 9456.0 188
25.9991 9456.0 188
26.3232 9456.0 188
26.6693 9456.0 188
27.0154 9472.0 188
27.3395 9488.0 188
27.6855 9488.0 188
28.0261 9504.0 188
28.3557 9528.0 188
28.7018 9544.0 188
29.0424 9552.0 188
29.3719 9568.0 188
30.0586 8616.0 188
30.3882 8456.0 188
30.7343 8368.0 188
31.0748 8272.0 188
31.4648 8160.0 188
31.8109 8096.0 188
32.1405 8032.0 188
32.4811 7992.0 188
32.8271 8120.0 188
33.1512 8144.0 188
33.4973 8056.0 188
33.8434 8088.0 188
34.1675 8080.0 188
34.5135 8120.0 188
34.8541 8184.0 188
35.1398 8216.0 188
35.4803 8256.0 188
36.4966 8296.0 188
36.8866 7064.0 188
37.2162 7008.0 188
37.5623 6952.0 188
37.9028 6912.0 188
38.2489 6848.0 188
38.5730 6792.0 188
38.9191 6744.0 188
39.2651 6672.0 188
39.5892 6616.0 188
39.9353 6592.0 188
40.2759 6528.0 188
40.6055 6440.0 188
40.9515 6392.0 188
41.2921 6352.0 188
41.6217 6304.0 188
41.9678 6264.0 188
42.3083 6216.0 188
42.6379 6176.0 188
43.0444 6128.0 188
43.3740 6088.0 188
43.7146 6040.0 188
44.0607 5984.0 188
44.3903 5968.0 188
44.7308 5968.0 188
45.0769 5984.0 188
45.4010 6016.0 188
45.7471 6048.0 188
46.0931 6088.0 188
46.4337 6120.0 188
46.7139 6160.0 188
47.0435 6184.0 188
47.3895 6208.0 188
47.7301 6240.0 188
48.0597 6280.0 188
48.4058 6320.0 188
48.7463 6360.0 188
49.0759 6392.0 188
49.4165 6448.0 188
49.7626 6496.0 188
50.1086 6504.0 188
50.8228 6056.0 188
51.8555 5992.0 188
52.1851 5240.0 188
52.5311 5208.0 188
52.8717 5176.0 188
53.2013 5160.0 188
53.5419 5136.0 188
53.8879 5112.0 188
54.2175 5088.0 188
54.5581 5072.0 188
54.9042 5048.0 188
55.2338 5032.0 188
55.5743 5016.0 188
55.9204 5000.0 188
56.2500 4992.0 188
56.5906 4968.0 188
56.9366 4952.0 188
57.2772 4928.0 188
57.6672 4904.0 188
57.9968 4880.0 188
58.3429 4864.0 188
58.6835 4864.0 188
59.0295 4880.0 188
59.3097 4920.0 188
59.6393 4960.0 188
59.9799 4992.0 188
60.3259 5040.0 188
60.6555 5088.0 188
60.9961 5136.0 188
61.3422 5200.0 188
61.6718 5240.0 188
62.0123 5296.0 188
62.3584 5352.0 188
62.6990 5416.0 188
63.0286 5480.0 188
63.3746 5512.0 188
63.7152 5536.0 188
64.0448 5592.0 188
64.3854 5640.0 188
65.0610 5688.0 188
65.6873 2568.0 188
66.0278 2540.0 188
66.3574 2520.0 188
66.6980 2504.0 188
67.0441 2496.0 188
67.3737 2484.0 188
67.7142 2472.0 188
68.0603 2460.0 188
68.4503 2452.0 188
68.7964 2452.0 188
69.1205 2456.0 188
69.4666 2456.0 188
69.8071 2456.0 188
70.0928 2460.0 188
70.4333 2464.0 188
70.7629 2472.0 188
71.1090 2472.0 188
71.4496 2484.0 188
71.7792 2500.0 188
72.1198 2516.0 188
72.4658 2532.0 188
72.7954 2556.0 188
73.4821 2592.0 188
74.2181 5944.0 188
74.5587 5936.0 188
74.8883 5928.0 188
75.2344 5920.0 188
75.5750 5912.0 188
75.9045 5896.0 188
76.2451 5880.0 188
76.5912 5872.0 188
76.9208 5864.0 188
77.2614 5864.0 188
77.6074 5848.0 188
77.9370 5832.0 188
78.2776 5824.0 188
78.6237 5816.0 188
78.9478 5808.0 188
79.2938 5800.0 188
79.6399 5712.0 188
80.3101 4920.0 188
80.6561 4920.0 188
81.0461 4912.0 188
81.3702 4896.0 188
81.7163 4896.0 188
82.0624 4896.0 188
82.3865 4896.0 188
82.7325 4896.0 188
83.0731 4888.0 188
83.4027 4880.0 188
83.7488 4872.0 188
84.0894 4864.0 188
84.4189 4864.0 188
84.7650 4856.0 188
85.1056 4848.0 188
85.4352 4848.0 188
85.7813 4840.0 188
86.1218 4832.0 188
86.4514 4832.0 188
87.4677 4848.0 188
87.7478 5576.0 188
88.0884 5608.0 188
88.4344 5616.0 188
88.7640 5624.0 188
89.1046 5624.0 188
89.4507 5624.0 188
89.7803 5624.0 188
90.1208 5632.0 188
90.4669 5624.0 188
90.7965 5616.0 188
91.4832 5640.0 188
92.4994 5608.0 188
92.8235 5608.0 188
93.1696 5624.0 188
93.5156 5624.0 188
93.8397 5616.0 188
94.1858 5608.0 188
94.5264 5624.0 188
94.8560 5632.0 188
95.2020 5624.0 188
95.5426 5632.0 188
96.8884 5624.0 188
97.2290 5632.0 188
97.5751 5640.0 188
97.9047 5640.0 188
98.2452 5632.0 188
98.5913 5640.0 188
98.9209 5648.0 188
99.2615 5648.0 188
99.6075 5656.0 188
100.6238 5672.0 188
101.6400 5680.0 188
101.9641 5704.0 188
102.3102 5704.0 188
102.6563 5712.0 188
102.9803 5728.0 188
103.3264 5736.0 188
103.6670 5728.0 188
103.9966 5736.0 188
104.3427 5752.0 188
104.6832 5768.0 188
105.0128 5776.0 188
105.3589 5792.0 188
105.6995 5784.0 188
106.0291 5792.0 188
106.3696 5816.0 188
106.7157 5816.0 188
107.0453 5824.0 188
107.3859 5840.0 188
107.7155 5848.0 188
108.0615 5856.0 188
108.4021 5864.0 188
108.7317 5872.0 188
109.0778 5872.0 188
109.4019 5872.0 188
109.7479 5864.0 188
110.7642 5608.0 188
111.4343 5464.0 188
111.7639 5360.0 188
112.7802 5288.0 188
113.1207 4952.0 188
113.4503 4960.0 188
113.7964 4920.0 188
114.8071 4920.0 188
115.4169 7232.0 188
115.7629 7256.0 188
116.0925 7272.0 188
116.4331 7272.0 188
116.7792 7264.0 188
117.6086 4068.0 188
117.9492 4040.0 188
118.2953 4056.0 188
118.9050 4104.0 188
119.2950 3824.0 188
119.6356 3784.0 188
119.9817 3784.0 188
121.3275 3816.0 188
121.6516 3856.0 188
121.9977 3904.0 188
124.2499 2324.0 188
129.1388 3324.0 188
130.8746 1226.0 188
133.0774 2100.0 188
133.4015 2084.0 188
133.7476 2072.0 188
134.0771 2060.0 188
134.4177 2056.0 188
134.7473 2060.0 188
135.0934 2068.0 188
135.4340 2080.0 188
135.7635 2100.0 188
136.3898 2424.0 188
137.2797 2844.0 188
137.6202 2840.0 188
137.9663 2824.0 188
138.2959 2792.0 188
138.6365 2776.0 188
138.9661 2756.0 188
139.3121 2740.0 188
139.7021 2732.0 188
140.7788 1472.0 188
142.0752 2632.0 188
142.4048 2620.0 188
142.7454 2604.0 188
143.0750 2592.0 188
143.4210 2576.0 188
143.7616 2568.0 188
144.0912 2560.0 188
144.4373 2548.0 188
146.2335 1042.0 188
146.5576 1038.0 188
146.9037 1034.0 188
147.2498 1030.0 188
147.5739 1026.0 188
147.9639 1022.0 188
148.3099 1022.0 188
148.6560 1018.0 188
148.9801 1014.0 188
149.3262 1010.0 188
149.6667 1006.0 188
149.9963 1002.0 188
150.3424 1000.0 188
150.6665 996.0 188
151.0126 998.0 188
151.3586 1002.0 188
151.6827 1008.0 188
152.0288 1018.0 188
152.3090 1030.0 188
152.6385 1042.0 188
152.9791 1054.0 188
153.3252 1064.0 188
154.2810 1078.0 188
155.2917 2252.0 188
155.6378 2248.0 188
155.9674 2244.0 188
156.3080 2236.0 188
156.6980 2232.0 188
157.0441 2228.0 188
157.3737 2220.0 188
157.7142 2212.0 188
158.0603 2200.0 188
158.3899 2200.0 188
158.7305 2192.0 188
159.0601 2188.0 188
159.4061 2184.0 188
159.7467 2176.0 188
160.0763 2172.0 188
160.4169 2168.0 188
160.7465 2164.0 188
161.0925 2160.0 188
161.4331 2156.0 188
161.7627 2156.0 188
162.1088 2152.0 188
162.4493 2148.0 188
162.7789 2156.0 188
163.1250 2144.0 188
163.4491 2128.0 188
163.7952 2128.0 188
164.1357 2136.0 188
164.4653 2152.0 188
164.8114 2180.0 188
165.1355 2220.0 188
165.7617 2264.0 188
166.1517 2064.0 188
166.4978 2060.0 188
166.8384 2052.0 188
167.9041 2048.0 188
168.2446 2044.0 188
168.5742 2040.0 188
168.9203 2038.0 188
169.2499 2034.0 188
169.5905 2034.0 188
169.9365 2032.0 188
170.2606 2030.0 188
170.6067 2026.0 188
170.9528 2026.0 188
171.2769 2024.0 188
171.6229 2020.0 188
171.9525 2018.0 188
172.2931 2016.0 188
172.6227 2016.0 188
172.9688 2016.0 188
173.3093 2012.0 188
173.6389 2012.0 188
173.9795 2014.0 188
174.3091 2012.0 188
174.6552 2008.0 188
174.9957 2008.0 188
175.3253 2008.0 188
175.6714 2006.0 188
175.9955 2006.0 188
176.3416 2006.0 188
176.6821 2004.0 188
177.0117 2006.0 188
178.0280 1312.0 188
178.3575 1316.0 188
178.6981 1314.0 188
179.0442 1316.0 188
179.3738 1314.0 188
179.7144 1314.0 188
180.0439 1316.0 188
180.3900 1318.0 188
181.4063 1326.0 188
181.7468 2002.0 188
182.0764 2002.0 188
182.4170 2002.0 188
182.7466 2002.0 188
183.0927 2004.0 188
183.4167 2006.0 188
183.7628 2006.0 188
184.1089 2006.0 188
184.4330 2008.0 188
184.7791 2010.0 188
185.1086 2012.0 188
185.4492 2012.0 188
185.7953 2014.0 188
186.1249 2014.0 188
186.4655 2016.0 188
186.7950 2018.0 188
187.1356 2018.0 188
187.4817 2018.0 188
187.8113 2020.0 188
188.1519 2022.0 188
188.4814 2024.0 188
188.8275 2026.0 188
189.1681 2028.0 188
189.4977 2030.0 188
189.8438 2032.0 188
190.1678 2034.0 188
190.5139 2036.0 188
190.8545 2036.0 188
191.1841 2038.0 188
191.5302 2042.0 188
191.8542 2044.0 188
192.2003 2048.0 188
192.5464 2048.0 188
192.8265 2052.0 188
193.1561 2056.0 188
193.4967 2060.0 188
193.8263 2064.0 188
194.1669 2068.0 188
194.4965 2068.0 188
194.8425 2072.0 188
195.1831 2076.0 188
195.5127 2084.0 188
195.8588 2088.0 188
196.1829 2088.0 188
196.5289 2092.0 188
196.8750 2096.0 188
197.1991 2100.0 188
197.5452 2100.0 188
197.8748 2104.0 188
198.2153 2108.0 188
198.5614 2116.0 188
198.8855 2116.0 188
199.2316 2124.0 188
199.5612 2128.0 188
199.9017 2136.0 188
200.2478 2140.0 188
200.5774 2148.0 188
200.9180 2152.0 188
201.2476 2160.0 188
201.5936 2168.0 188
201.9342 2184.0 188
202.2638 2188.0 188
202.6044 2172.0 188
203.2800 2180.0 188
203.7305 3200.0 188
204.0601 3200.0 188
204.4061 3184.0 188
204.7467 3196.0 188
205.0763 3224.0 188
205.4169 3232.0 188
205.7465 3240.0 188
206.0925 3260.0 188
207.2626 1534.0 188
207.6086 1518.0 188
207.9492 1496.0 188
208.2788 1486.0 188
208.6249 1488.0 188
208.9490 1490.0 188
209.2950 1496.0 188
209.6356 1502.0 188
209.9652 1510.0 188
210.3113 1512.0 188
210.6519 1518.0 188
215.6067 10904.0 188
215.9363 10840.0 188
218.0127 6456.0 188
227.5269 6072.0 188
227.8729 6056.0 188
228.2025 6024.0 188
228.5431 5992.0 188
228.8727 5976.0 188
229.2188 6008.0 188
229.5593 6056.0 188
229.8889 6088.0 188
230.2295 6120.0 188
230.5151 6160.0 188
230.8392 6192.0 188
231.1853 6248.0 188
231.5259 6296.0 188
231.8555 6336.0 188
232.2015 6376.0 188
232.5311 6424.0 188
232.8717 6480.0 188
233.2178 6520.0 188
233.5419 6584.0 188
233.8879 6632.0 188
234.2175 6672.0 188
234.5581 6728.0 188
234.9042 6784.0 188
235.2338 6848.0 188
235.5743 6896.0 188
235.9204 6944.0 188
236.2500 7000.0 188
236.5906 7040.0 188
236.9366 7072.0 188
237.2607 7112.0 188
237.6068 7176.0 188
237.9529 7240.0 188
238.2770 7320.0 188
238.6230 7432.0 188
238.9636 7528.0 188
239.2932 7592.0 188
239.6393 7656.0 188
239.9799 7736.0 188
240.3094 7824.0 188
241.3257 7872.0 188
262.6227 11672.0 188
262.9523 11640.0 188
263.2928 11568.0 188
263.6389 11496.0 188
263.9685 11440.0 188
264.3091 11256.0 188
264.6552 11200.0 188
264.9792 11264.0 188
265.3253 11224.0 188
265.6714 11200.0 188
265.9955 11168.0 188
266.3416 11128.0 188
266.6821 11072.0 188
267.0117 11056.0 188
267.3578 11016.0 188
267.6984 10952.0 188
268.0280 10952.0 188
268.3740 10952.0 188
268.6981 10928.0 188
269.0442 10888.0 188
269.3903 10888.0 188
269.7144 10888.0 188
270.0604 10872.0 188
270.3900 10848.0 188
270.7306 10816.0 188
271.0602 10776.0 188
271.4063 10760.0 188
271.7468 10736.0 188
272.0764 10712.0 188
272.4170 10704.0 188
272.7466 10680.0 188
273.0927 10680.0 188
273.4167 10680.0 188
273.7628 10648.0 188
274.1089 10552.0 188
274.4330 10464.0 188
274.7791 10456.0 188
275.1086 10456.0 188
275.4492 10488.0 188
275.7788 10488.0 188
276.1249 10488.0 188
276.4655 10496.0 188
276.7950 10488.0 188
277.1356 10448.0 188
277.4652 10400.0 188
277.8113 10440.0 188
278.1354 10464.0 188
278.8275 10488.0 188
279.2175 7080.0 188
279.5416 7056.0 188
279.8877 7032.0 188
280.2173 7016.0 188
280.5579 7032.0 188
280.9039 7056.0 188
281.2335 7080.0 188
281.9037 7208.0 188
282.8540 10384.0 188
284.4360 4020.0 188
284.7766 3980.0 188
285.1062 3964.0 188
285.4523 3952.0 188
285.7764 3936.0 188
286.1224 3932.0 188
286.4520 3932.0 188
286.7926 3932.0 188
287.1387 3936.0 188
287.4683 3948.0 188
287.8088 3952.0 188
288.1384 3964.0 188
288.4790 3992.0 188
289.1547 4028.0 188
290.2808 10800.0 188
290.6213 10768.0 188
290.9509 10728.0 188
291.2915 10712.0 188
291.6211 10744.0 188
291.9672 10864.0 188
292.9834 10432.0 188
293.9832 10880.0 188
294.6533 10936.0 188
294.9994 10984.0 188
295.3400 11032.0 188
296.0156 11064.0 188
296.3397 10648.0 188
297.0154 11192.0 188
298.5425 4848.0 188
298.8721 4840.0 188
299.2181 4824.0 188
299.5422 4824.0 188
300.2179 4816.0 188
300.9045 4792.0 188
301.2341 4792.0 188
301.5747 4784.0 188
301.9208 4776.0 188
302.2449 4768.0 188
303.2611 4776.0 188
303.6072 4248.0 188
303.9368 4248.0 188
304.2773 4248.0 188
304.6234 4248.0 188
305.2936 4160.0 188
305.6396 4224.0 188
305.9637 4232.0 188
306.3098 4232.0 188
306.6394 4224.0 188
306.9800 4216.0 188
307.3260 4216.0 188
307.6556 4208.0 188
307.9962 4208.0 188
308.3423 4208.0 188
308.6719 4216.0 188
309.3585 4216.0 188
309.6826 4200.0 188
310.3583 4192.0 188
311.3745 4184.0 188
311.7810 3752.0 188
312.1051 3720.0 188
312.4512 3720.0 188
313.0774 4184.0 188
313.4015 4192.0 188
313.7476 4192.0 188
314.0771 4192.0 188
314.4177 4192.0 188
314.7638 4192.0 188
315.0934 4192.0 188
315.4340 4192.0 188
315.7800 4200.0 188
316.1041 4192.0 188
316.4502 4192.0 188
317.9663 1204.0 188
318.3124 1184.0 188
318.7024 1170.0 188
319.0265 1158.0 188
319.3726 1150.0 188
319.7186 1142.0 188
320.0427 1134.0 188
320.3888 1128.0 188
320.7294 1124.0 188
321.0590 1118.0 188
321.4490 1112.0 188
321.7950 1108.0 188
322.1356 1104.0 188
322.4652 1100.0 188
322.8113 1098.0 188
323.1519 1094.0 188
323.4814 1092.0 188
323.8275 1092.0 188
324.1516 1088.0 188
324.4977 1088.0 188
324.8438 1088.0 188
325.1678 1088.0 188
325.5139 1086.0 188
325.8545 1086.0 188
326.1841 1086.0 188
326.5302 1088.0 188
326.8707 1090.0 188
327.2003 1090.0 188
327.5464 1090.0 188
327.8705 1092.0 188
328.2166 1094.0 188
328.5571 1096.0 188
328.8867 1098.0 188
329.2328 1100.0 188
329.5734 1104.0 188
329.9030 1106.0 188
330.2490 1110.0 188
330.5896 1114.0 188
330.8698 1118.0 188
331.1993 1126.0 188
331.5454 1130.0 188
331.8750 1136.0 188
332.2156 1144.0 188
332.5616 1154.0 188
332.8857 1162.0 188
333.1714 1174.0 188
333.5120 1188.0 188
334.5282 1210.0 188
335.3906 4504.0 188
335.7147 4512.0 188
336.0608 4528.0 188
336.4014 4528.0 188
336.7310 4544.0 188
337.0770 4568.0 188
337.4011 4576.0 188
337.7472 4592.0 188
338.0933 4608.0 188
338.4174 4624.0 188
338.7634 4632.0 188
339.1040 4632.0 188
339.4336 4616.0 188
339.7797 4576.0 188
340.1202 4520.0 188
340.4498 4472.0 188
340.7959 4424.0 188
341.1365 4368.0 188
341.4661 4328.0 188
341.8121 4288.0 188
342.1527 4240.0 188
342.4823 4184.0 188
342.8229 4136.0 188
343.1525 4104.0 188
343.5590 4068.0 188
343.8885 4028.0 188
344.2291 3980.0 188
344.5752 3932.0 188
344.9048 3888.0 188
345.2454 3844.0 188
345.5914 3812.0 188
345.9210 3776.0 188
346.2616 3748.0 188
346.5912 3720.0 188
346.9373 3676.0 188
347.2778 3636.0 188
347.6074 3608.0 188
347.9480 3588.0 188
348.2941 3564.0 188
348.6237 3528.0 188
349.0302 3488.0 188
349.3542 3452.0 188
349.7003 3424.0 188
350.0464 3400.0 188
350.3705 3376.0 188
350.7166 3364.0 188
351.0461 3376.0 188
351.3867 3388.0 188
351.7328 3404.0 188
