#RPLIDAR SCAN DATA
#COUNT=841
#Angule	Distance	Quality
353.8586 628.0 188
354.1992 628.0 188
354.5453 628.0 188
354.9023 628.0 188
355.2484 626.0 188
355.5890 626.0 188
355.9351 626.0 188
356.2811 626.0 188
356.6217 626.0 188
356.9678 626.0 188
357.3083 626.0 188
357.6544 624.0 188
357.9950 624.0 188
358.3411 624.0 188
358.6871 624.0 188
359.0442 624.0 188
359.3903 626.0 188
359.7308 626.0 188
0.0769 626.0 188
0.4175 626.0 188
0.7635 626.0 188
1.1041 626.0 188
1.4502 626.0 188
3.6365 588.0 188
3.9825 588.0 188
4.3231 586.0 188
4.6692 588.0 188
5.0153 588.0 188
5.3558 588.0 188
5.7019 588.0 188
6.0425 588.0 188
6.3885 590.0 188
6.7291 590.0 188
7.0752 590.0 188
7.4213 592.0 188
7.7618 592.0 188
8.7946 592.0 188
10.2338 580.0 188
10.5743 582.0 188
10.9204 582.0 188
11.2170 586.0 188
11.5576 588.0 188
11.9037 588.0 188
12.2498 588.0 188
12.5903 590.0 188
12.9364 590.0 188
13.2770 592.0 188
13.6230 592.0 188
13.9636 594.0 188
14.3097 596.0 188
14.6558 596.0 188
14.9963 598.0 188
15.3424 598.0 188
15.6390 600.0 188
15.9796 600.0 188
16.3257 602.0 188
16.6718 604.0 188
17.0123 604.0 188
17.3584 606.0 188
17.6990 606.0 188
18.0450 608.0 188
18.3856 610.0 188
18.7317 612.0 188
19.0778 612.0 188
19.4183 614.0 188
19.7150 616.0 188
20.0610 616.0 188
20.4016 618.0 188
20.7477 620.0 188
21.0938 620.0 188
21.4343 622.0 188
21.7804 624.0 188
22.1210 626.0 188
22.4670 628.0 188
22.8076 630.0 188
23.1042 632.0 188
23.4503 632.0 188
23.7964 634.0 188
24.1370 636.0 188
24.4830 638.0 188
24.8236 640.0 188
25.1697 642.0 188
25.5103 644.0 188
25.8563 646.0 188
26.1530 648.0 188
26.4990 650.0 188
26.8396 654.0 188
27.1857 656.0 188
27.5262 658.0 188
27.8723 660.0 188
28.2184 662.0 188
28.5590 664.0 188
28.8556 666.0 188
29.2017 668.0 188
29.5422 670.0 188
29.8883 674.0 188
30.2344 676.0 188
30.5750 678.0 188
30.9210 682.0 188
31.2012 684.0 188
31.5417 688.0 188
31.8878 690.0 188
32.2449 690.0 188
32.5909 694.0 188
32.9370 696.0 188
33.2776 700.0 188
33.5577 704.0 188
33.9038 706.0 188
34.2499 710.0 188
34.5905 712.0 188
34.9530 716.0 188
35.2936 720.0 188
35.6396 722.0 188
35.9198 726.0 188
36.2769 728.0 188
36.6229 732.0 188
36.9635 734.0 188
37.3096 738.0 188
37.6556 742.0 188
37.9523 746.0 188
38.2928 750.0 188
38.6389 754.0 188
38.9795 758.0 188
39.3256 762.0 188
39.6716 766.0 188
39.9683 770.0 188
40.3088 774.0 188
40.6549 778.0 188
40.9955 782.0 188
41.3580 786.0 188
41.6986 790.0 188
41.9843 794.0 188
42.3248 800.0 188
42.6874 804.0 188
43.0280 808.0 188
43.3740 814.0 188
43.6542 820.0 188
44.0112 824.0 188
44.3573 828.0 188
44.6979 832.0 188
45.0439 838.0 188
45.3900 844.0 188
45.6866 850.0 188
46.0272 856.0 188
46.3733 862.0 188
46.7139 868.0 188
47.0599 872.0 188
47.4060 878.0 188
47.7026 886.0 188
48.0432 892.0 188
48.3893 896.0 188
48.7299 902.0 188
49.0924 908.0 188
49.3726 914.0 188
49.7186 922.0 188
50.0592 928.0 188
50.4218 936.0 188
56.5302 992.0 188
57.6233 978.0 188
67.4341 1576.0 188
70.7300 1930.0 188
71.0760 1966.0 188
71.4166 2000.0 188
71.7627 2042.0 188
72.0428 2084.0 188
72.3889 2124.0 188
73.3722 2236.0 188
74.0149 2668.0 188
74.3555 2676.0 188
74.7015 2696.0 188
75.3882 2728.0 188
76.2012 4384.0 188
76.5417 4376.0 188
77.2339 4376.0 188
77.5745 4384.0 188
77.9205 4392.0 188
78.2611 4384.0 188
79.3103 4384.0 188
82.4030 4352.0 188
83.1061 4320.0 188
83.4521 4320.0 188
83.7927 4320.0 188
84.1388 4328.0 188
84.4794 4320.0 188
84.8254 4320.0 188
85.1715 4320.0 188
85.5121 4304.0 188
85.8582 4280.0 188
86.1987 4280.0 188
86.5448 4272.0 188
86.9019 4272.0 188
87.2479 4280.0 188
87.5885 4288.0 188
87.9346 4296.0 188
88.2806 4304.0 188
88.6212 4304.0 188
88.9673 4296.0 188
89.3079 4288.0 188
89.6539 4288.0 188
90.0000 4288.0 188
90.3406 4288.0 188
90.6866 4288.0 188
91.0272 4296.0 188
91.3898 4312.0 188
91.7303 4320.0 188
92.0764 4328.0 188
92.4170 4328.0 188
92.7631 4328.0 188
93.1091 4328.0 188
93.4497 4336.0 188
93.7958 4336.0 188
94.1364 4336.0 188
94.4824 4336.0 188
94.8230 4336.0 188
95.1691 4344.0 188
95.5261 4344.0 188
95.8722 4352.0 188
96.2183 4360.0 188
96.5588 4416.0 188
96.9049 4488.0 188
97.9321 4504.0 188
98.9648 4184.0 188
100.6842 2092.0 188
101.0907 2034.0 188
101.4368 1982.0 188
101.7773 1928.0 188
102.1674 1882.0 188
102.5134 1840.0 188
102.8540 1796.0 188
103.2605 1756.0 188
103.6066 1720.0 188
103.9526 1682.0 188
104.2932 1646.0 188
104.6997 1612.0 188
105.0458 1580.0 188
105.3864 1546.0 188
105.7928 1518.0 188
106.1389 1490.0 188
106.4795 1460.0 188
106.8750 1432.0 188
107.2156 1406.0 188
107.5616 1384.0 188
107.9681 1358.0 188
108.3087 1334.0 188
108.6548 1312.0 188
109.0613 1290.0 188
109.4019 1270.0 188
109.7479 1250.0 188
110.0885 1230.0 188
110.4840 1210.0 188
110.8246 1192.0 188
111.1871 1176.0 188
111.5771 1162.0 188
111.9177 1144.0 188
112.2638 1128.0 188
112.6703 1114.0 188
113.0109 1096.0 188
113.3569 1082.0 188
113.7634 1066.0 188
114.1040 1052.0 188
114.4501 1040.0 188
114.7961 1026.0 188
115.1862 1014.0 188
115.5267 1004.0 188
115.8728 994.0 188
116.2793 982.0 188
116.6199 970.0 188
116.9659 960.0 188
117.3120 948.0 188
117.7185 938.0 188
118.0591 926.0 188
118.4052 916.0 188
118.7952 908.0 188
119.1357 898.0 188
119.4983 888.0 188
119.8389 880.0 188
120.2344 872.0 188
120.5750 864.0 188
120.9210 856.0 188
121.2616 848.0 188
121.6681 840.0 188
122.0142 832.0 188
122.3547 824.0 188
122.7612 814.0 188
123.1073 808.0 188
123.4479 800.0 188
123.7939 794.0 188
124.1840 788.0 188
124.5300 782.0 188
124.8706 774.0 188
125.2771 768.0 188
125.6232 762.0 188
125.9637 756.0 188
126.3098 750.0 188
126.7163 744.0 188
127.0624 738.0 188
127.4030 732.0 188
127.7490 726.0 188
128.1555 720.0 188
128.4961 714.0 188
128.8422 710.0 188
129.1827 706.0 188
129.5728 700.0 188
129.9188 696.0 188
130.2649 692.0 188
130.6055 686.0 188
131.0120 680.0 188
131.3580 676.0 188
131.6986 672.0 188
132.0447 668.0 188
132.4512 664.0 188
132.7917 660.0 188
133.1378 656.0 188
133.4839 652.0 188
133.8245 648.0 188
134.2310 644.0 188
134.5770 640.0 188
134.9176 636.0 188
135.2637 632.0 188
135.6702 628.0 188
136.0107 626.0 188
136.3568 622.0 188
136.7029 618.0 188
137.0435 616.0 188
137.4335 612.0 188
137.7795 610.0 188
138.1366 606.0 188
138.4827 602.0 188
138.8232 600.0 188
139.2188 596.0 188
139.5593 594.0 188
139.9054 590.0 188
140.2460 588.0 188
140.6085 586.0 188
140.9985 582.0 188
141.3391 580.0 188
141.6852 578.0 188
142.0313 574.0 188
142.3718 572.0 188
142.7783 570.0 188
143.1244 566.0 188
143.4650 564.0 188
143.8110 562.0 188
144.1516 560.0 188
144.5581 558.0 188
144.9042 556.0 188
145.2448 554.0 188
145.5908 550.0 188
145.9369 548.0 188
146.3434 546.0 188
146.6840 544.0 188
147.0300 542.0 188
147.3706 540.0 188
147.7167 538.0 188
148.0573 536.0 188
148.4637 534.0 188
148.8098 534.0 188
149.1559 532.0 188
149.4965 530.0 188
149.8425 528.0 188
150.1831 526.0 188
150.5292 524.0 188
150.9357 522.0 188
151.2762 522.0 188
151.6223 520.0 188
151.9684 518.0 188
152.3090 516.0 188
152.6550 516.0 188
152.9956 514.0 188
153.4021 512.0 188
153.7482 511.0 188
154.0887 510.0 188
154.4348 509.0 188
154.7809 507.0 188
155.1215 505.0 188
155.4675 504.0 188
155.8081 503.0 188
156.1542 502.0 188
156.5607 501.0 188
156.9012 500.0 188
157.2473 498.0 188
157.5934 497.0 188
157.9340 495.0 188
158.2800 493.0 188
158.6206 494.0 188
158.9667 492.0 188
159.3732 488.0 188
159.7137 487.0 188
160.4059 487.0 188
162.3724 503.0 188
162.7625 501.0 188
163.1085 500.0 188
163.4491 499.0 188
163.7952 498.0 188
164.1357 497.0 188
164.4818 496.0 188
164.8389 496.0 188
165.1849 495.0 188
165.5310 494.0 188
165.8716 494.0 188
166.2177 493.0 188
166.5582 493.0 188
166.9043 492.0 188
167.3108 491.0 188
167.6514 491.0 188
167.9974 488.0 188
168.3435 490.0 188
168.6237 492.0 188
169.7168 491.0 188
171.5625 528.0 188
171.9031 528.0 188
172.2491 526.0 188
172.5897 526.0 188
172.9358 526.0 188
173.2764 526.0 188
173.6224 526.0 188
173.9685 526.0 188
174.3091 526.0 188
174.6552 526.0 188
174.9957 526.0 188
175.3418 526.0 188
175.6824 524.0 188
176.0284 526.0 188
176.3745 526.0 188
176.7151 526.0 188
177.0612 528.0 188
177.4017 528.0 188
177.7478 528.0 188
178.0884 528.0 188
178.4344 528.0 188
178.7805 528.0 188
179.1211 528.0 188
179.4672 528.0 188
179.8077 528.0 188
180.1538 528.0 188
180.4999 528.0 188
180.8405 528.0 188
181.2030 528.0 188
181.5436 528.0 188
181.8896 528.0 188
182.2302 528.0 188
182.5763 528.0 188
182.9169 530.0 188
183.2629 530.0 188
183.6090 530.0 188
183.9496 530.0 188
184.2957 530.0 188
184.6362 530.0 188
184.9823 532.0 188
185.3229 532.0 188
185.6689 532.0 188
186.0150 532.0 188
186.3556 534.0 188
186.7017 534.0 188
187.0422 534.0 188
187.3279 536.0 188
187.6849 536.0 188
188.0310 536.0 188
188.3716 538.0 188
188.7177 538.0 188
189.0582 538.0 188
189.4043 540.0 188
189.7449 540.0 188
190.0909 540.0 188
190.4370 542.0 188
190.7776 542.0 188
191.1237 544.0 188
191.4642 544.0 188
191.8103 546.0 188
192.1509 546.0 188
192.4969 546.0 188
192.7771 548.0 188
193.1232 548.0 188
193.4637 550.0 188
193.8263 550.0 188
194.1669 552.0 188
194.5129 552.0 188
194.8590 554.0 188
195.1996 554.0 188
195.5457 556.0 188
195.8862 556.0 188
196.2323 558.0 188
196.5125 560.0 188
196.8585 560.0 188
197.1991 562.0 188
197.5452 564.0 188
197.8857 564.0 188
198.2318 566.0 188
198.5779 568.0 188
198.9185 568.0 188
199.2645 570.0 188
199.5612 572.0 188
199.9017 572.0 188
200.2478 574.0 188
200.5884 576.0 188
200.9344 578.0 188
201.2805 578.0 188
201.6211 580.0 188
201.9672 582.0 188
202.3077 584.0 188
202.5934 586.0 188
202.9340 588.0 188
203.2800 590.0 188
203.6206 590.0 188
203.9667 592.0 188
204.3073 594.0 188
204.6533 596.0 188
204.9994 598.0 188
205.2960 600.0 188
205.6366 602.0 188
205.9827 604.0 188
206.3232 606.0 188
206.6693 608.0 188
207.0154 610.0 188
207.3560 612.0 188
207.7020 614.0 188
207.9822 616.0 188
208.3228 618.0 188
208.6688 622.0 188
209.0149 624.0 188
209.3555 626.0 188
209.7015 628.0 188
210.0421 630.0 188
210.3387 632.0 188
210.6848 636.0 188
211.0309 638.0 188
211.3715 640.0 188
211.7175 644.0 188
212.0581 646.0 188
212.3438 648.0 188
212.6843 652.0 188
213.0304 654.0 188
213.3710 658.0 188
213.7170 660.0 188
214.0576 664.0 188
214.3433 666.0 188
214.6838 670.0 188
215.0299 672.0 188
215.3705 674.0 188
215.7166 678.0 188
216.0571 682.0 188
216.3593 686.0 188
216.6998 688.0 188
217.0459 692.0 188
217.3865 696.0 188
217.7325 700.0 188
218.0127 704.0 188
218.3588 708.0 188
218.6993 710.0 188
219.0454 714.0 188
219.3860 718.0 188
219.7321 722.0 188
220.0287 726.0 188
220.3748 730.0 188
220.7153 734.0 188
221.0614 738.0 188
221.4020 742.0 188
221.6821 748.0 188
222.0282 752.0 188
222.3743 758.0 188
222.7148 762.0 188
223.0609 766.0 188
223.3575 770.0 188
223.6981 776.0 188
224.0442 780.0 188
224.3903 786.0 188
224.7308 790.0 188
225.0110 796.0 188
225.3571 802.0 188
225.7031 806.0 188
226.0437 814.0 188
226.3898 818.0 188
226.6699 822.0 188
227.3566 828.0 188
229.6527 880.0 188
229.9988 888.0 188
230.3394 894.0 188
233.8385 866.0 188
234.1846 870.0 188
234.5306 876.0 188
235.5139 884.0 188
237.1838 912.0 188
237.5299 916.0 188
237.8705 924.0 188
238.2166 936.0 188
238.5571 944.0 188
238.8428 956.0 188
239.1833 966.0 188
239.5294 976.0 188
239.8260 986.0 188
240.1666 998.0 188
240.5127 1010.0 188
240.8588 1022.0 188
241.1554 1034.0 188
241.4960 1044.0 188
241.8420 1056.0 188
242.5287 1068.0 188
246.5442 1120.0 188
246.8903 1122.0 188
247.5934 1126.0 188
249.5929 1202.0 188
250.2795 1206.0 188
250.6366 1224.0 188
250.9167 1242.0 188
251.2628 1262.0 188
251.6089 1282.0 188
251.9055 1302.0 188
252.2461 1326.0 188
252.5922 1350.0 188
252.8723 1370.0 188
253.2184 1394.0 188
253.5590 1420.0 188
253.9050 1446.0 188
254.2017 1476.0 188
254.5422 1508.0 188
254.8279 1538.0 188
255.1685 1566.0 188
255.5310 1602.0 188
255.8716 1636.0 188
256.1517 1668.0 188
256.4978 1704.0 188
256.8384 1742.0 188
257.1405 1782.0 188
257.4811 1826.0 188
257.8271 1874.0 188
258.1073 1926.0 188
258.4479 1974.0 188
258.7939 2022.0 188
259.4366 2072.0 188
260.4803 4416.0 188
260.8264 4416.0 188
261.1670 4432.0 188
261.5131 4448.0 188
261.8591 4456.0 188
262.1997 4448.0 188
263.2324 4456.0 188
263.8696 5168.0 188
264.2157 5120.0 188
265.6384 4480.0 188
266.3251 4280.0 188
267.5281 9160.0 188
267.8741 9040.0 188
268.2147 8968.0 188
268.5608 8928.0 188
268.9014 8896.0 188
269.2474 8888.0 188
269.5935 8920.0 188
269.9341 9032.0 188
270.2802 9168.0 188
271.3074 8848.0 188
271.7139 7032.0 188
272.4060 7032.0 188
273.3728 9200.0 188
274.1089 6968.0 188
274.4495 6976.0 188
275.4327 8304.0 188
276.5149 7528.0 188
277.5421 6432.0 188
279.8877 2780.0 188
280.6238 2616.0 188
280.9644 2556.0 188
281.7169 2416.0 188
282.0575 2360.0 188
282.4036 2308.0 188
282.7496 2260.0 188
283.1396 2212.0 188
283.4802 2168.0 188
283.8263 2120.0 188
284.1669 2076.0 188
284.5734 2028.0 188
284.9194 1986.0 188
285.2655 1948.0 188
285.6061 1910.0 188
285.9961 1868.0 188
286.3422 1836.0 188
286.6827 1804.0 188
287.0288 1770.0 188
287.4353 1744.0 188
287.7759 1714.0 188
288.1219 1676.0 188
288.4680 1648.0 188
288.8580 1622.0 188
289.1986 1594.0 188
289.5447 1568.0 188
289.8853 1546.0 188
290.2917 1524.0 188
290.6213 1498.0 188
290.9674 1480.0 188
291.3080 1458.0 188
291.7145 1436.0 188
292.5769 1172.0 188
292.9669 1162.0 188
293.3075 1164.0 188
293.6536 1168.0 188
293.9996 1170.0 188
294.2798 1172.0 188
294.9664 1178.0 188
295.9991 1172.0 188
297.0923 1162.0 188
297.4329 1154.0 188
298.1250 1134.0 188
298.4656 1118.0 188
298.8556 1106.0 188
299.2181 1092.0 188
299.5587 1080.0 188
299.9048 1070.0 188
300.2948 1062.0 188
300.6354 1052.0 188
300.9814 1042.0 188
301.3385 1032.0 188
301.7340 1022.0 188
302.0746 1010.0 188
302.4207 1000.0 188
302.7612 992.0 188
303.5138 980.0 188
304.8871 972.0 188
305.2496 962.0 188
305.5902 954.0 188
305.9363 946.0 188
306.6669 940.0 188
308.6829 982.0 188
309.0289 982.0 188
309.3750 974.0 188
309.7156 968.0 188
312.8906 912.0 188
313.2806 904.0 188
313.6212 898.0 188
313.9673 892.0 188
314.3243 886.0 188
314.6704 882.0 188
315.0604 876.0 188
315.4010 872.0 188
315.7471 868.0 188
316.0931 864.0 188
316.4502 858.0 188
316.7963 852.0 188
317.1368 848.0 188
317.5269 842.0 188
317.8729 838.0 188
318.2135 834.0 188
318.5760 828.0 188
318.9166 824.0 188
319.2627 820.0 188
319.6527 814.0 188
319.9988 812.0 188
320.3558 808.0 188
320.7019 804.0 188
321.0425 800.0 188
321.3885 796.0 188
321.7786 792.0 188
322.1246 788.0 188
322.4817 784.0 188
322.8278 780.0 188
323.1683 778.0 188
323.5144 774.0 188
323.8550 770.0 188
324.2450 766.0 188
324.6075 764.0 188
324.9481 762.0 188
325.2942 758.0 188
325.6403 754.0 188
325.9808 752.0 188
326.3269 748.0 188
326.7334 744.0 188
327.0740 742.0 188
327.4200 738.0 188
327.7606 736.0 188
328.1067 734.0 188
328.4528 730.0 188
328.7933 728.0 188
329.1394 726.0 188
329.5459 722.0 188
329.8865 720.0 188
330.2325 718.0 188
330.5731 716.0 188
330.9192 714.0 188
331.2653 710.0 188
331.6058 708.0 188
331.9519 706.0 188
332.2925 704.0 188
332.6990 702.0 188
333.0450 700.0 188
333.3856 698.0 188
333.7317 696.0 188
334.0778 694.0 188
334.4183 690.0 188
334.7644 688.0 188
335.1050 686.0 188
335.4510 684.0 188
335.8575 682.0 188
336.1981 682.0 188
336.5442 680.0 188
336.8903 678.0 188
337.2308 676.0 188
337.5769 676.0 188
337.9340 674.0 188
338.2800 672.0 188
338.6206 670.0 188
338.9667 668.0 188
339.3073 668.0 188
339.6533 666.0 188
340.0433 664.0 188
340.4059 662.0 188
340.7465 660.0 188
341.0925 660.0 188
341.4331 658.0 188
341.7792 658.0 188
342.1198 656.0 188
342.4658 654.0 188
342.8119 654.0 188
343.1525 652.0 188
343.4985 652.0 188
343.8391 650.0 188
344.1852 648.0 188
344.5313 648.0 188
344.9323 646.0 188
345.2783 646.0 188
345.6244 644.0 188
345.9650 644.0 188
346.3110 642.0 188
346.6516 642.0 188
346.9977 640.0 188
347.3438 640.0 188
347.6843 638.0 188
348.0304 638.0 188
348.3875 636.0 188
348.7335 636.0 188
349.0741 636.0 188
349.4202 636.0 188
349.7607 634.0 188
350.1068 634.0 188
350.4529 634.0 188
350.7935 632.0 188
351.1395 632.0 188
351.4801 632.0 188
351.8262 632.0 188
352.2327 630.0 188
352.5732 630.0 188
352.9193 630.0 188
353.2654 628.0 188
353.6060 628.0 188
