#RPLIDAR SCAN DATA
#COUNT=785
#Angule	Distance	Quality
352.6556 1908.0 188
352.9962 1906.0 188
353.3423 1904.0 188
353.6829 1900.0 188
354.0289 1898.0 188
354.3750 1898.0 188
354.7156 1896.0 188
355.0616 1894.0 188
355.4022 1892.0 188
355.7483 1892.0 188
356.0779 1892.0 188
356.4844 1888.0 188
356.8250 1886.0 188
357.1710 1886.0 188
357.5116 1886.0 188
357.8577 1884.0 188
358.1982 1884.0 188
358.5443 1884.0 188
358.8904 1882.0 188
359.2310 1880.0 188
359.5770 1878.0 188
359.9011 1880.0 188
0.2472 1878.0 188
0.5933 1878.0 188
0.9338 1876.0 188
1.2799 1876.0 188
1.6205 1878.0 188
1.9666 1876.0 188
2.3071 1876.0 188
2.6532 1876.0 188
2.9993 1878.0 188
3.3398 1878.0 188
3.6859 1876.0 188
4.0265 1878.0 188
4.3726 1876.0 188
4.7186 1876.0 188
5.0592 1876.0 188
5.4053 1876.0 188
5.7458 1880.0 188
6.0919 1880.0 188
6.4325 1878.0 188
6.7786 1878.0 188
7.1246 1880.0 188
7.4652 1884.0 188
7.8113 1884.0 188
8.1519 1890.0 188
8.4375 1900.0 188
9.1241 1918.0 188
9.8273 3572.0 188
10.1678 3576.0 188
10.5139 3580.0 188
10.8545 3588.0 188
11.2006 3584.0 188
11.5466 3588.0 188
11.8872 3596.0 188
12.2333 3600.0 188
12.5739 3604.0 188
12.9199 3608.0 188
13.2605 3612.0 188
13.6066 3620.0 188
13.9526 3632.0 188
14.2932 3632.0 188
14.6393 3636.0 188
14.9799 3640.0 188
15.3259 3644.0 188
15.6665 3652.0 188
16.0126 3660.0 188
16.3586 3668.0 188
16.6992 3668.0 188
17.0453 3676.0 188
17.3859 3692.0 188
17.7319 3692.0 188
18.0780 3696.0 188
18.4186 3708.0 188
18.7646 3720.0 188
19.1052 3728.0 188
19.4348 3732.0 188
19.7809 3728.0 188
20.1215 3740.0 188
20.4675 3752.0 188
20.8081 3760.0 188
21.1542 3768.0 188
21.4948 3736.0 188
21.8408 3696.0 188
22.1869 3696.0 188
23.2141 3708.0 188
23.7964 5664.0 188
24.1370 5576.0 188
24.4830 5488.0 188
24.8236 5384.0 188
25.1697 5312.0 188
25.5103 5272.0 188
25.8563 5216.0 188
26.2024 5160.0 188
26.5430 5088.0 188
26.8890 5016.0 188
27.2296 4944.0 188
27.6361 4880.0 188
27.9822 4824.0 188
28.3228 4768.0 188
28.6688 4720.0 188
29.3555 4672.0 188
30.4321 3964.0 188
30.7782 3976.0 188
31.1243 3960.0 188
31.4648 3916.0 188
31.8109 3888.0 188
32.1515 3880.0 188
32.4976 3892.0 188
32.8436 3904.0 188
33.1842 3904.0 188
33.5303 3952.0 188
33.8708 4016.0 188
34.2169 4016.0 188
34.5575 3984.0 188
34.9036 3948.0 188
35.2496 3908.0 188
35.5902 3880.0 188
35.9363 3844.0 188
36.2769 3804.0 188
36.6229 3768.0 188
36.9635 3752.0 188
37.3096 3732.0 188
37.6556 3696.0 188
37.9962 3668.0 188
38.3423 3632.0 188
38.6829 3596.0 188
39.0289 3564.0 188
39.3750 3536.0 188
39.7650 3512.0 188
40.1056 3492.0 188
40.4517 3468.0 188
40.7922 3452.0 188
41.1383 3424.0 188
41.4844 3392.0 188
41.8250 3364.0 188
42.1710 3340.0 188
42.5116 3320.0 188
42.8577 3304.0 188
43.1982 3280.0 188
43.5443 3252.0 188
43.8904 3228.0 188
44.2310 3204.0 188
44.5770 3184.0 188
44.9176 3172.0 188
45.2637 3156.0 188
45.9503 3156.0 188
46.7303 1592.0 188
47.0764 1572.0 188
47.4170 1556.0 188
47.7631 1544.0 188
48.1696 1532.0 188
48.5156 1522.0 188
48.8562 1514.0 188
49.2023 1510.0 188
49.5428 1506.0 188
49.8889 1500.0 188
50.2295 1492.0 188
50.5756 1490.0 188
50.9052 1488.0 188
51.2457 1486.0 188
51.5918 1484.0 188
51.9324 1482.0 188
52.2784 1482.0 188
52.6245 1480.0 188
52.9651 1480.0 188
53.3112 1482.0 188
53.6517 1484.0 188
53.9978 1484.0 188
54.3384 1486.0 188
54.6844 1490.0 188
55.0305 1494.0 188
55.3711 1498.0 188
55.7172 1502.0 188
56.0577 1508.0 188
56.4038 1516.0 188
56.7499 1522.0 188
57.0905 1528.0 188
57.3706 1538.0 188
57.7167 1552.0 188
58.0573 1566.0 188
58.4033 1586.0 188
58.7494 1616.0 188
59.9030 4352.0 188
60.2490 4384.0 188
60.5896 4424.0 188
61.2762 4480.0 188
61.6223 4232.0 188
61.9684 4224.0 188
62.3090 4208.0 188
62.6550 4192.0 188
62.9956 4192.0 188
63.3417 4208.0 188
63.6823 4256.0 188
64.3744 4312.0 188
64.9951 5120.0 188
65.3412 5184.0 188
65.6873 5264.0 188
66.0278 5336.0 188
66.3739 5416.0 188
66.7145 5472.0 188
67.0605 5528.0 188
67.4011 5608.0 188
68.4338 5840.0 188
68.7799 5912.0 188
69.3567 8208.0 188
69.7467 8192.0 188
70.0928 8168.0 188
70.4333 8152.0 188
70.7794 8152.0 188
71.4661 8136.0 188
71.8121 7048.0 188
72.4988 7008.0 188
73.1854 7560.0 188
73.5150 7664.0 188
73.8556 7824.0 188
74.2017 7952.0 188
74.5422 7856.0 188
75.5750 8024.0 188
76.0309 4544.0 188
76.3715 4512.0 188
76.7175 4488.0 188
77.0581 4472.0 188
77.4042 4472.0 188
77.7448 4464.0 188
78.0908 4464.0 188
78.4369 4464.0 188
78.7775 4472.0 188
79.1235 4480.0 188
79.4641 4488.0 188
79.8102 4520.0 188
81.0571 7800.0 188
81.4032 7808.0 188
81.7493 7792.0 188
82.0898 7776.0 188
82.4359 7760.0 188
82.7765 7760.0 188
83.1226 7744.0 188
83.4686 7720.0 188
83.8092 7728.0 188
84.1553 7736.0 188
84.4958 7720.0 188
84.8419 7712.0 188
85.1825 7728.0 188
85.5286 7728.0 188
85.8746 7728.0 188
86.2152 7720.0 188
86.5448 7720.0 188
86.8854 7704.0 188
87.2314 7688.0 188
87.5775 7688.0 188
87.9181 7696.0 188
88.2642 7712.0 188
88.6047 7704.0 188
88.9508 7688.0 188
89.2969 7672.0 188
89.6375 7680.0 188
89.9835 7720.0 188
90.3241 7728.0 188
90.6702 7744.0 188
91.0107 7744.0 188
91.3568 7752.0 188
91.7029 7736.0 188
92.0435 7768.0 188
94.4330 7680.0 188
94.7791 7640.0 188
95.1196 7616.0 188
95.4657 7624.0 188
95.8118 7648.0 188
96.1523 7648.0 188
97.1851 7656.0 188
106.7157 8416.0 188
107.0618 8312.0 188
107.4023 8248.0 188
113.9502 7120.0 188
114.2963 7120.0 188
114.6368 7112.0 188
114.9829 7104.0 188
115.3235 7096.0 188
115.6531 7096.0 188
115.9991 7096.0 188
116.3397 7096.0 188
116.6858 7088.0 188
117.0264 7088.0 188
117.3724 7080.0 188
117.7185 7080.0 188
118.0591 7080.0 188
118.4052 7080.0 188
118.7292 7080.0 188
119.0753 7064.0 188
119.4214 7064.0 188
119.7620 7080.0 188
120.1080 7080.0 188
120.4486 7080.0 188
120.7947 7088.0 188
128.9355 9416.0 188
129.2761 9408.0 188
129.6222 9328.0 188
129.9683 9256.0 188
130.3088 9200.0 188
130.6549 9160.0 188
130.9955 9104.0 188
131.3416 9008.0 188
131.6711 8944.0 188
132.0117 8912.0 188
132.3578 8848.0 188
132.6984 8784.0 188
133.0444 8720.0 188
133.3905 8656.0 188
133.7311 8600.0 188
134.0771 8544.0 188
134.4177 8480.0 188
134.7473 8472.0 188
135.0934 8536.0 188
135.4340 8608.0 188
135.7800 8672.0 188
136.1206 8728.0 188
136.4667 8792.0 188
136.8073 8848.0 188
137.1533 8872.0 188
137.4994 8920.0 188
138.1696 8960.0 188
138.5156 10368.0 188
138.8562 10320.0 188
139.2023 10248.0 188
139.5428 10192.0 188
139.8889 10128.0 188
140.2295 10096.0 188
140.5756 10048.0 188
140.9052 9976.0 188
141.2457 9920.0 188
141.9983 7192.0 188
142.3389 7176.0 188
142.6685 7152.0 188
143.0145 7144.0 188
143.3551 7160.0 188
143.7012 7176.0 188
144.3878 7192.0 188
144.6680 10264.0 188
145.0140 10392.0 188
145.3546 10424.0 188
145.7007 10440.0 188
146.0468 10576.0 188
146.3873 10720.0 188
146.7169 10808.0 188
147.4036 10880.0 188
147.7496 11872.0 188
148.0902 11904.0 188
148.4363 11920.0 188
148.7769 11976.0 188
149.1229 11976.0 188
149.4635 11944.0 188
149.7931 11912.0 188
150.1392 11896.0 188
150.4797 11952.0 188
150.8258 12024.0 188
151.5125 12112.0 188
153.5120 14256.0 188
155.2148 16768.0 188
155.5609 16784.0 188
155.9015 16720.0 188
156.2476 16672.0 188
156.5936 16656.0 188
157.6044 16688.0 188
162.9053 5928.0 188
163.9325 6008.0 188
166.6681 5808.0 188
167.0142 5768.0 188
167.3547 5736.0 188
167.7008 5712.0 188
168.0469 5712.0 188
168.3710 5720.0 188
169.0576 5744.0 188
173.1061 8112.0 188
175.1715 7720.0 188
175.4956 7800.0 188
175.8417 7752.0 188
176.1823 7696.0 188
176.5283 7640.0 188
176.8744 7584.0 188
177.2150 7544.0 188
177.5610 7536.0 188
177.9016 7576.0 188
178.2312 7632.0 188
178.5773 7680.0 188
178.9178 7744.0 188
179.2639 7792.0 188
179.6045 7824.0 188
179.9506 7840.0 188
180.2966 7840.0 188
180.6372 7816.0 188
180.9833 7760.0 188
181.3074 7728.0 188
181.6534 7704.0 188
181.9995 7664.0 188
182.3401 7648.0 188
182.6862 7680.0 188
183.0267 7728.0 188
183.3728 7784.0 188
183.7134 7856.0 188
184.0594 7904.0 188
184.3890 7952.0 188
184.7296 7984.0 188
185.0757 8000.0 188
185.4218 8048.0 188
185.7623 8096.0 188
186.1084 8096.0 188
186.4490 8056.0 188
186.7950 8016.0 188
187.1246 7992.0 188
187.4652 7960.0 188
187.8113 7944.0 188
188.1519 7936.0 188
188.4979 7920.0 188
188.8385 7912.0 188
189.1846 7912.0 188
189.5306 7880.0 188
189.8712 7848.0 188
190.2008 7824.0 188
190.5469 7816.0 188
192.6068 7816.0 188
193.5736 8224.0 188
194.5898 8312.0 188
195.6830 8120.0 188
198.8086 5896.0 188
199.1547 5896.0 188
199.4952 5904.0 188
199.8413 5912.0 188
200.8740 5944.0 188
214.0466 13912.0 188
218.1555 12320.0 188
219.1827 13848.0 188
219.5288 12312.0 188
220.2649 12216.0 188
220.5450 12840.0 188
221.3416 7568.0 188
221.6821 7520.0 188
222.0282 7480.0 188
222.3743 7472.0 188
222.7148 7504.0 188
223.0609 7544.0 188
223.4015 7584.0 188
224.0277 11968.0 188
224.3738 11912.0 188
224.7144 11832.0 188
225.0604 11880.0 188
225.4010 11960.0 188
225.7471 12016.0 188
226.0767 11936.0 188
226.4172 11952.0 188
227.4500 12152.0 188
227.7960 12192.0 188
228.1366 12288.0 188
228.4167 12424.0 188
230.1855 2872.0 188
230.5261 2792.0 188
230.9216 2732.0 188
231.2622 2676.0 188
231.6083 2632.0 188
231.9489 2592.0 188
232.2949 2556.0 188
232.6355 2524.0 188
232.9816 2496.0 188
233.3276 2468.0 188
233.7177 2444.0 188
234.0582 2416.0 188
234.4043 2392.0 188
234.7449 2376.0 188
235.0909 2352.0 188
235.4370 2320.0 188
235.7776 2296.0 188
236.1072 2272.0 188
236.4478 2256.0 188
236.7938 2244.0 188
237.2003 2224.0 188
237.5464 2208.0 188
237.8870 2188.0 188
238.2330 2172.0 188
238.5571 2160.0 188
238.9032 2148.0 188
239.2493 2132.0 188
239.5898 2120.0 188
239.9359 2108.0 188
240.2765 2096.0 188
240.6226 2084.0 188
240.9686 2076.0 188
241.3092 2064.0 188
241.6553 2056.0 188
242.0453 2046.0 188
242.3859 2036.0 188
242.7319 2024.0 188
243.0780 2014.0 188
243.4186 2008.0 188
243.7646 2002.0 188
244.1052 1996.0 188
244.4348 1990.0 188
244.7809 1986.0 188
245.1215 1980.0 188
245.4675 1972.0 188
245.8081 1964.0 188
246.1542 1958.0 188
246.4948 1952.0 188
246.8408 1946.0 188
247.1869 1938.0 188
247.5275 1936.0 188
247.8571 1948.0 188
248.5437 1904.0 188
248.8898 1904.0 188
249.2303 1898.0 188
249.5764 1894.0 188
249.9664 1890.0 188
250.3125 1890.0 188
250.6091 1892.0 188
250.9497 1898.0 188
251.6199 1920.0 188
252.1362 1568.0 188
252.5427 1534.0 188
252.8723 1508.0 188
253.2184 1488.0 188
253.5590 1472.0 188
253.9050 1458.0 188
254.3115 1444.0 188
254.6521 1434.0 188
254.9982 1426.0 188
255.3278 1420.0 188
255.6683 1414.0 188
256.0144 1408.0 188
256.3550 1402.0 188
256.7010 1398.0 188
257.0416 1394.0 188
257.3877 1392.0 188
257.7338 1390.0 188
258.0743 1388.0 188
258.4204 1386.0 188
258.7500 1384.0 188
259.0906 1382.0 188
259.4366 1380.0 188
259.7772 1380.0 188
260.1233 1378.0 188
260.4639 1376.0 188
260.8099 1374.0 188
261.1560 1376.0 188
261.4966 1374.0 188
261.8427 1374.0 188
262.1832 1374.0 188
262.5128 1376.0 188
262.8589 1374.0 188
263.1995 1374.0 188
263.5455 1374.0 188
263.8861 1374.0 188
264.2322 1374.0 188
264.5728 1374.0 188
264.9188 1374.0 188
265.2649 1376.0 188
265.6055 1374.0 188
265.9515 1376.0 188
266.2811 1376.0 188
266.6217 1378.0 188
266.9678 1378.0 188
267.3083 1378.0 188
267.6544 1380.0 188
267.9950 1380.0 188
268.3411 1382.0 188
268.6871 1384.0 188
269.0112 1384.0 188
269.3573 1386.0 188
269.6979 1386.0 188
270.0439 1388.0 188
270.3900 1388.0 188
270.7306 1390.0 188
271.0767 1392.0 188
271.4172 1394.0 188
271.7468 1394.0 188
272.0929 1396.0 188
272.4335 1398.0 188
272.7795 1400.0 188
273.1201 1402.0 188
273.4662 1404.0 188
273.8123 1404.0 188
274.1528 1408.0 188
274.4824 1410.0 188
274.8230 1412.0 188
275.1691 1414.0 188
275.5151 1416.0 188
275.8557 1420.0 188
276.2018 1422.0 188
276.5424 1424.0 188
276.8884 1428.0 188
277.2180 1430.0 188
277.5586 1432.0 188
277.9047 1436.0 188
278.2452 1440.0 188
278.5913 1444.0 188
278.9374 1446.0 188
279.2175 1450.0 188
279.5581 1454.0 188
279.9042 1458.0 188
280.2448 1462.0 188
280.5908 1466.0 188
280.9204 1470.0 188
281.2610 1476.0 188
281.6071 1482.0 188
281.9531 1484.0 188
282.2937 1490.0 188
282.6398 1496.0 188
282.9803 1500.0 188
283.3264 1506.0 188
283.6560 1512.0 188
283.9966 1518.0 188
284.3427 1524.0 188
284.6832 1530.0 188
285.0293 1536.0 188
285.3094 1544.0 188
285.6555 1550.0 188
285.9961 1558.0 188
286.3422 1566.0 188
286.6827 1576.0 188
287.0288 1586.0 188
287.3584 1598.0 188
287.6990 1608.0 188
288.0450 1622.0 188
288.6713 1648.0 188
288.9020 1902.0 188
289.2480 1900.0 188
289.5886 1894.0 188
289.9841 1890.0 188
290.3247 1886.0 188
290.6708 1884.0 188
290.9509 1896.0 188
291.2915 1920.0 188
291.6376 1952.0 188
293.6371 2188.0 188
293.9172 2236.0 188
294.6094 2276.0 188
294.9994 2088.0 188
295.6860 2060.0 188
296.0925 1964.0 188
296.4166 1996.0 188
296.7627 2004.0 188
297.1088 1996.0 188
297.4493 1990.0 188
297.7954 1984.0 188
298.1360 1982.0 188
298.4821 1978.0 188
298.8281 1978.0 188
299.1522 1976.0 188
299.4983 1974.0 188
299.8389 1974.0 188
300.1849 1978.0 188
300.5310 1978.0 188
300.8716 1982.0 188
301.2177 1988.0 188
301.5582 1990.0 188
301.8878 1994.0 188
302.2339 2002.0 188
302.5745 2012.0 188
302.9205 2022.0 188
303.2611 2036.0 188
303.5468 2052.0 188
303.8873 2076.0 188
304.2334 2116.0 188
304.8102 2544.0 188
305.7770 2796.0 188
306.1230 2784.0 188
306.4636 2764.0 188
306.7932 2740.0 188
307.1997 2716.0 188
307.5458 2700.0 188
307.8864 2680.0 188
308.2324 2660.0 188
308.9026 2648.0 188
310.2155 3000.0 188
310.5615 2980.0 188
310.9021 2960.0 188
311.2482 2936.0 188
311.5887 2912.0 188
311.9348 2896.0 188
312.2809 2880.0 188
312.6050 2856.0 188
312.9510 2832.0 188
313.2916 2816.0 188
313.6377 2800.0 188
313.9838 2784.0 188
314.3243 2772.0 188
314.6704 2748.0 188
315.0604 2728.0 188
315.4010 2708.0 188
315.7471 2692.0 188
316.0931 2680.0 188
316.4337 2668.0 188
316.7798 2648.0 188
317.1204 2636.0 188
317.4500 2616.0 188
317.7960 2592.0 188
318.1366 2580.0 188
318.4827 2572.0 188
318.8232 2560.0 188
319.1693 2544.0 188
319.5154 2532.0 188
319.8560 2520.0 188
320.2020 2504.0 188
320.5261 2492.0 188
320.8722 2480.0 188
321.2183 2464.0 188
321.6248 2452.0 188
321.9653 2440.0 188
322.2949 2428.0 188
322.6355 2420.0 188
322.9816 2408.0 188
323.3276 2400.0 188
323.6682 2384.0 188
324.0143 2376.0 188
324.3549 2360.0 188
324.7009 2348.0 188
325.0305 2336.0 188
325.3711 2328.0 188
325.7172 2320.0 188
326.0577 2312.0 188
326.4038 2300.0 188
326.7499 2288.0 188
327.0905 2284.0 188
327.4365 2280.0 188
327.7771 2280.0 188
328.1067 2284.0 188
328.4528 2292.0 188
328.7933 2308.0 188
329.1394 2320.0 188
329.4800 2340.0 188
329.8260 2360.0 188
330.1666 2384.0 188
330.5127 2412.0 188
330.8588 2440.0 188
331.4795 2472.0 188
332.2321 4928.0 188
333.1824 2512.0 188
333.5284 2508.0 188
333.8745 2504.0 188
334.5612 2496.0 188
336.3904 2104.0 188
336.7310 2092.0 188
337.0770 2084.0 188
337.4176 2080.0 188
337.7637 2072.0 188
338.1042 2068.0 188
338.4503 2060.0 188
338.7964 2056.0 188
339.1370 2052.0 188
339.5270 2046.0 188
339.8730 2042.0 188
340.2136 2036.0 188
340.5597 2030.0 188
340.9058 2026.0 188
341.2463 2020.0 188
341.5924 2014.0 188
341.9330 2010.0 188
342.2791 2006.0 188
342.6196 2002.0 188
342.9657 1998.0 188
343.3118 1994.0 188
343.6523 1992.0 188
343.9984 1988.0 188
344.3390 1984.0 188
344.6686 1982.0 188
345.0146 1978.0 188
345.3552 1970.0 188
345.7013 1966.0 188
346.0419 1962.0 188
346.3879 1958.0 188
346.7340 1952.0 188
347.0746 1950.0 188
347.4207 1946.0 188
347.7612 1944.0 188
348.1073 1940.0 188
348.4479 1938.0 188
348.7939 1934.0 188
349.1400 1932.0 188
349.4806 1930.0 188
349.8267 1926.0 188
350.1672 1924.0 188
350.5133 1924.0 188
350.8594 1920.0 188
351.1835 1918.0 188
351.5295 1916.0 188
351.8701 1912.0 188
352.2162 1912.0 188
