#RPLIDAR SCAN DATA
#COUNT=803
#Angule	Distance	Quality
2.6202 3784.0 188
3.7134 3424.0 188
7.6849 2376.0 188
8.0310 2304.0 188
8.3716 2240.0 188
8.7781 2176.0 188
9.1241 2112.0 188
9.4647 2068.0 188
9.8712 2046.0 188
10.2173 2034.0 188
10.5579 2028.0 188
10.9039 2024.0 188
11.2500 2024.0 188
11.5906 2024.0 188
11.9366 2032.0 188
12.2772 2036.0 188
12.6233 2038.0 188
12.9803 2040.0 188
13.3264 2040.0 188
13.6670 2046.0 188
13.9526 2052.0 188
14.2932 2056.0 188
14.6393 2060.0 188
14.9963 2060.0 188
15.3424 2064.0 188
15.6830 2072.0 188
16.0291 2076.0 188
16.3696 2080.0 188
16.7157 2088.0 188
17.0618 2100.0 188
17.4023 2120.0 188
17.7484 2156.0 188
18.0890 2156.0 188
18.4515 2120.0 188
18.7921 2088.0 188
19.1382 2058.0 188
19.5282 2026.0 188
19.8853 1994.0 188
20.2313 1978.0 188
20.5774 1952.0 188
21.9507 1316.0 188
22.2968 1306.0 188
22.6868 1292.0 188
23.0273 1276.0 188
23.3899 1266.0 188
23.7305 1262.0 188
24.0765 1268.0 188
25.0598 1316.0 188
25.4498 1256.0 188
25.7959 1266.0 188
26.1365 1254.0 188
27.2296 1204.0 188
28.2788 1184.0 188
29.4214 1074.0 188
29.8279 1046.0 188
30.1685 1028.0 188
30.5750 1018.0 188
30.9210 1008.0 188
31.2616 996.0 188
31.6077 986.0 188
32.0142 982.0 188
32.3547 980.0 188
32.7008 980.0 188
32.9810 984.0 188
33.6237 1026.0 188
34.0302 1018.0 188
34.3707 1008.0 188
34.7168 998.0 188
35.7495 992.0 188
36.1560 982.0 188
36.4966 972.0 188
36.8427 964.0 188
37.1832 952.0 188
37.5897 944.0 188
37.9358 936.0 188
38.2764 928.0 188
38.6224 922.0 188
38.9685 920.0 188
40.1221 1116.0 188
40.4681 1108.0 188
40.8252 1100.0 188
41.1713 1094.0 188
41.5118 1086.0 188
41.8579 1078.0 188
42.1985 1072.0 188
42.6050 1066.0 188
42.9510 1068.0 188
43.2916 1062.0 188
43.6377 1048.0 188
43.9838 1042.0 188
44.3243 1036.0 188
44.6704 1030.0 188
45.0769 1022.0 188
45.4175 1016.0 188
45.7635 1010.0 188
46.1041 1004.0 188
46.4502 998.0 188
46.7963 992.0 188
47.1533 986.0 188
47.5433 982.0 188
47.8894 978.0 188
48.2300 974.0 188
48.5925 968.0 188
48.9331 960.0 188
49.2792 958.0 188
49.6198 958.0 188
49.9658 958.0 188
50.3119 964.0 188
50.6525 970.0 188
50.9985 978.0 188
51.2952 986.0 188
51.6357 994.0 188
51.9818 1012.0 188
52.2784 1032.0 188
52.6245 1040.0 188
52.9651 1050.0 188
53.3112 1060.0 188
53.5913 1072.0 188
53.9374 1082.0 188
54.2944 1092.0 188
54.6405 1102.0 188
54.9811 1114.0 188
55.2612 1122.0 188
55.6073 1134.0 188
55.9644 1144.0 188
56.3104 1154.0 188
56.6510 1164.0 188
56.9366 1176.0 188
57.2772 1190.0 188
57.6233 1202.0 188
57.9803 1214.0 188
58.3264 1228.0 188
58.6066 1242.0 188
58.9526 1256.0 188
59.2932 1268.0 188
59.6558 1284.0 188
59.9359 1296.0 188
60.2765 1308.0 188
60.6226 1324.0 188
60.9686 1342.0 188
61.3092 1360.0 188
61.6058 1376.0 188
61.9519 1392.0 188
62.2925 1410.0 188
62.6385 1430.0 188
62.9352 1448.0 188
63.2813 1466.0 188
63.6218 1488.0 188
63.9679 1508.0 188
64.3085 1530.0 188
64.6051 1552.0 188
64.9512 1570.0 188
65.2917 1594.0 188
65.6378 1618.0 188
65.9344 1642.0 188
66.2805 1670.0 188
66.6211 1698.0 188
66.9672 1724.0 188
67.3077 1754.0 188
67.6044 1786.0 188
67.9504 1814.0 188
68.2965 1844.0 188
68.6371 1874.0 188
68.9172 1908.0 188
69.2798 1944.0 188
69.6204 1978.0 188
69.9664 2016.0 188
70.2466 2052.0 188
70.5927 2092.0 188
70.9332 2132.0 188
71.2793 2180.0 188
71.6199 2224.0 188
71.9165 2272.0 188
72.2626 2316.0 188
72.6086 2360.0 188
72.9492 2412.0 188
73.2294 2472.0 188
74.2786 2552.0 188
74.6246 2560.0 188
74.9652 2572.0 188
75.3113 2552.0 188
76.3385 2572.0 188
81.5735 5696.0 188
82.1997 8120.0 188
82.5458 8128.0 188
82.8864 8120.0 188
83.2324 8128.0 188
83.5895 8120.0 188
83.9355 8104.0 188
84.2761 8104.0 188
84.6222 8104.0 188
84.9683 8096.0 188
85.3088 8088.0 188
85.6549 8112.0 188
85.9955 8112.0 188
86.3416 8088.0 188
86.6821 8088.0 188
87.0282 8096.0 188
87.3743 8096.0 188
87.7148 8112.0 188
88.0609 8104.0 188
88.4015 8112.0 188
88.7476 8112.0 188
89.0936 8104.0 188
89.4342 8096.0 188
89.7803 8096.0 188
90.1208 8088.0 188
90.4834 8088.0 188
90.8240 8112.0 188
91.5106 8120.0 188
98.0420 1604.0 188
98.3881 1602.0 188
98.7341 1604.0 188
99.4208 1608.0 188
100.2338 2064.0 188
100.6238 2008.0 188
100.9644 1960.0 188
101.3104 1910.0 188
101.7169 1862.0 188
102.0575 1820.0 188
102.4036 1776.0 188
102.8101 1732.0 188
103.1561 1692.0 188
103.4967 1656.0 188
103.8867 1622.0 188
104.2328 1588.0 188
104.5734 1556.0 188
104.9799 1528.0 188
105.3259 1496.0 188
105.6665 1466.0 188
106.0730 1436.0 188
106.4191 1410.0 188
106.7651 1384.0 188
107.1716 1356.0 188
107.5122 1332.0 188
107.8583 1308.0 188
108.2483 1286.0 188
108.5889 1266.0 188
108.9349 1246.0 188
109.3414 1228.0 188
109.6875 1208.0 188
110.0281 1188.0 188
110.4346 1170.0 188
110.7806 1152.0 188
111.1212 1136.0 188
111.4673 1120.0 188
111.8573 1106.0 188
112.1979 1090.0 188
112.5439 1074.0 188
112.9504 1060.0 188
113.2965 1048.0 188
113.6371 1034.0 188
114.0436 1022.0 188
114.3896 1008.0 188
114.7302 996.0 188
115.0763 984.0 188
115.4828 970.0 188
116.2134 920.0 188
116.6199 908.0 188
116.9659 898.0 188
117.3120 888.0 188
117.6526 886.0 188
117.9987 884.0 188
118.3392 892.0 188
118.6853 900.0 188
119.0259 898.0 188
119.3719 902.0 188
119.7180 904.0 188
120.0586 908.0 188
120.3552 912.0 188
120.7013 916.0 188
121.0419 918.0 188
121.3879 922.0 188
121.7340 926.0 188
122.0746 928.0 188
122.4207 932.0 188
122.7612 936.0 188
123.1073 942.0 188
123.4479 944.0 188
123.7500 948.0 188
124.0906 952.0 188
124.4366 956.0 188
124.7772 962.0 188
125.1233 974.0 188
125.4639 982.0 188
125.8099 980.0 188
126.1560 980.0 188
126.4362 984.0 188
126.7767 988.0 188
127.1228 990.0 188
127.4634 996.0 188
127.8094 1002.0 188
128.1555 1006.0 188
128.5126 1010.0 188
128.8586 1016.0 188
129.1992 1020.0 188
129.4794 1026.0 188
129.8254 1032.0 188
130.1715 1038.0 188
130.5121 1044.0 188
130.8582 1050.0 188
131.1987 1056.0 188
131.4954 1074.0 188
131.8414 1082.0 188
132.1875 1080.0 188
132.5281 1082.0 188
132.8741 1086.0 188
133.2147 1092.0 188
133.5608 1100.0 188
133.9014 1106.0 188
134.2474 1114.0 188
134.5441 1122.0 188
134.8901 1130.0 188
135.2307 1138.0 188
135.5768 1144.0 188
135.9174 1152.0 188
136.2634 1160.0 188
136.6040 1166.0 188
136.8896 1178.0 188
137.2302 1190.0 188
137.5763 1194.0 188
137.9169 1200.0 188
138.2629 1208.0 188
138.6090 1216.0 188
138.9496 1226.0 188
139.2462 1236.0 188
139.5923 1244.0 188
139.9329 1254.0 188
140.2789 1262.0 188
140.6250 1272.0 188
140.9656 1282.0 188
141.2457 1296.0 188
141.5918 1310.0 188
141.9324 1316.0 188
142.2784 1326.0 188
142.6245 1336.0 188
142.9651 1348.0 188
143.3112 1360.0 188
143.6078 1374.0 188
143.9484 1388.0 188
144.2944 1398.0 188
144.6405 1408.0 188
144.9811 1426.0 188
145.3271 1444.0 188
145.6073 1454.0 188
145.9479 1466.0 188
146.2939 1480.0 188
146.6400 1496.0 188
146.9971 1512.0 188
147.3431 1526.0 188
147.6233 1544.0 188
147.9639 1564.0 188
148.3099 1580.0 188
148.6560 1592.0 188
148.9966 1608.0 188
149.3427 1624.0 188
149.6393 1642.0 188
149.9799 1662.0 188
150.3259 1684.0 188
150.6665 1704.0 188
151.0126 1724.0 188
151.3586 1744.0 188
151.6388 1764.0 188
151.9794 1784.0 188
152.3254 1808.0 188
152.6715 1832.0 188
153.0121 1856.0 188
153.3582 1878.0 188
153.6548 1904.0 188
153.9954 1932.0 188
154.3414 1960.0 188
154.6875 1994.0 188
155.0281 2022.0 188
155.3741 2044.0 188
155.6543 2068.0 188
155.9949 2104.0 188
156.3409 2136.0 188
156.6870 2168.0 188
157.0276 2204.0 188
157.3242 2240.0 188
157.6703 2276.0 188
158.0109 2312.0 188
158.3569 2348.0 188
158.7030 2392.0 188
159.0436 2432.0 188
159.3237 2472.0 188
159.6698 2520.0 188
160.0104 2564.0 188
160.3564 2616.0 188
160.7025 2668.0 188
161.0431 2720.0 188
161.3397 2776.0 188
161.6858 2836.0 188
162.0264 2896.0 188
162.3724 2960.0 188
162.7185 3032.0 188
162.9987 3092.0 188
163.3392 3152.0 188
163.6853 3224.0 188
164.0259 3308.0 188
164.3719 3396.0 188
164.7180 3496.0 188
165.0146 3596.0 188
165.3552 3684.0 188
166.0419 3916.0 188
166.3879 3968.0 188
166.7340 3956.0 188
167.0746 3936.0 188
167.4207 3928.0 188
167.7612 3924.0 188
168.1073 3920.0 188
168.4479 3920.0 188
168.7939 3916.0 188
169.1400 3908.0 188
169.4806 3904.0 188
169.8267 3900.0 188
170.1672 3900.0 188
170.5133 3916.0 188
171.2000 3940.0 188
174.0729 9264.0 188
174.4189 9304.0 188
174.7650 9336.0 188
175.1056 9344.0 188
175.4517 9336.0 188
175.7922 9312.0 188
176.1383 9328.0 188
176.4844 9288.0 188
176.8250 9280.0 188
177.1710 9272.0 188
177.5116 9280.0 188
177.8577 9336.0 188
178.1982 9336.0 188
178.5443 9344.0 188
178.8904 9344.0 188
179.2310 9320.0 188
179.5770 9304.0 188
180.2637 9288.0 188
181.2964 9264.0 188
181.6370 9264.0 188
182.3895 7920.0 188
186.9653 4336.0 188
187.3114 4352.0 188
187.6520 4376.0 188
188.6847 4432.0 188
189.8273 3300.0 188
190.1678 3208.0 188
190.5139 3120.0 188
190.9204 3036.0 188
191.2610 2960.0 188
191.6071 2880.0 188
191.9531 2804.0 188
192.2937 2740.0 188
192.6837 2676.0 188
193.0298 2616.0 188
193.3704 2556.0 188
193.7164 2500.0 188
194.1229 2452.0 188
194.4635 2408.0 188
194.8096 2364.0 188
195.1556 2316.0 188
195.4962 2268.0 188
195.9027 2220.0 188
196.2488 2180.0 188
196.5894 2144.0 188
196.9354 2104.0 188
197.2760 2064.0 188
197.6715 2032.0 188
198.0121 1998.0 188
198.3582 1972.0 188
198.6987 1940.0 188
199.0448 1908.0 188
199.4513 1876.0 188
199.7919 1848.0 188
200.1379 1820.0 188
200.4840 1794.0 188
200.8246 1768.0 188
201.2311 1742.0 188
201.5771 1716.0 188
201.9177 1690.0 188
202.2638 1670.0 188
202.6044 1650.0 188
203.0109 1628.0 188
203.3569 1606.0 188
203.7030 1586.0 188
204.0436 1564.0 188
204.3896 1546.0 188
204.7961 1526.0 188
205.1367 1506.0 188
205.4828 1490.0 188
205.8234 1472.0 188
206.1694 1454.0 188
206.5759 1436.0 188
206.9165 1420.0 188
207.2626 1404.0 188
207.6086 1392.0 188
207.9492 1378.0 188
208.3557 1364.0 188
208.7018 1350.0 188
209.0424 1336.0 188
209.3884 1322.0 188
209.7290 1308.0 188
210.1355 1294.0 188
210.4816 1282.0 188
210.8276 1268.0 188
211.1682 1258.0 188
211.5143 1248.0 188
211.8549 1238.0 188
212.2614 1226.0 188
212.6074 1216.0 188
212.9480 1206.0 188
213.2941 1194.0 188
213.6401 1184.0 188
213.9807 1174.0 188
214.3872 1164.0 188
214.7333 1154.0 188
215.0739 1146.0 188
215.4199 1138.0 188
215.7605 1130.0 188
216.1066 1120.0 188
216.5131 1112.0 188
216.8591 1104.0 188
217.1997 1094.0 188
217.5458 1086.0 188
217.8864 1076.0 188
218.2928 1068.0 188
218.6389 1060.0 188
218.9795 1052.0 188
219.3256 1044.0 188
219.6716 1038.0 188
220.0122 1032.0 188
220.4187 1024.0 188
220.7648 1016.0 188
221.1053 1008.0 188
221.4514 1002.0 188
221.7920 996.0 188
222.1381 990.0 188
222.5446 982.0 188
222.8906 974.0 188
223.2312 968.0 188
223.5773 962.0 188
223.9178 956.0 188
224.2639 956.0 188
224.6045 960.0 188
224.9670 966.0 188
225.3076 972.0 188
225.6537 978.0 188
225.9338 984.0 188
226.2799 990.0 188
226.6205 998.0 188
226.9666 1004.0 188
227.3236 1012.0 188
227.6697 1018.0 188
228.0103 1024.0 188
228.2959 1032.0 188
228.6365 1040.0 188
228.9825 1048.0 188
230.0262 1058.0 188
230.9985 866.0 188
231.3391 876.0 188
231.9214 912.0 188
232.2620 916.0 188
232.6080 914.0 188
232.9486 912.0 188
233.3551 910.0 188
233.7012 908.0 188
234.0417 908.0 188
234.3878 904.0 188
234.7339 900.0 188
235.0745 902.0 188
235.4205 904.0 188
235.7611 906.0 188
236.4478 886.0 188
236.7938 894.0 188
237.1399 884.0 188
237.5464 876.0 188
237.8265 880.0 188
238.1671 880.0 188
238.5132 882.0 188
238.8593 882.0 188
239.1998 882.0 188
239.5459 882.0 188
239.9524 874.0 188
240.2930 870.0 188
240.6390 864.0 188
242.6990 870.0 188
243.6823 900.0 188
244.2480 776.0 188
244.9347 780.0 188
246.7969 1574.0 188
247.1375 1574.0 188
247.4835 1572.0 188
248.1702 1576.0 188
250.1532 766.0 188
251.3232 1474.0 188
252.9218 938.0 188
253.7622 842.0 188
254.1083 836.0 188
254.4653 832.0 188
254.8114 828.0 188
255.1520 824.0 188
255.4980 822.0 188
256.6846 638.0 188
257.0306 640.0 188
257.3712 640.0 188
257.7173 638.0 188
258.0579 638.0 188
258.4039 638.0 188
258.7500 636.0 188
259.0906 636.0 188
259.4366 636.0 188
259.7772 636.0 188
260.1233 634.0 188
260.8099 640.0 188
262.2162 1678.0 188
262.5623 1652.0 188
262.9688 1634.0 188
263.3093 1632.0 188
263.6554 1634.0 188
264.6222 1718.0 188
267.1710 5536.0 188
267.5116 5312.0 188
267.8577 5288.0 188
268.1982 5280.0 188
268.5443 5264.0 188
268.8904 5232.0 188
269.2310 5200.0 188
269.5770 5216.0 188
269.9176 5248.0 188
270.2637 5280.0 188
270.6042 5312.0 188
271.2964 5328.0 188
271.6370 5664.0 188
272.3236 5688.0 188
272.6697 5064.0 188
273.3563 5624.0 188
274.3890 5696.0 188
275.0757 4992.0 188
275.4218 5024.0 188
276.1084 5544.0 188
276.4490 5472.0 188
277.1356 5112.0 188
277.4817 5112.0 188
277.8278 5184.0 188
278.5309 5224.0 188
278.9813 3584.0 188
279.7174 3356.0 188
280.0580 3304.0 188
280.4041 3300.0 188
280.7446 3304.0 188
281.7773 3308.0 188
282.3541 4272.0 188
282.7002 4176.0 188
283.1067 4088.0 188
283.4528 3992.0 188
283.7933 3900.0 188
284.1394 3828.0 188
284.4800 3752.0 188
284.8260 3672.0 188
285.1666 3596.0 188
285.5127 3528.0 188
285.9192 3460.0 188
286.2653 3404.0 188
286.6058 3344.0 188
286.9519 3280.0 188
287.2925 3224.0 188
287.6385 3172.0 188
287.9791 3120.0 188
288.3746 3072.0 188
288.7152 3024.0 188
289.0613 2980.0 188
289.4019 2932.0 188
289.7644 2884.0 188
290.1050 2848.0 188
290.4510 2804.0 188
290.7916 2760.0 188
291.1871 2724.0 188
291.5277 2684.0 188
291.8738 2648.0 188
292.2144 2620.0 188
292.5604 2584.0 188
292.9010 2548.0 188
293.2471 2516.0 188
293.5931 2484.0 188
293.9996 2456.0 188
294.3402 2420.0 188
294.6863 2392.0 188
295.0269 2364.0 188
295.3729 2336.0 188
295.7135 2308.0 188
296.0596 2288.0 188
296.4056 2260.0 188
296.8121 2232.0 188
297.1527 2208.0 188
297.4988 2184.0 188
297.8394 2156.0 188
298.1854 2140.0 188
298.5260 2144.0 188
298.8721 2156.0 188
299.2181 2160.0 188
299.5587 2168.0 188
299.9048 2172.0 188
300.2454 2180.0 188
300.5914 2188.0 188
300.9375 2200.0 188
301.2781 2208.0 188
301.6241 2216.0 188
301.9647 2224.0 188
302.2614 2236.0 188
302.6074 2248.0 188
303.3435 2058.0 188
303.7500 2046.0 188
304.0906 2046.0 188
304.3872 2050.0 188
304.7772 2042.0 188
305.1233 2026.0 188
305.4639 2014.0 188
305.8099 2004.0 188
306.1670 1998.0 188
306.5131 1992.0 188
306.8591 1984.0 188
307.1997 1976.0 188
307.5458 1970.0 188
307.8864 1964.0 188
308.2324 1960.0 188
308.5730 1956.0 188
308.9191 1954.0 188
309.2651 1946.0 188
309.6057 1940.0 188
309.9518 1940.0 188
310.2924 1942.0 188
310.6384 1946.0 188
310.9790 1972.0 188
311.3251 2004.0 188
311.6821 2020.0 188
311.9678 2060.0 188
312.3083 2108.0 188
312.6544 2124.0 188
312.9950 2120.0 188
313.3411 2116.0 188
313.6871 2116.0 188
314.0277 2112.0 188
314.3738 2112.0 188
314.7144 2112.0 188
315.0769 2112.0 188
315.4175 2112.0 188
315.7635 2116.0 188
316.1041 2120.0 188
316.4502 2128.0 188
316.7963 2132.0 188
317.1368 2144.0 188
317.4829 2152.0 188
317.8235 2164.0 188
318.1696 2176.0 188
318.5156 2196.0 188
319.2023 2228.0 188
320.8118 2472.0 188
321.1688 2472.0 188
321.5149 2476.0 188
321.8555 2480.0 188
322.2015 2488.0 188
322.5421 2492.0 188
322.8882 2496.0 188
323.2343 2508.0 188
324.3878 4312.0 188
324.7339 4352.0 188
325.0745 4360.0 188
326.4038 5592.0 188
327.0905 5576.0 188
328.0573 7640.0 188
329.1559 5336.0 188
331.2762 4456.0 188
331.6223 4440.0 188
331.9684 4440.0 188
332.3090 4472.0 188
332.9956 4672.0 188
333.3417 4664.0 188
333.6823 4640.0 188
334.0283 4640.0 188
334.3744 4616.0 188
334.7314 4584.0 188
335.0775 4576.0 188
335.4181 4568.0 188
335.7642 4592.0 188
336.1047 4600.0 188
336.4508 4576.0 188
336.7969 4520.0 188
337.1375 4464.0 188
337.4835 4456.0 188
337.8241 4440.0 188
338.5107 4416.0 188
339.8895 4392.0 188
340.5762 4392.0 188
342.5262 7736.0 188
342.8723 7816.0 188
343.5590 7840.0 188
344.2456 6952.0 188
344.5917 6920.0 188
344.9323 6912.0 188
345.6244 6944.0 188
345.9650 6912.0 188
346.3110 6864.0 188
346.6516 6896.0 188
349.7003 8424.0 188
