#RPLIDAR SCAN DATA
#COUNT=727
#Angule	Distance	Quality
352.0294 12960.0 188
352.8699 5488.0 188
353.2159 5448.0 188
353.5620 5432.0 188
353.8861 5416.0 188
354.2322 5416.0 188
354.5728 5408.0 188
354.9023 5416.0 188
355.2484 5440.0 188
355.5890 5464.0 188
355.9186 5488.0 188
356.7810 13192.0 188
357.1051 13184.0 188
357.4512 13160.0 188
357.7917 13168.0 188
358.1213 13176.0 188
358.4674 13184.0 188
358.7915 13216.0 188
359.8077 13256.0 188
3.8727 13280.0 188
4.2188 13376.0 188
4.5593 13456.0 188
4.8889 13448.0 188
5.2295 13456.0 188
5.5756 13512.0 188
5.9052 13520.0 188
6.2457 13504.0 188
6.5918 13512.0 188
6.9214 13544.0 188
7.9321 13576.0 188
11.1511 5640.0 188
12.5134 5200.0 188
12.8430 5096.0 188
13.1836 5016.0 188
13.5297 5000.0 188
13.8702 5008.0 188
14.1998 5016.0 188
15.2325 5024.0 188
15.5621 5032.0 188
15.9027 5048.0 188
16.2488 5064.0 188
16.5894 5072.0 188
16.9189 5080.0 188
17.2650 5096.0 188
18.0615 3972.0 188
18.3856 3904.0 188
18.7317 3840.0 188
19.0778 3784.0 188
19.4183 3720.0 188
19.7479 3652.0 188
20.0885 3600.0 188
20.4346 3556.0 188
20.8246 3500.0 188
21.1707 3448.0 188
21.4948 3404.0 188
21.8408 3360.0 188
22.1869 3348.0 188
22.5275 3304.0 188
22.8571 3228.0 188
23.2031 3192.0 188
23.5437 3164.0 188
23.8898 3132.0 188
24.2139 3088.0 188
24.6204 3044.0 188
24.9500 3012.0 188
25.2960 2984.0 188
25.6366 2952.0 188
25.9827 2912.0 188
26.3123 2880.0 188
26.6528 2860.0 188
26.9989 2836.0 188
27.3230 2800.0 188
27.6691 2768.0 188
28.0151 2740.0 188
28.4052 2712.0 188
28.7457 2688.0 188
29.0918 2664.0 188
29.4214 2648.0 188
29.7620 2632.0 188
30.1080 2628.0 188
30.4486 2636.0 188
30.7782 2644.0 188
31.1243 2656.0 188
31.4648 2668.0 188
31.7944 2676.0 188
32.1405 2684.0 188
32.4811 2692.0 188
32.8271 2700.0 188
33.1512 2712.0 188
33.4973 2728.0 188
33.7775 2744.0 188
34.1235 2760.0 188
34.4641 2772.0 188
34.7937 2784.0 188
35.1398 2796.0 188
35.4803 2808.0 188
35.8264 2824.0 188
36.1560 2832.0 188
36.4966 2844.0 188
36.8427 2860.0 188
37.1832 2876.0 188
37.5128 2888.0 188
37.8589 2904.0 188
38.1995 2920.0 188
38.5291 2940.0 188
38.8696 2956.0 188
39.2157 2968.0 188
39.5618 2980.0 188
39.8859 3000.0 188
40.2319 3012.0 188
40.5780 3028.0 188
40.9186 3044.0 188
41.2482 3068.0 188
41.5283 3108.0 188
41.8744 3144.0 188
42.2150 3144.0 188
42.5610 3128.0 188
42.8906 3116.0 188
44.0277 2620.0 188
44.3573 2604.0 188
44.6979 2596.0 188
45.0439 2596.0 188
45.3900 2612.0 188
46.0602 2632.0 188
46.9061 1894.0 188
47.2961 1884.0 188
47.6367 1876.0 188
47.9828 1866.0 188
48.3124 1858.0 188
48.6530 1850.0 188
48.9990 1840.0 188
49.3396 1832.0 188
49.6692 1824.0 188
50.0153 1818.0 188
50.3558 1810.0 188
50.6854 1804.0 188
51.0260 1798.0 188
51.3721 1792.0 188
51.7017 1786.0 188
52.0422 1778.0 188
52.3883 1770.0 188
52.7344 1764.0 188
53.1244 1756.0 188
53.4485 1750.0 188
53.7946 1742.0 188
54.1406 1738.0 188
54.4812 1732.0 188
54.8108 1724.0 188
55.1514 1718.0 188
55.4974 1712.0 188
55.8270 1706.0 188
56.1676 1702.0 188
56.5137 1696.0 188
56.8433 1690.0 188
57.1838 1684.0 188
57.5299 1680.0 188
57.8705 1676.0 188
58.2001 1672.0 188
58.5461 1666.0 188
58.8867 1660.0 188
59.2163 1654.0 188
59.5624 1650.0 188
59.9030 1646.0 188
60.2325 1642.0 188
60.6390 1638.0 188
60.9686 1634.0 188
61.3092 1630.0 188
61.6553 1626.0 188
61.9958 1620.0 188
62.3254 1618.0 188
62.6715 1614.0 188
63.0121 1610.0 188
63.3417 1608.0 188
63.6823 1604.0 188
64.0283 1600.0 188
64.3579 1596.0 188
64.6985 1592.0 188
65.0446 1590.0 188
65.3741 1584.0 188
65.7147 1582.0 188
66.0608 1580.0 188
66.4014 1576.0 188
66.7310 1574.0 188
67.0770 1570.0 188
67.4176 1566.0 188
67.7472 1564.0 188
68.0933 1564.0 188
68.4338 1562.0 188
68.7634 1560.0 188
69.1040 1564.0 188
69.4501 1572.0 188
69.7961 1582.0 188
70.1202 1598.0 188
70.4663 1624.0 188
70.7465 1652.0 188
71.0925 1684.0 188
71.4166 1720.0 188
71.7627 1756.0 188
72.0428 1798.0 188
72.3889 1846.0 188
72.6691 1900.0 188
73.0151 1950.0 188
73.6853 2004.0 188
74.6521 2196.0 188
74.9323 2324.0 188
75.2618 2332.0 188
75.6079 2348.0 188
75.9485 2380.0 188
76.2946 2432.0 188
76.5747 2500.0 188
77.5909 2656.0 188
78.8269 3132.0 188
79.1675 3132.0 188
79.4971 3128.0 188
79.8431 3128.0 188
80.1837 3136.0 188
80.5133 3132.0 188
80.8594 3120.0 188
81.2000 3116.0 188
81.5295 3116.0 188
81.8701 3124.0 188
82.2162 3124.0 188
82.5458 3132.0 188
82.8864 3124.0 188
83.2324 3112.0 188
83.5620 3112.0 188
83.9026 3112.0 188
84.2322 3112.0 188
84.5728 3120.0 188
84.9188 3124.0 188
85.2484 3116.0 188
85.5890 3112.0 188
85.9351 3108.0 188
86.2646 3108.0 188
86.6052 3104.0 188
86.9513 3120.0 188
87.2809 3124.0 188
87.6215 3116.0 188
87.9675 3112.0 188
88.2916 3112.0 188
88.6377 3112.0 188
88.9673 3116.0 188
89.3079 3112.0 188
89.6539 3124.0 188
89.9835 3128.0 188
90.6702 3124.0 188
90.9998 3128.0 188
91.3403 3128.0 188
91.6864 3132.0 188
92.7026 3136.0 188
93.1366 2696.0 188
93.4827 2700.0 188
93.8232 2708.0 188
94.1528 2712.0 188
94.7186 3144.0 188
95.0592 3152.0 188
95.4053 3168.0 188
95.7294 3168.0 188
96.0754 3164.0 188
96.4215 3168.0 188
96.7456 3172.0 188
97.0917 3180.0 188
97.4323 3184.0 188
97.7618 3188.0 188
98.1079 3192.0 188
98.4485 3196.0 188
98.7781 3204.0 188
99.1241 3204.0 188
99.4482 3208.0 188
99.7943 3208.0 188
100.1404 3212.0 188
100.4645 3220.0 188
100.8105 3224.0 188
101.1511 3228.0 188
101.4807 3232.0 188
101.8268 3236.0 188
102.1674 3248.0 188
102.4969 3248.0 188
102.8430 3252.0 188
103.1836 3268.0 188
103.5132 3276.0 188
103.8593 3272.0 188
104.1998 3280.0 188
104.5294 3288.0 188
104.8700 3288.0 188
105.1996 3300.0 188
105.5457 3308.0 188
105.8862 3312.0 188
106.2158 3320.0 188
106.5619 3336.0 188
106.9025 3344.0 188
107.5781 3176.0 188
107.9187 3128.0 188
108.2483 3080.0 188
108.6548 3036.0 188
108.9844 2988.0 188
109.3250 2944.0 188
109.6545 2904.0 188
109.9951 2864.0 188
110.3412 2824.0 188
110.6708 2796.0 188
111.0114 2764.0 188
111.4014 2728.0 188
111.7474 2692.0 188
112.0770 2652.0 188
112.4176 2616.0 188
112.7637 2592.0 188
113.0933 2572.0 188
113.4338 2568.0 188
113.7799 2572.0 188
114.1040 2576.0 188
114.4501 2584.0 188
114.7797 2592.0 188
115.1202 2608.0 188
115.4663 2616.0 188
115.7959 2628.0 188
116.1365 2640.0 188
116.4825 2644.0 188
116.8121 2652.0 188
117.1527 2676.0 188
117.7625 2756.0 188
118.1689 2732.0 188
118.4491 2736.0 188
118.7787 2748.0 188
119.1248 2752.0 188
119.4653 2760.0 188
119.7949 2772.0 188
120.1355 2780.0 188
120.4651 2776.0 188
120.8112 2780.0 188
121.1517 2792.0 188
121.4813 2804.0 188
121.8274 2816.0 188
122.1680 2828.0 188
122.4976 2840.0 188
122.8436 2856.0 188
123.1677 2872.0 188
126.1066 4076.0 188
126.7328 4112.0 188
127.0624 4144.0 188
127.4030 4168.0 188
127.7325 4184.0 188
128.0731 4208.0 188
128.4192 4232.0 188
128.7488 4256.0 188
129.0894 4288.0 188
130.1056 4312.0 188
131.1218 4304.0 188
131.4514 4448.0 188
131.7920 4480.0 188
132.1381 4512.0 188
132.4677 4544.0 188
132.8082 4576.0 188
133.1378 4608.0 188
133.4839 4632.0 188
134.1541 4664.0 188
135.5109 4776.0 188
135.8405 4824.0 188
136.1865 4864.0 188
136.5271 4912.0 188
136.8073 4952.0 188
137.1368 4992.0 188
137.4829 5000.0 188
138.1531 5016.0 188
139.9054 4896.0 188
140.2460 4888.0 188
141.2457 4896.0 188
141.5918 4872.0 188
141.9324 4840.0 188
142.2620 4824.0 188
142.6080 4808.0 188
142.9486 4792.0 188
143.2782 4784.0 188
143.6243 4776.0 188
143.9484 4760.0 188
144.2944 4736.0 188
144.6405 4712.0 188
144.9646 4688.0 188
145.3107 4680.0 188
145.6403 4664.0 188
145.9808 4648.0 188
146.3269 4632.0 188
146.6510 4600.0 188
146.9971 4592.0 188
147.3267 4584.0 188
147.6672 4600.0 188
148.0133 4552.0 188
148.3429 4504.0 188
148.6835 4528.0 188
149.3591 4528.0 188
150.2655 8120.0 188
150.5457 8216.0 188
150.8862 8296.0 188
151.2158 8424.0 188
152.2321 8576.0 188
152.9022 9032.0 188
153.2483 9208.0 188
153.5779 9376.0 188
154.2645 9792.0 188
156.2311 15272.0 188
156.5607 15104.0 188
156.9012 15088.0 188
157.2473 15088.0 188
157.5769 15008.0 188
157.9175 14952.0 188
158.2471 14896.0 188
159.1534 4160.0 188
159.4995 4168.0 188
160.4993 4168.0 188
161.1859 4496.0 188
161.5155 4552.0 188
161.8561 4624.0 188
162.5262 4104.0 188
162.9218 4088.0 188
163.2623 4072.0 188
163.6084 4068.0 188
163.9325 4064.0 188
164.2786 4080.0 188
164.5587 4144.0 188
164.8883 4240.0 188
165.2344 4272.0 188
165.5750 4264.0 188
165.9045 4256.0 188
166.2451 4248.0 188
166.5912 4248.0 188
166.9208 4240.0 188
167.2614 4248.0 188
167.5909 4240.0 188
167.9370 4224.0 188
168.2776 4224.0 188
168.6072 4224.0 188
168.9478 4216.0 188
169.2773 4200.0 188
169.6234 4208.0 188
169.9640 4208.0 188
170.2936 4208.0 188
170.6396 4208.0 188
170.9637 4208.0 188
172.5458 1146.0 188
172.8864 1124.0 188
173.2764 1110.0 188
173.6060 1100.0 188
173.9520 1090.0 188
174.2926 1084.0 188
174.6222 1076.0 188
174.9683 1070.0 188
175.3583 1066.0 188
175.6989 1060.0 188
176.0449 1056.0 188
176.3745 1052.0 188
176.7151 1050.0 188
177.0612 1046.0 188
177.3853 1044.0 188
177.7313 1040.0 188
178.0774 1038.0 188
178.4015 1036.0 188
178.7476 1034.0 188
179.0936 1032.0 188
179.4177 1032.0 188
179.7638 1030.0 188
180.1044 1030.0 188
180.4340 1030.0 188
180.7800 1032.0 188
181.1206 1030.0 188
181.4502 1030.0 188
181.7963 1032.0 188
182.1368 1032.0 188
182.4664 1034.0 188
182.8125 1034.0 188
183.1531 1034.0 188
183.4827 1036.0 188
183.8232 1038.0 188
184.1693 1042.0 188
184.4989 1044.0 188
184.8395 1046.0 188
185.1855 1050.0 188
185.5151 1054.0 188
185.8557 1058.0 188
186.2018 1062.0 188
186.5259 1066.0 188
186.8115 1074.0 188
187.1521 1080.0 188
187.4982 1086.0 188
187.8278 1096.0 188
188.1683 1106.0 188
188.5144 1114.0 188
188.7946 1126.0 188
189.8108 1148.0 188
190.6512 3752.0 188
190.9973 3764.0 188
191.6235 4352.0 188
191.9531 4416.0 188
192.2937 4424.0 188
192.6398 4440.0 188
192.9639 4448.0 188
193.3099 4456.0 188
193.6560 4480.0 188
193.9801 4464.0 188
194.3262 4464.0 188
194.9963 4512.0 188
195.3424 4520.0 188
195.6830 4528.0 188
196.0126 4544.0 188
196.3586 4544.0 188
196.6992 4560.0 188
197.0288 4576.0 188
197.3749 4592.0 188
197.7155 4608.0 188
198.0450 4616.0 188
198.3856 4632.0 188
198.7317 4648.0 188
199.0613 4656.0 188
199.4019 4720.0 188
199.7479 4768.0 188
200.0775 4728.0 188
201.0938 4696.0 188
201.4948 4008.0 188
201.8243 3968.0 188
202.1704 3980.0 188
203.1866 3984.0 188
203.4668 4768.0 188
203.8074 4784.0 188
204.1370 4808.0 188
204.4830 4824.0 188
204.8236 4848.0 188
205.1532 4880.0 188
205.4993 4904.0 188
206.1694 4912.0 188
206.9055 3692.0 188
207.2461 3656.0 188
207.5922 3660.0 188
207.9218 3672.0 188
208.2623 3692.0 188
209.8883 4328.0 188
210.2344 4344.0 188
211.1847 5248.0 188
211.5308 5280.0 188
211.8713 5312.0 188
212.2009 5336.0 188
212.5415 5360.0 188
212.8876 5384.0 188
213.2172 5408.0 188
214.1840 6608.0 188
215.4639 9640.0 188
216.1560 9720.0 188
216.9965 4816.0 188
217.3260 4808.0 188
218.3423 4840.0 188
222.5775 9280.0 188
222.9016 9224.0 188
223.2477 9272.0 188
223.5938 9336.0 188
223.9178 9392.0 188
224.2639 9456.0 188
224.6045 9536.0 188
224.9341 9672.0 188
225.2802 9800.0 188
225.6207 9896.0 188
225.9503 10000.0 188
226.2964 10088.0 188
226.6205 10144.0 188
226.9666 10192.0 188
227.3071 10264.0 188
227.6367 10312.0 188
227.9828 10360.0 188
228.3234 10424.0 188
228.6530 10496.0 188
228.9990 10600.0 188
229.3231 10672.0 188
229.6692 10736.0 188
230.0153 10816.0 188
230.3394 10864.0 188
230.6854 10952.0 188
231.3556 11072.0 188
242.4683 3468.0 188
242.7924 3424.0 188
243.1384 3396.0 188
243.4790 3380.0 188
243.8086 3364.0 188
244.1547 3360.0 188
244.4952 3352.0 188
244.8248 3348.0 188
245.1709 3352.0 188
245.5115 3344.0 188
245.8411 3344.0 188
246.1871 3356.0 188
246.5277 3368.0 188
246.8573 3372.0 188
247.1979 3376.0 188
247.5439 3396.0 188
247.8735 3432.0 188
248.8898 3484.0 188
255.7782 6440.0 188
265.3088 6136.0 188
265.6384 6128.0 188
265.9790 6112.0 188
266.3251 6080.0 188
266.9952 5400.0 188
267.3413 5360.0 188
268.0115 5432.0 188
268.3575 5768.0 188
268.6871 5848.0 188
269.0277 5840.0 188
269.3738 5816.0 188
270.0439 5768.0 188
270.3900 5720.0 188
270.7141 5696.0 188
271.0602 5672.0 188
271.4063 5632.0 188
272.0764 5616.0 188
272.4060 5592.0 188
272.7466 5560.0 188
273.0927 5544.0 188
273.4167 5528.0 188
273.7628 5504.0 188
274.1089 5472.0 188
275.1196 5456.0 188
275.4492 5408.0 188
275.7953 5400.0 188
276.1359 5376.0 188
276.4655 5344.0 188
276.8115 5328.0 188
277.1521 5304.0 188
277.4817 5280.0 188
277.8278 5264.0 188
278.1683 5248.0 188
278.4979 5216.0 188
278.8385 5192.0 188
279.1846 5184.0 188
279.5142 5160.0 188
280.2008 5144.0 188
280.5908 4616.0 188
280.9204 4616.0 188
281.2610 4648.0 188
281.8872 5064.0 188
282.2333 5048.0 188
282.5574 5040.0 188
283.2330 5032.0 188
283.7494 3376.0 188
284.5294 2540.0 188
284.8700 2532.0 188
285.2161 2528.0 188
285.5457 2528.0 188
286.5619 2540.0 188
287.1222 3304.0 188
287.4683 3304.0 188
287.8088 3296.0 188
288.1384 3288.0 188
288.4790 3284.0 188
288.8251 3276.0 188
289.1547 3268.0 188
289.4952 3260.0 188
289.8413 3252.0 188
290.1709 3240.0 188
290.5115 3232.0 188
290.8575 3228.0 188
291.1871 3224.0 188
291.5277 3220.0 188
291.8738 3208.0 188
292.1979 3200.0 188
292.5439 3196.0 188
292.8900 3192.0 188
293.2141 3192.0 188
293.5602 3184.0 188
293.9063 3180.0 188
294.2303 3180.0 188
294.5764 3176.0 188
294.9170 3168.0 188
295.2466 3164.0 188
295.5927 3164.0 188
295.9332 3160.0 188
296.2628 3160.0 188
296.6089 3156.0 188
297.4988 2108.0 188
297.8394 2108.0 188
298.1854 2104.0 188
298.5150 2104.0 188
298.8556 2104.0 188
299.2017 2100.0 188
299.5313 2096.0 188
299.8718 2100.0 188
300.2179 2096.0 188
300.5420 2092.0 188
300.8881 2092.0 188
301.2341 2092.0 188
301.5582 2088.0 188
301.9043 2088.0 188
302.2449 2088.0 188
302.5745 2088.0 188
302.9205 2088.0 188
303.2611 2088.0 188
303.5907 2084.0 188
303.9368 2084.0 188
304.2773 2084.0 188
304.6069 2084.0 188
304.9530 2080.0 188
305.2936 2080.0 188
305.6232 2080.0 188
305.9637 2084.0 188
306.2933 2084.0 188
306.6394 2080.0 188
306.9800 2080.0 188
307.3096 2080.0 188
307.6556 2084.0 188
307.9962 2080.0 188
308.3258 2084.0 188
308.6719 2088.0 188
309.0125 2084.0 188
309.3420 2084.0 188
309.6826 2088.0 188
310.0287 2084.0 188
310.3583 2088.0 188
311.0284 2092.0 188
312.6709 5088.0 188
314.8737 3192.0 188
315.2142 3204.0 188
315.5438 3204.0 188
315.8899 3228.0 188
317.4060 5128.0 188
317.7466 5184.0 188
319.9493 3096.0 188
325.0140 3340.0 188
328.8593 6600.0 188
350.4034 13304.0 188
350.7495 13304.0 188
351.0901 13288.0 188
351.4197 13120.0 188
