#RPLIDAR SCAN DATA
#COUNT=902
#Angule	Distance	Quality
354.0729 610.0 188
354.4189 610.0 188
354.7650 610.0 188
355.1056 610.0 188
355.4681 610.0 188
355.8087 610.0 188
356.1548 608.0 188
356.4954 610.0 188
356.8579 610.0 188
357.1985 610.0 188
357.5446 612.0 188
357.8906 612.0 188
358.2312 612.0 188
358.5938 612.0 188
358.9343 612.0 188
359.2804 612.0 188
359.6210 612.0 188
359.9835 612.0 188
0.3241 612.0 188
0.6702 614.0 188
1.0107 614.0 188
1.3733 614.0 188
1.7139 614.0 188
1.9995 616.0 188
2.3566 616.0 188
2.7026 618.0 188
3.0432 618.0 188
3.3893 618.0 188
3.7463 620.0 188
4.0924 620.0 188
4.4330 620.0 188
4.7791 622.0 188
5.1196 622.0 188
5.4822 622.0 188
5.8228 624.0 188
6.1688 624.0 188
6.5149 626.0 188
6.8719 626.0 188
7.2180 628.0 188
7.5586 628.0 188
7.9047 628.0 188
8.2617 630.0 188
8.6078 630.0 188
8.8879 632.0 188
9.2450 634.0 188
9.5911 634.0 188
9.9371 634.0 188
10.2777 636.0 188
10.6403 638.0 188
10.9808 640.0 188
11.3269 640.0 188
11.6675 640.0 188
12.0135 642.0 188
12.3706 644.0 188
12.7167 644.0 188
13.0573 646.0 188
13.4033 646.0 188
13.7000 648.0 188
14.0460 650.0 188
14.3866 650.0 188
14.7491 654.0 188
15.0897 654.0 188
15.4358 654.0 188
15.7764 656.0 188
16.1389 658.0 188
16.4795 660.0 188
16.8256 662.0 188
17.1716 664.0 188
17.4683 666.0 188
17.8088 666.0 188
18.1549 668.0 188
18.5120 672.0 188
18.8580 674.0 188
19.1986 676.0 188
19.5612 676.0 188
19.9017 678.0 188
20.2478 680.0 188
20.5444 684.0 188
20.8905 686.0 188
21.2311 688.0 188
21.5936 692.0 188
21.9342 698.0 188
22.2308 704.0 188
22.5769 708.0 188
22.9175 710.0 188
23.2635 710.0 188
23.6206 710.0 188
23.9667 712.0 188
24.3073 714.0 188
24.6533 714.0 188
25.0104 716.0 188
25.3564 718.0 188
25.7025 720.0 188
26.0596 722.0 188
26.3397 724.0 188
26.6858 728.0 188
27.0428 730.0 188
27.3889 734.0 188
27.7295 738.0 188
28.0920 742.0 188
28.4326 744.0 188
28.7292 746.0 188
29.0753 748.0 188
29.4214 752.0 188
29.7620 756.0 188
30.1245 758.0 188
30.4651 760.0 188
30.8112 764.0 188
31.1078 770.0 188
31.4484 774.0 188
31.7944 776.0 188
32.1515 782.0 188
32.4976 784.0 188
32.8436 786.0 188
33.1842 792.0 188
33.4808 796.0 188
33.8269 800.0 188
34.1840 802.0 188
34.5300 808.0 188
35.5737 812.0 188
36.1066 900.0 188
36.4526 900.0 188
36.7932 900.0 188
37.1393 902.0 188
37.4963 900.0 188
37.8424 900.0 188
38.1830 902.0 188
38.5291 902.0 188
38.8861 904.0 188
39.2322 904.0 188
39.5728 906.0 188
39.9353 906.0 188
40.2759 908.0 188
40.5615 912.0 188
40.9186 914.0 188
41.2646 914.0 188
41.6052 918.0 188
41.9678 922.0 188
42.3083 924.0 188
42.6544 928.0 188
42.9950 932.0 188
43.3575 936.0 188
43.6981 942.0 188
43.9948 948.0 188
44.3408 954.0 188
44.6869 960.0 188
45.0275 968.0 188
45.3900 974.0 188
45.7306 982.0 188
46.0272 996.0 188
46.3733 1012.0 188
46.6699 1036.0 188
48.1531 3872.0 188
48.4991 3856.0 188
48.8397 3836.0 188
49.1858 3820.0 188
49.5428 3796.0 188
49.8889 3780.0 188
50.2295 3768.0 188
50.5756 3732.0 188
50.9326 3704.0 188
51.2787 3692.0 188
51.6248 3648.0 188
51.9653 3604.0 188
52.3114 3588.0 188
52.6685 3572.0 188
53.0145 3564.0 188
53.3551 3552.0 188
53.7012 3536.0 188
54.0417 3524.0 188
54.4043 3524.0 188
54.7943 3512.0 188
55.1514 3504.0 188
55.4974 3504.0 188
55.8435 3492.0 188
56.1841 3472.0 188
56.5302 3460.0 188
56.8872 3452.0 188
57.2333 3440.0 188
57.5739 3432.0 188
57.9199 3420.0 188
58.2605 3400.0 188
58.6230 3392.0 188
58.9636 3384.0 188
59.3097 3376.0 188
59.6558 3368.0 188
59.9963 3372.0 188
60.3589 3356.0 188
60.6995 3340.0 188
61.0455 3336.0 188
61.3861 3332.0 188
61.7322 3324.0 188
62.0892 3312.0 188
62.4353 3312.0 188
62.7759 3304.0 188
63.1219 3296.0 188
63.4680 3292.0 188
63.8086 3280.0 188
64.1711 3272.0 188
64.5117 3264.0 188
64.8578 3256.0 188
65.1984 3248.0 188
65.5444 3240.0 188
65.9015 3236.0 188
66.2476 3236.0 188
66.5936 3228.0 188
66.9342 3224.0 188
67.2803 3220.0 188
67.6373 3224.0 188
67.9834 3216.0 188
68.3240 3200.0 188
68.6700 3196.0 188
69.0106 3192.0 188
69.3732 3192.0 188
69.7137 3188.0 188
70.0598 3184.0 188
70.4059 3172.0 188
70.7465 3164.0 188
71.1090 3168.0 188
71.4496 3160.0 188
71.7957 3148.0 188
72.1362 3144.0 188
72.4823 3152.0 188
72.8394 3156.0 188
73.1854 3144.0 188
73.5260 3132.0 188
73.8721 3128.0 188
74.2181 3124.0 188
74.5752 3124.0 188
74.9213 3120.0 188
75.2618 3124.0 188
75.6079 3124.0 188
75.9485 3112.0 188
76.3110 3112.0 188
76.6516 3108.0 188
76.9977 3108.0 188
77.3438 3104.0 188
77.6843 3116.0 188
78.0469 3124.0 188
78.3875 3112.0 188
78.7335 3100.0 188
79.0741 3096.0 188
79.4202 3096.0 188
79.7772 3096.0 188
80.1233 3092.0 188
80.4639 3100.0 188
80.8099 3108.0 188
81.1560 3100.0 188
81.5131 3088.0 188
81.8591 3092.0 188
82.1997 3088.0 188
82.5458 3088.0 188
82.8864 3088.0 188
83.2489 3088.0 188
83.5895 3108.0 188
83.9355 3104.0 188
84.2761 3092.0 188
84.6222 3096.0 188
84.9792 3092.0 188
85.3253 3092.0 188
85.6714 3100.0 188
86.0120 3104.0 188
86.3580 3116.0 188
86.7151 3112.0 188
87.0612 3100.0 188
87.4017 3104.0 188
87.7478 3100.0 188
88.0884 3100.0 188
88.4509 3104.0 188
89.4836 3104.0 188
90.0604 4328.0 188
90.4175 4328.0 188
90.7635 4336.0 188
91.1041 4344.0 188
91.4502 4360.0 188
91.7963 4368.0 188
92.1533 4368.0 188
92.4994 4376.0 188
92.8400 4376.0 188
93.1860 4376.0 188
93.5266 4384.0 188
93.8892 4392.0 188
94.2297 4392.0 188
94.5758 4408.0 188
94.9219 4416.0 188
95.2625 4424.0 188
95.6250 4432.0 188
95.9656 4440.0 188
96.3116 4448.0 188
96.6522 4448.0 188
96.9983 4456.0 188
97.7014 4456.0 188
98.3881 4488.0 188
98.7341 4432.0 188
99.0912 4448.0 188
99.4373 4464.0 188
99.7778 4464.0 188
100.1239 4472.0 188
100.4645 4480.0 188
100.8105 4504.0 188
101.1676 4520.0 188
101.5137 4536.0 188
101.8542 4552.0 188
102.2003 4560.0 188
102.5464 4560.0 188
102.9034 4568.0 188
103.2495 4584.0 188
103.5901 4592.0 188
103.9362 4608.0 188
104.2767 4608.0 188
104.6393 4624.0 188
104.9799 4648.0 188
105.3259 4656.0 188
105.6665 4672.0 188
106.0126 4680.0 188
106.3696 4696.0 188
106.7157 4712.0 188
107.0618 4728.0 188
107.4023 4744.0 188
108.1055 4760.0 188
109.6381 1206.0 188
109.9841 1186.0 188
110.3906 1168.0 188
110.7312 1152.0 188
111.0773 1138.0 188
111.4178 1124.0 188
111.8243 1110.0 188
112.1704 1098.0 188
112.5110 1086.0 188
112.8735 1072.0 188
113.2635 1060.0 188
113.6206 1048.0 188
113.9667 1036.0 188
114.3732 1024.0 188
114.7137 1014.0 188
115.0598 1002.0 188
115.4059 990.0 188
115.8124 982.0 188
116.1530 972.0 188
116.4990 960.0 188
116.8561 952.0 188
117.2461 944.0 188
117.6086 936.0 188
117.9492 926.0 188
118.2953 918.0 188
118.7018 908.0 188
119.0424 900.0 188
119.3884 890.0 188
119.7290 882.0 188
120.1355 876.0 188
120.4816 868.0 188
120.8276 860.0 188
121.1682 856.0 188
121.5308 848.0 188
121.9208 840.0 188
122.2778 834.0 188
122.6239 828.0 188
122.9645 822.0 188
123.3710 814.0 188
123.7170 808.0 188
124.0576 802.0 188
124.4037 796.0 188
124.8102 788.0 188
125.1563 782.0 188
125.4968 776.0 188
125.8429 772.0 188
126.2494 768.0 188
126.5900 762.0 188
126.9360 758.0 188
127.2931 752.0 188
127.6392 746.0 188
128.0457 740.0 188
128.3862 736.0 188
128.7323 730.0 188
129.0729 726.0 188
129.4794 720.0 188
129.8254 716.0 188
130.1715 710.0 188
130.5121 708.0 188
130.8582 704.0 188
131.2646 700.0 188
131.6052 696.0 188
131.9678 692.0 188
132.3083 688.0 188
132.6544 684.0 188
133.0609 680.0 188
133.4015 676.0 188
133.7476 672.0 188
134.0936 668.0 188
134.4946 664.0 188
134.8407 662.0 188
135.1868 660.0 188
135.5273 656.0 188
135.8734 654.0 188
136.2305 650.0 188
136.6205 646.0 188
136.9830 644.0 188
137.3236 642.0 188
137.6697 638.0 188
138.0103 636.0 188
138.3563 634.0 188
138.7628 630.0 188
139.1089 628.0 188
139.4495 624.0 188
139.7955 622.0 188
140.1526 620.0 188
140.4987 618.0 188
140.8392 616.0 188
141.2457 614.0 188
141.5918 612.0 188
141.9324 610.0 188
142.2784 610.0 188
142.6245 608.0 188
142.9816 606.0 188
143.3276 606.0 188
143.6682 606.0 188
144.0143 606.0 188
144.3549 608.0 188
144.7009 610.0 188
145.0580 614.0 188
145.3436 616.0 188
145.6842 620.0 188
146.0303 624.0 188
146.3873 630.0 188
146.6675 636.0 188
147.0135 640.0 188
147.3102 648.0 188
147.6563 656.0 188
147.9968 662.0 188
148.2935 670.0 188
148.6395 676.0 188
148.9801 682.0 188
149.2767 692.0 188
149.6228 700.0 188
149.9194 710.0 188
150.2655 720.0 188
150.5457 728.0 188
150.8862 738.0 188
151.1829 748.0 188
151.5289 760.0 188
151.8256 772.0 188
152.1716 784.0 188
152.7484 824.0 188
153.0890 828.0 188
153.4351 834.0 188
153.7811 844.0 188
154.0778 854.0 188
154.4183 864.0 188
154.7644 876.0 188
155.0610 890.0 188
155.4016 902.0 188
155.6873 916.0 188
156.0443 932.0 188
156.3245 946.0 188
156.6705 960.0 188
157.0111 976.0 188
157.3077 994.0 188
157.6538 1012.0 188
157.9504 1032.0 188
158.2965 1050.0 188
158.5767 1070.0 188
158.9172 1090.0 188
159.2633 1114.0 188
159.5599 1138.0 188
159.9060 1162.0 188
160.2026 1188.0 188
160.5432 1216.0 188
160.8234 1244.0 188
161.1694 1274.0 188
161.4661 1304.0 188
161.8121 1338.0 188
162.1088 1374.0 188
162.4493 1412.0 188
162.7295 1450.0 188
163.0756 1488.0 188
163.4326 1530.0 188
163.7183 1574.0 188
169.3268 5048.0 188
169.6674 5048.0 188
170.0134 5048.0 188
170.3540 5040.0 188
170.7001 5048.0 188
171.0571 5048.0 188
171.4032 5040.0 188
171.7493 5056.0 188
172.6062 3480.0 188
172.9523 3476.0 188
173.2928 3476.0 188
173.6389 3476.0 188
173.9795 3472.0 188
174.3256 3468.0 188
174.6826 3472.0 188
175.0287 3476.0 188
175.3748 3480.0 188
175.7153 3484.0 188
176.0614 3488.0 188
176.4020 3492.0 188
176.7480 3492.0 188
177.0886 3488.0 188
177.4512 3484.0 188
177.7917 3484.0 188
178.1378 3488.0 188
178.4839 3492.0 188
178.8245 3496.0 188
179.1705 3496.0 188
179.5111 3500.0 188
179.8572 3500.0 188
180.2142 3508.0 188
180.4999 3516.0 188
180.8405 3516.0 188
181.1865 3516.0 188
181.5436 3524.0 188
181.8896 3524.0 188
182.2302 3528.0 188
182.5763 3524.0 188
182.9169 3532.0 188
183.2629 3540.0 188
183.6090 3548.0 188
183.9661 3548.0 188
184.3121 3552.0 188
184.6527 3560.0 188
184.9988 3564.0 188
185.3394 3568.0 188
185.6854 3572.0 188
186.0425 3576.0 188
186.3885 3580.0 188
186.7291 3596.0 188
187.0752 3608.0 188
188.9044 1202.0 188
190.5469 3680.0 188
190.8875 3684.0 188
191.2335 3692.0 188
191.5741 3700.0 188
191.9366 3708.0 188
192.2772 3716.0 188
192.6233 3724.0 188
192.9639 3736.0 188
193.3099 3744.0 188
193.6560 3752.0 188
194.3591 3764.0 188
194.7656 3132.0 188
195.1062 3080.0 188
195.5127 3028.0 188
197.9956 718.0 188
199.0448 720.0 188
198.6218 2876.0 188
199.6710 2908.0 188
200.0116 2940.0 188
200.3577 2944.0 188
200.6982 2948.0 188
201.0443 2956.0 188
201.4014 2964.0 188
201.7474 2972.0 188
202.0935 2980.0 188
202.4341 2992.0 188
202.7802 3012.0 188
203.1207 3024.0 188
203.4833 3040.0 188
203.8239 3048.0 188
204.1699 3056.0 188
204.5105 3068.0 188
204.8071 3080.0 188
205.1532 3092.0 188
205.4993 3104.0 188
205.8398 3112.0 188
206.8890 3148.0 188
207.2296 3164.0 188
207.5757 3176.0 188
207.9218 3188.0 188
208.2788 3204.0 188
208.6249 3220.0 188
208.9655 3236.0 188
209.3115 3252.0 188
210.5145 1486.0 188
211.0419 3332.0 188
211.3879 3348.0 188
211.7340 3352.0 188
212.0746 3364.0 188
212.4371 3384.0 188
212.7777 3408.0 188
213.1238 3432.0 188
214.1675 3452.0 188
223.4949 1826.0 188
223.8409 1806.0 188
224.8901 1790.0 188
228.9990 3708.0 188
229.6857 3708.0 188
230.8392 3020.0 188
233.2617 2952.0 188
233.9484 2916.0 188
234.2944 2908.0 188
234.6405 2904.0 188
234.9976 2884.0 188
235.3436 2860.0 188
235.6842 2828.0 188
236.0303 2804.0 188
237.0740 2808.0 188
238.5571 1478.0 188
239.5898 1490.0 188
240.0128 2056.0 188
240.4028 2042.0 188
241.1060 1948.0 188
241.4520 1930.0 188
241.7926 1920.0 188
242.1387 1914.0 188
242.4792 1908.0 188
242.8253 1910.0 188
243.1824 1918.0 188
243.5284 1928.0 188
243.8745 1940.0 188
244.5612 1950.0 188
244.8578 2062.0 188
245.5444 2084.0 188
246.6980 3124.0 188
247.4011 3120.0 188
247.7472 3112.0 188
248.4338 3092.0 188
248.8403 3068.0 188
249.1864 3072.0 188
249.5270 3068.0 188
249.8730 3064.0 188
250.2136 3072.0 188
250.5762 3056.0 188
250.9167 3064.0 188
251.2628 3056.0 188
251.6089 3040.0 188
251.9495 3044.0 188
252.2955 3048.0 188
252.6361 3044.0 188
253.6853 3044.0 188
254.0918 2572.0 188
254.4324 2580.0 188
254.7784 2576.0 188
255.1245 2572.0 188
255.4651 2572.0 188
255.8112 2576.0 188
256.1682 2544.0 188
256.5143 2516.0 188
256.8549 2520.0 188
257.2009 2520.0 188
257.9974 2140.0 188
258.3545 2124.0 188
258.7006 2112.0 188
259.0466 2096.0 188
259.3872 2084.0 188
259.7333 2068.0 188
260.0739 2072.0 188
260.4199 2068.0 188
260.8264 2046.0 188
261.1670 2036.0 188
261.5131 2024.0 188
261.8701 2020.0 188
262.2162 2012.0 188
262.5623 1998.0 188
262.9028 2006.0 188
263.2489 2036.0 188
263.5455 2066.0 188
263.8861 2096.0 188
264.2322 2124.0 188
264.5728 2148.0 188
264.9188 2168.0 188
265.2649 2188.0 188
265.6219 2212.0 188
265.9680 2232.0 188
266.3086 2232.0 188
266.6547 2228.0 188
266.9952 2216.0 188
267.3413 2208.0 188
267.6874 2204.0 188
268.0444 2200.0 188
268.3905 2204.0 188
268.7311 2204.0 188
269.0771 2204.0 188
269.4177 2204.0 188
269.7638 2200.0 188
270.1208 2212.0 188
270.4669 2224.0 188
270.8075 2232.0 188
271.1536 2228.0 188
271.4996 2224.0 188
271.7963 2244.0 188
272.1368 2252.0 188
272.4829 2252.0 188
272.8235 2264.0 188
273.1696 2272.0 188
273.5156 2284.0 188
273.8727 2296.0 188
274.2188 2304.0 188
274.5593 2328.0 188
274.9054 2328.0 188
275.2460 2292.0 188
275.5920 2276.0 188
275.9326 2244.0 188
276.3391 2224.0 188
276.6357 2236.0 188
277.0313 2220.0 188
277.3883 2200.0 188
277.7344 2200.0 188
278.0750 2196.0 188
278.4210 2200.0 188
278.7616 2204.0 188
279.1077 2192.0 188
279.4482 2200.0 188
279.8108 2216.0 188
280.1514 2216.0 188
280.8435 2196.0 188
283.7329 1790.0 188
284.0735 1762.0 188
284.4635 1738.0 188
284.8260 1704.0 188
285.1666 1674.0 188
286.2158 1648.0 188
286.6058 1566.0 188
286.9684 1544.0 188
287.3584 1524.0 188
287.7155 1506.0 188
288.0615 1482.0 188
288.4021 1458.0 188
288.8086 1438.0 188
289.1547 1418.0 188
289.4952 1404.0 188
289.8413 1384.0 188
290.2478 1364.0 188
290.5884 1350.0 188
290.9509 1330.0 188
291.2915 1312.0 188
291.6376 1296.0 188
292.0441 1280.0 188
292.3901 1268.0 188
292.7307 1256.0 188
293.0768 1242.0 188
293.4833 1226.0 188
293.8239 1212.0 188
294.1864 1200.0 188
294.5270 1186.0 188
294.8730 1174.0 188
295.2795 1162.0 188
295.6201 1150.0 188
295.9662 1138.0 188
296.3123 1126.0 188
296.7188 1116.0 188
297.0593 1108.0 188
297.4219 1098.0 188
297.7625 1088.0 188
298.1085 1078.0 188
298.5150 1068.0 188
298.8556 1058.0 188
299.2017 1050.0 188
299.5422 1042.0 188
299.9048 1032.0 188
300.2948 1022.0 188
300.6519 1014.0 188
300.9979 1006.0 188
301.3385 998.0 188
301.6846 990.0 188
302.0911 982.0 188
302.4371 974.0 188
302.7777 968.0 188
303.1403 962.0 188
303.4808 956.0 188
303.8269 948.0 188
304.2334 942.0 188
304.5740 936.0 188
304.9200 926.0 188
305.2771 920.0 188
305.6232 914.0 188
306.0297 908.0 188
306.3702 900.0 188
306.7163 894.0 188
307.0624 888.0 188
307.4030 884.0 188
307.7655 880.0 188
308.1555 872.0 188
308.5126 868.0 188
308.8586 862.0 188
309.1992 856.0 188
309.5453 850.0 188
309.9518 846.0 188
310.2924 840.0 188
310.6384 834.0 188
310.9955 830.0 188
311.3416 824.0 188
311.6821 820.0 188
312.0886 816.0 188
312.4347 812.0 188
312.7808 808.0 188
313.1213 804.0 188
313.4839 800.0 188
313.8245 794.0 188
314.2310 790.0 188
314.5770 786.0 188
314.9176 782.0 188
315.2637 778.0 188
315.6042 772.0 188
316.0107 768.0 188
316.3568 766.0 188
316.7139 764.0 188
317.0599 760.0 188
317.4060 756.0 188
317.7466 754.0 188
318.1091 750.0 188
318.4497 746.0 188
318.8562 744.0 188
319.2023 740.0 188
319.5428 738.0 188
319.8889 734.0 188
320.2460 730.0 188
320.5920 728.0 188
320.9326 726.0 188
321.3391 722.0 188
321.6852 720.0 188
322.0313 718.0 188
322.3718 714.0 188
322.7344 712.0 188
323.0750 710.0 188
323.4210 706.0 188
323.7616 704.0 188
324.1681 702.0 188
324.5142 700.0 188
324.8712 698.0 188
325.2173 694.0 188
325.5579 690.0 188
325.9039 690.0 188
326.2610 688.0 188
326.6071 686.0 188
326.9531 684.0 188
327.3541 680.0 188
327.7002 678.0 188
328.0463 678.0 188
328.4033 676.0 188
328.7494 674.0 188
329.0900 672.0 188
329.4360 670.0 188
329.7766 668.0 188
330.1392 666.0 188
330.5292 662.0 188
330.8862 662.0 188
331.2323 660.0 188
331.5729 658.0 188
331.9189 656.0 188
332.2760 654.0 188
332.6221 652.0 188
332.9681 652.0 188
333.3087 652.0 188
333.6713 650.0 188
334.0118 648.0 188
334.4183 646.0 188
334.7644 646.0 188
335.1050 644.0 188
335.4510 642.0 188
335.7916 642.0 188
336.1542 640.0 188
336.4948 638.0 188
336.8408 638.0 188
337.1869 636.0 188
337.5439 634.0 188
337.8900 634.0 188
338.2306 632.0 188
338.5767 632.0 188
338.9832 630.0 188
339.3237 630.0 188
339.6863 630.0 188
340.0269 628.0 188
340.3729 626.0 188
340.7135 626.0 188
341.0760 626.0 188
341.4166 624.0 188
341.7627 622.0 188
342.1088 622.0 188
342.4493 622.0 188
342.8119 620.0 188
343.1525 620.0 188
343.4985 620.0 188
343.8391 618.0 188
344.2017 618.0 188
344.5422 616.0 188
344.8883 616.0 188
345.2344 616.0 188
345.5750 616.0 188
345.9375 616.0 188
346.3385 614.0 188
346.6846 614.0 188
347.0306 614.0 188
347.3712 614.0 188
347.7173 612.0 188
348.0743 612.0 188
348.4204 612.0 188
348.7610 612.0 188
349.1071 612.0 188
349.4641 612.0 188
349.8102 610.0 188
350.1563 610.0 188
350.4968 610.0 188
350.8429 610.0 188
351.2000 610.0 188
351.5460 610.0 188
351.8866 610.0 188
352.2327 610.0 188
352.5897 610.0 188
352.9358 610.0 188
353.2764 610.0 188
353.6224 610.0 188
