#RPLIDAR SCAN DATA
#COUNT=993
#Angule	Distance	Quality
352.5732 1604.0 188
352.9193 1604.0 188
353.2489 1602.0 188
353.5895 1600.0 188
353.9191 1596.0 188
354.2651 1594.0 188
354.5892 1592.0 188
354.9353 1592.0 188
355.2649 1590.0 188
355.6055 1590.0 188
355.9515 1588.0 188
356.2811 1586.0 188
356.6217 1584.0 188
356.9513 1582.0 188
357.2919 1580.0 188
357.6215 1580.0 188
357.9675 1578.0 188
358.2916 1576.0 188
358.6377 1576.0 188
358.9673 1574.0 188
359.3079 1574.0 188
359.6539 1574.0 188
359.9835 1576.0 188
0.3241 1574.0 188
0.6537 1574.0 188
0.9998 1572.0 188
1.3239 1570.0 188
1.6699 1570.0 188
1.9995 1570.0 188
2.3401 1570.0 188
2.6862 1570.0 188
3.0103 1568.0 188
3.3563 1566.0 188
3.6859 1564.0 188
4.0265 1564.0 188
4.3561 1566.0 188
4.7021 1566.0 188
5.0262 1566.0 188
5.3723 1566.0 188
5.7184 1566.0 188
6.0425 1568.0 188
6.3885 1570.0 188
6.7181 1570.0 188
7.0587 1572.0 188
7.3883 1574.0 188
7.7344 1572.0 188
8.0585 1572.0 188
8.4045 1574.0 188
8.7451 1574.0 188
9.0747 1574.0 188
9.4208 1576.0 188
9.7449 1576.0 188
10.0909 1578.0 188
10.4205 1578.0 188
10.7611 1578.0 188
11.0907 1580.0 188
11.4368 1580.0 188
11.7609 1584.0 188
12.1069 1584.0 188
12.4530 1584.0 188
12.7771 1586.0 188
13.1232 1588.0 188
13.4528 1588.0 188
13.7933 1588.0 188
14.1229 1592.0 188
14.4635 1594.0 188
14.7931 1596.0 188
15.1392 1598.0 188
15.4797 1600.0 188
15.8093 1602.0 188
16.1554 1602.0 188
16.4795 1604.0 188
16.8256 1588.0 188
17.1552 1584.0 188
17.4957 1596.0 188
17.8253 1604.0 188
18.1714 1612.0 188
18.5120 1614.0 188
18.8416 1616.0 188
19.8578 1620.0 188
20.2478 2284.0 188
20.5774 2240.0 188
20.9839 2192.0 188
21.3080 2136.0 188
21.6541 2092.0 188
21.9836 2056.0 188
22.3737 2018.0 188
22.7142 1980.0 188
24.5105 1672.0 188
24.8401 1672.0 188
25.1862 1676.0 188
25.5267 1680.0 188
25.8563 1678.0 188
26.2024 1674.0 188
26.5265 1678.0 188
26.8726 1684.0 188
27.2021 1688.0 188
27.5427 1694.0 188
27.8723 1696.0 188
28.2184 1700.0 188
28.5425 1704.0 188
28.8885 1712.0 188
29.2291 1716.0 188
29.5587 1720.0 188
29.9048 1726.0 188
30.2344 1730.0 188
30.5750 1736.0 188
30.9045 1740.0 188
31.2451 1744.0 188
31.5747 1750.0 188
31.9208 1756.0 188
32.2009 1764.0 188
32.5415 1768.0 188
32.8711 1770.0 188
33.2172 1774.0 188
33.5468 1782.0 188
33.8873 1790.0 188
34.2169 1796.0 188
34.5575 1802.0 188
34.8871 1806.0 188
35.2332 1812.0 188
35.5737 1820.0 188
35.9033 1824.0 188
36.2494 1828.0 188
36.5735 1834.0 188
36.9196 1866.0 188
37.4799 2204.0 188
37.8094 2208.0 188
38.1555 2212.0 188
38.4961 2216.0 188
38.8257 2220.0 188
39.1718 2224.0 188
39.4958 2232.0 188
39.8419 2232.0 188
40.1221 2236.0 188
40.4681 2240.0 188
40.7922 2248.0 188
41.1383 2248.0 188
41.4679 2256.0 188
41.8085 2260.0 188
42.1381 2260.0 188
42.4841 2268.0 188
42.8247 2276.0 188
43.1543 2280.0 188
43.4949 2284.0 188
43.8245 2292.0 188
44.1705 2296.0 188
44.4946 2304.0 188
44.8407 2308.0 188
45.1868 2316.0 188
45.5109 2320.0 188
45.8569 2324.0 188
46.1865 2332.0 188
46.5271 2332.0 188
46.8732 2340.0 188
47.2028 2344.0 188
47.5433 2352.0 188
47.8729 2360.0 188
48.2135 2368.0 188
48.5431 2376.0 188
48.8892 2380.0 188
49.2297 2392.0 188
49.5593 2404.0 188
49.9054 2408.0 188
50.2295 2416.0 188
50.5756 2424.0 188
50.9216 2424.0 188
51.2457 2432.0 188
51.5918 2440.0 188
51.9214 2448.0 188
52.2620 2456.0 188
52.5421 2468.0 188
52.8717 2480.0 188
53.2178 2492.0 188
53.8879 2500.0 188
54.5581 2492.0 188
54.9042 2476.0 188
55.2448 2476.0 188
55.5743 2484.0 188
55.9204 2512.0 188
56.2500 2508.0 188
56.5906 2476.0 188
56.9806 2456.0 188
57.3267 2440.0 188
57.6563 2416.0 188
57.9968 2396.0 188
58.3264 2376.0 188
58.6670 2360.0 188
59.0131 2340.0 188
59.3427 2320.0 188
59.6832 2304.0 188
60.0128 2292.0 188
60.3589 2272.0 188
60.6830 2252.0 188
61.0291 2240.0 188
61.4191 2224.0 188
61.7651 2204.0 188
62.0892 2188.0 188
62.4353 2172.0 188
62.7759 2164.0 188
63.1055 2152.0 188
63.4515 2132.0 188
63.7811 2116.0 188
64.1217 2100.0 188
64.4513 2088.0 188
64.7919 2076.0 188
65.1379 2064.0 188
65.4675 2052.0 188
65.8575 2040.0 188
66.1981 2028.0 188
66.5442 2016.0 188
66.8738 2006.0 188
67.2144 1992.0 188
67.5439 1980.0 188
67.8900 1970.0 188
68.2306 1960.0 188
68.5602 1948.0 188
68.9063 1938.0 188
69.2303 1928.0 188
69.5764 1914.0 188
69.9060 1904.0 188
70.2466 1892.0 188
70.6366 1884.0 188
70.9662 1876.0 188
71.3123 1866.0 188
71.6364 1858.0 188
71.9824 1846.0 188
72.3120 1834.0 188
72.6526 1826.0 188
72.9822 1818.0 188
73.3228 1812.0 188
73.6523 1804.0 188
73.9984 1796.0 188
74.3280 1786.0 188
74.6686 1778.0 188
74.9982 1768.0 188
75.3387 1762.0 188
75.7343 1754.0 188
76.0748 1746.0 188
76.4044 1736.0 188
76.7450 1730.0 188
77.0746 1724.0 188
77.4207 1716.0 188
77.7448 1710.0 188
78.0908 1702.0 188
78.4204 1694.0 188
78.7610 1688.0 188
79.0906 1684.0 188
79.4366 1678.0 188
79.7607 1670.0 188
80.1068 1662.0 188
80.4364 1658.0 188
80.7770 1652.0 188
81.1066 1644.0 188
81.4526 1640.0 188
81.8427 1636.0 188
82.1832 1630.0 188
82.5128 1622.0 188
82.8589 1616.0 188
83.1830 1614.0 188
83.5291 1610.0 188
83.8586 1604.0 188
84.1992 1598.0 188
84.5288 1592.0 188
84.8749 1588.0 188
85.1990 1582.0 188
85.5450 1578.0 188
85.8746 1576.0 188
86.2152 1572.0 188
86.5448 1566.0 188
86.8854 1562.0 188
87.2150 1556.0 188
87.5610 1552.0 188
87.8906 1548.0 188
88.2312 1544.0 188
88.5608 1540.0 188
88.9014 1538.0 188
89.2969 1534.0 188
89.6375 1530.0 188
89.9670 1526.0 188
90.3076 1522.0 188
90.6372 1518.0 188
90.9833 1516.0 188
91.3074 1514.0 188
91.6534 1512.0 188
91.9830 1506.0 188
92.3236 1502.0 188
92.6532 1498.0 188
92.9993 1496.0 188
93.3234 1492.0 188
93.6694 1488.0 188
93.9990 1486.0 188
94.3396 1484.0 188
94.6692 1482.0 188
95.0153 1480.0 188
95.3394 1474.0 188
95.6854 1472.0 188
96.0260 1472.0 188
96.3556 1466.0 188
96.7017 1466.0 188
97.0313 1464.0 188
97.3718 1460.0 188
97.7014 1458.0 188
98.0420 1456.0 188
98.3716 1454.0 188
98.7177 1452.0 188
99.0417 1450.0 188
99.3878 1448.0 188
99.7778 1446.0 188
100.1074 1446.0 188
100.4480 1444.0 188
100.7776 1442.0 188
101.1237 1438.0 188
101.4478 1436.0 188
101.7938 1436.0 188
102.1234 1436.0 188
102.4640 1434.0 188
102.7936 1432.0 188
103.1396 1432.0 188
103.4637 1428.0 188
103.8098 1428.0 188
104.1394 1428.0 188
104.4800 1426.0 188
104.8096 1426.0 188
105.1556 1426.0 188
105.4797 1422.0 188
105.8258 1422.0 188
106.1554 1422.0 188
106.4960 1422.0 188
106.8256 1420.0 188
107.1716 1420.0 188
107.4957 1420.0 188
107.8253 1418.0 188
108.1714 1420.0 188
108.4955 1418.0 188
108.8416 1416.0 188
109.1711 1416.0 188
109.5117 1416.0 188
109.8413 1416.0 188
110.1874 1414.0 188
110.5115 1414.0 188
110.8575 1414.0 188
111.1871 1416.0 188
111.5277 1414.0 188
111.8573 1414.0 188
112.1979 1416.0 188
112.5275 1416.0 188
112.8735 1412.0 188
113.2031 1412.0 188
113.5437 1414.0 188
113.8733 1414.0 188
114.2139 1414.0 188
114.5435 1414.0 188
114.8895 1418.0 188
115.2136 1418.0 188
115.5432 1418.0 188
115.8893 1418.0 188
116.2134 1418.0 188
116.5594 1418.0 188
116.8890 1420.0 188
117.2296 1422.0 188
117.5592 1422.0 188
117.9053 1422.0 188
118.2294 1424.0 188
118.5754 1426.0 188
118.9050 1426.0 188
119.2456 1426.0 188
119.5752 1426.0 188
119.9213 1428.0 188
120.2454 1430.0 188
120.5914 1432.0 188
120.9210 1432.0 188
121.2616 1434.0 188
121.5912 1436.0 188
121.9373 1436.0 188
122.2614 1440.0 188
122.6074 1442.0 188
122.9370 1444.0 188
123.2611 1446.0 188
123.6072 1446.0 188
123.8873 1448.0 188
124.2169 1452.0 188
124.5575 1454.0 188
124.8871 1458.0 188
125.2332 1458.0 188
125.5573 1460.0 188
125.9033 1462.0 188
126.2329 1464.0 188
126.5735 1468.0 188
126.9031 1472.0 188
127.2491 1474.0 188
127.5732 1478.0 188
127.9193 1482.0 188
128.2489 1484.0 188
128.5895 1486.0 188
128.9191 1488.0 188
129.2651 1492.0 188
129.5892 1498.0 188
129.9188 1500.0 188
130.2649 1502.0 188
130.5890 1506.0 188
130.9351 1508.0 188
131.2646 1514.0 188
131.6052 1520.0 188
131.9348 1522.0 188
132.2809 1526.0 188
132.6050 1530.0 188
132.9510 1534.0 188
133.2312 1538.0 188
133.5608 1542.0 188
133.9014 1546.0 188
134.2310 1552.0 188
134.5770 1554.0 188
134.9011 1560.0 188
135.2472 1564.0 188
135.5768 1570.0 188
135.9174 1574.0 188
136.2469 1580.0 188
136.5930 1586.0 188
136.9171 1592.0 188
137.2632 1598.0 188
137.5928 1602.0 188
137.9333 1608.0 188
138.2629 1612.0 188
138.6090 1616.0 188
138.9331 1622.0 188
139.2792 1628.0 188
139.6088 1634.0 188
139.8889 1642.0 188
140.2295 1650.0 188
140.5591 1656.0 188
140.9052 1662.0 188
141.2292 1668.0 188
141.5753 1676.0 188
141.9049 1684.0 188
142.2455 1692.0 188
142.5751 1700.0 188
142.9211 1710.0 188
143.2452 1716.0 188
143.5913 1720.0 188
143.9209 1728.0 188
144.2615 1736.0 188
144.6075 1746.0 188
144.8712 1758.0 188
145.2173 1766.0 188
145.5469 1772.0 188
145.8875 1778.0 188
146.2170 1790.0 188
146.5576 1802.0 188
146.8872 1812.0 188
147.2333 1820.0 188
147.5739 1830.0 188
147.9034 1842.0 188
148.2495 1852.0 188
148.5736 1860.0 188
148.9197 1874.0 188
149.2493 1884.0 188
149.5294 1894.0 188
149.8700 1908.0 188
150.1996 1922.0 188
150.5457 1932.0 188
150.8698 1940.0 188
151.2158 1954.0 188
151.5454 1972.0 188
151.8860 1986.0 188
152.2156 2002.0 188
152.5616 2016.0 188
152.8857 2030.0 188
153.2318 2042.0 188
153.5120 2056.0 188
153.8416 2076.0 188
154.1821 2096.0 188
154.5117 2112.0 188
154.8578 2132.0 188
155.1874 2152.0 188
155.5280 2168.0 188
155.8575 2188.0 188
156.1981 2208.0 188
156.5277 2224.0 188
156.8079 2248.0 188
157.1539 2272.0 188
157.4835 2292.0 188
157.8241 2312.0 188
158.1537 2344.0 188
158.4998 2364.0 188
158.8239 2384.0 188
159.1699 2412.0 188
159.8401 2444.0 188
160.5597 2076.0 188
160.9058 2064.0 188
161.2299 2064.0 188
161.5759 2076.0 188
161.9055 2080.0 188
163.0920 2844.0 188
163.4216 2880.0 188
163.7622 2924.0 188
164.0918 2980.0 188
164.4324 3032.0 188
164.7180 3088.0 188
165.0421 3164.0 188
165.7178 3248.0 188
166.0583 3436.0 188
166.6681 3524.0 188
168.7939 9216.0 188
169.1235 9200.0 188
169.4641 9176.0 188
169.7937 9160.0 188
170.1398 9136.0 188
170.4639 9112.0 188
170.8099 9096.0 188
171.1395 9088.0 188
171.4801 9048.0 188
171.8097 9000.0 188
172.1558 8968.0 188
172.4799 8936.0 188
172.8259 8920.0 188
173.1555 8904.0 188
173.4961 8872.0 188
173.8257 8904.0 188
174.1718 9016.0 188
174.4958 9104.0 188
174.8419 9128.0 188
175.1715 9112.0 188
175.4956 9080.0 188
175.8417 9048.0 188
176.5118 9024.0 188
177.2314 7528.0 188
177.5775 7528.0 188
177.9016 7512.0 188
178.2477 7512.0 188
178.5773 7512.0 188
178.9178 7504.0 188
179.5935 7512.0 188
180.5933 7568.0 188
181.8896 10648.0 188
182.2137 10648.0 188
182.5598 10640.0 188
182.8894 10648.0 188
183.2135 10672.0 188
183.5596 10688.0 188
183.8892 10696.0 188
184.2297 10688.0 188
184.5593 10664.0 188
184.9054 10632.0 188
185.2295 10640.0 188
185.5756 10656.0 188
185.9052 10648.0 188
186.2457 10616.0 188
186.5753 10672.0 188
186.9214 10664.0 188
187.2455 10616.0 188
187.5916 10664.0 188
187.9211 10712.0 188
188.2617 10752.0 188
188.5913 10792.0 188
188.9374 10800.0 188
189.2615 10808.0 188
189.6075 10824.0 188
189.9371 10864.0 188
190.2777 10872.0 188
190.6073 10976.0 188
191.2775 11264.0 188
191.6071 11440.0 188
193.7329 5136.0 188
194.8096 4504.0 188
195.1392 4216.0 188
195.8093 4128.0 188
196.1993 3888.0 188
196.8750 3640.0 188
197.6056 3428.0 188
197.9352 3340.0 188
198.2813 3260.0 188
198.6053 3184.0 188
198.9514 3104.0 188
199.3414 3040.0 188
199.6710 2964.0 188
200.0116 2900.0 188
200.3412 2840.0 188
200.6873 2784.0 188
201.0773 2732.0 188
201.4014 2676.0 188
201.7474 2632.0 188
202.0770 2580.0 188
202.4176 2544.0 188
202.7472 2520.0 188
203.0933 2488.0 188
203.8239 2380.0 188
204.1534 2340.0 188
204.4995 2296.0 188
204.8236 2256.0 188
205.2136 2220.0 188
205.5597 2184.0 188
205.8893 2152.0 188
206.2299 2124.0 188
206.5594 2092.0 188
206.9055 2062.0 188
207.2955 2028.0 188
207.6196 1998.0 188
207.9657 1972.0 188
208.2953 1944.0 188
208.6359 1920.0 188
208.9655 1896.0 188
209.3555 1870.0 188
209.7015 1846.0 188
210.0311 1822.0 188
210.3717 1800.0 188
210.7013 1780.0 188
211.1078 1756.0 188
211.4374 1736.0 188
211.7780 1716.0 188
212.1075 1698.0 188
212.4481 1678.0 188
212.7777 1656.0 188
213.1677 1636.0 188
213.5138 1618.0 188
213.8434 1602.0 188
214.1840 1588.0 188
214.5135 1570.0 188
214.8541 1554.0 188
215.2496 1536.0 188
215.5737 1520.0 188
215.9198 1504.0 188
216.2494 1490.0 188
216.5900 1478.0 188
216.9196 1466.0 188
217.2656 1450.0 188
217.6556 1436.0 188
217.9962 1424.0 188
218.3258 1410.0 188
218.6719 1396.0 188
218.9960 1386.0 188
219.3420 1376.0 188
219.7321 1366.0 188
220.0616 1356.0 188
220.4022 1348.0 188
220.7318 1340.0 188
221.0779 1336.0 188
221.4020 1320.0 188
221.7480 1298.0 188
222.1381 1292.0 188
222.4677 1288.0 188
222.8082 1286.0 188
223.1378 1290.0 188
223.4180 1296.0 188
223.7640 1300.0 188
224.0936 1306.0 188
224.4342 1310.0 188
224.7638 1318.0 188
225.1044 1324.0 188
225.4340 1330.0 188
225.7800 1336.0 188
226.1041 1344.0 188
226.4502 1350.0 188
226.7798 1354.0 188
227.1204 1362.0 188
227.4060 1370.0 188
227.7301 1378.0 188
228.0762 1386.0 188
228.4058 1394.0 188
228.7463 1402.0 188
229.0759 1408.0 188
229.4165 1416.0 188
229.7461 1424.0 188
230.0922 1434.0 188
230.4218 1442.0 188
230.7019 1450.0 188
231.0425 1460.0 188
231.3721 1472.0 188
231.7181 1478.0 188
232.0422 1486.0 188
232.3883 1496.0 188
232.7344 1506.0 188
233.0585 1516.0 188
233.4045 1528.0 188
233.6682 1540.0 188
234.0143 1548.0 188
234.3549 1556.0 188
234.6844 1568.0 188
235.0305 1580.0 188
235.3546 1592.0 188
235.7007 1602.0 188
236.0303 1618.0 188
236.3708 1628.0 188
236.7004 1636.0 188
236.9806 1650.0 188
237.3267 1662.0 188
237.6563 1676.0 188
237.9968 1692.0 188
238.3264 1708.0 188
238.6670 1720.0 188
238.9966 1732.0 188
239.3427 1746.0 188
239.6228 1762.0 188
239.9524 1778.0 188
240.2930 1794.0 188
240.6226 1814.0 188
240.9686 1830.0 188
241.2927 1836.0 188
241.6388 1832.0 188
241.9684 1824.0 188
242.3090 1816.0 188
242.6385 1810.0 188
242.9791 1804.0 188
243.3087 1796.0 188
243.6548 1790.0 188
243.9844 1786.0 188
244.3250 1778.0 188
244.6710 1784.0 188
244.9951 1776.0 188
245.3906 1756.0 188
245.7312 1752.0 188
246.0608 1748.0 188
246.4014 1746.0 188
246.7310 1742.0 188
247.0770 1734.0 188
247.4011 1728.0 188
247.7472 1722.0 188
248.0768 1716.0 188
248.4174 1710.0 188
248.7469 1708.0 188
249.0930 1716.0 188
249.4171 1708.0 188
249.7632 1690.0 188
250.0928 1688.0 188
250.4333 1684.0 188
250.7629 1678.0 188
251.1090 1676.0 188
251.4331 1670.0 188
251.7792 1664.0 188
252.1198 1660.0 188
252.4493 1656.0 188
252.7954 1654.0 188
253.1250 1650.0 188
253.4656 1650.0 188
253.7952 1658.0 188
254.7455 1294.0 188
255.0916 1286.0 188
255.4211 1278.0 188
255.7617 1272.0 188
256.0913 1268.0 188
256.4374 1266.0 188
256.7615 1264.0 188
257.1075 1260.0 188
257.4371 1258.0 188
257.7777 1254.0 188
258.1073 1252.0 188
258.4479 1250.0 188
258.7775 1246.0 188
259.1235 1244.0 188
259.4531 1242.0 188
259.7937 1240.0 188
260.1233 1238.0 188
260.4639 1236.0 188
260.7935 1234.0 188
261.1395 1232.0 188
261.4636 1230.0 188
261.8701 1226.0 188
262.1997 1226.0 188
262.5458 1224.0 188
262.8699 1222.0 188
263.1995 1220.0 188
263.5455 1218.0 188
263.8696 1216.0 188
264.2157 1214.0 188
264.5453 1212.0 188
264.8749 1210.0 188
265.2155 1210.0 188
265.5450 1208.0 188
265.8856 1206.0 188
266.2152 1204.0 188
266.5448 1204.0 188
266.8854 1202.0 188
267.2150 1200.0 188
267.5446 1198.0 188
267.8906 1198.0 188
268.2147 1196.0 188
268.5608 1196.0 188
268.8904 1194.0 188
269.2145 1194.0 188
269.5605 1192.0 188
269.8901 1192.0 188
270.2307 1190.0 188
270.5603 1190.0 188
270.8899 1188.0 188
271.2305 1188.0 188
271.5601 1188.0 188
271.9061 1186.0 188
272.2302 1186.0 188
272.5598 1186.0 188
272.9059 1184.0 188
273.2300 1184.0 188
273.5760 1184.0 188
273.9056 1182.0 188
274.2297 1182.0 188
274.5758 1182.0 188
274.9054 1182.0 188
275.2460 1182.0 188
275.5756 1180.0 188
275.9052 1180.0 188
276.2457 1180.0 188
276.5753 1180.0 188
276.9214 1180.0 188
277.2455 1180.0 188
277.5751 1180.0 188
277.9211 1178.0 188
278.2452 1180.0 188
278.5913 1180.0 188
278.9209 1180.0 188
279.2450 1180.0 188
279.5911 1180.0 188
279.9207 1180.0 188
280.2612 1182.0 188
280.5908 1182.0 188
280.9204 1182.0 188
281.2610 1182.0 188
281.5906 1182.0 188
281.9202 1182.0 188
282.2607 1184.0 188
282.5903 1184.0 188
282.9364 1184.0 188
283.2605 1184.0 188
283.5901 1186.0 188
283.9362 1186.0 188
284.2603 1186.0 188
284.6063 1188.0 188
284.9359 1188.0 188
285.2655 1188.0 188
285.6061 1190.0 188
285.9357 1190.0 188
286.2762 1190.0 188
286.6058 1192.0 188
286.9354 1194.0 188
287.2760 1194.0 188
287.6056 1196.0 188
287.9517 1198.0 188
288.2813 1198.0 188
288.6053 1200.0 188
288.9514 1200.0 188
289.2810 1202.0 188
289.6216 1204.0 188
289.9512 1206.0 188
290.2808 1206.0 188
290.6213 1208.0 188
290.9509 1210.0 188
291.2915 1210.0 188
291.6211 1212.0 188
291.9507 1216.0 188
292.2968 1216.0 188
292.6208 1218.0 188
292.9669 1220.0 188
293.2965 1222.0 188
293.6206 1224.0 188
293.9667 1226.0 188
294.2963 1226.0 188
294.6368 1228.0 188
294.9170 1232.0 188
295.2466 1234.0 188
295.5927 1236.0 188
295.9167 1238.0 188
296.2628 1240.0 188
296.5924 1242.0 188
296.9330 1244.0 188
297.2626 1248.0 188
297.6086 1250.0 188
297.9327 1252.0 188
298.2788 1254.0 188
298.6084 1258.0 188
298.9490 1260.0 188
299.2950 1262.0 188
299.6246 1266.0 188
299.9652 1268.0 188
300.2948 1272.0 188
300.6354 1276.0 188
300.9650 1278.0 188
301.3110 1282.0 188
301.6406 1284.0 188
301.9812 1288.0 188
302.3108 1292.0 188
302.6514 1294.0 188
302.9370 1298.0 188
303.2611 1302.0 188
303.6072 1304.0 188
303.9368 1310.0 188
304.2773 1314.0 188
304.6069 1320.0 188
304.9530 1332.0 188
305.2936 1346.0 188
306.1230 1622.0 188
306.4636 1632.0 188
306.7932 1636.0 188
307.0734 1640.0 188
307.4194 1642.0 188
307.7490 1646.0 188
308.0896 1648.0 188
308.4357 1652.0 188
308.7653 1658.0 188
309.1058 1662.0 188
309.4354 1668.0 188
309.7760 1672.0 188
310.1056 1678.0 188
310.4517 1684.0 188
310.7813 1686.0 188
311.1218 1690.0 188
311.4514 1696.0 188
311.7920 1700.0 188
312.1216 1702.0 188
312.4677 1708.0 188
312.7917 1716.0 188
313.1378 1718.0 188
313.4674 1726.0 188
313.8080 1732.0 188
314.1541 1738.0 188
314.4836 1744.0 188
314.8242 1746.0 188
315.1538 1750.0 188
315.4999 1756.0 188
315.7800 1762.0 188
316.1041 1768.0 188
316.4502 1774.0 188
316.7798 1782.0 188
317.1204 1788.0 188
317.4500 1794.0 188
317.7960 1804.0 188
318.1201 1810.0 188
318.4662 1816.0 188
318.7958 1822.0 188
319.1364 1828.0 188
319.4659 1838.0 188
319.8120 1846.0 188
320.1526 1852.0 188
320.4822 1858.0 188
320.8228 1866.0 188
321.1523 1874.0 188
321.4984 1882.0 188
321.8280 1886.0 188
322.1082 1896.0 188
322.4487 1908.0 188
322.7783 1918.0 188
323.1244 1924.0 188
323.4485 1930.0 188
323.7946 1938.0 188
324.1241 1946.0 188
324.4647 1958.0 188
324.7943 1968.0 188
325.1404 1980.0 188
325.7446 2076.0 188
326.0907 2080.0 188
326.4203 2092.0 188
327.0905 2112.0 188
328.2770 8904.0 188
328.6066 8912.0 188
328.9526 8952.0 188
329.6228 8416.0 188
329.9524 8248.0 188
330.6830 8144.0 188
330.9686 8552.0 188
331.2927 8424.0 188
331.6388 8360.0 188
332.4188 5032.0 188
332.7649 5000.0 188
333.0890 4976.0 188
333.4351 4944.0 188
333.7646 4936.0 188
334.1052 4944.0 188
334.4348 4936.0 188
334.7809 4952.0 188
335.1050 4960.0 188
335.4510 4976.0 188
335.7806 5016.0 188
339.6533 12424.0 188
340.7135 12136.0 188
341.3232 19264.0 188
341.6693 18944.0 188
341.9989 18640.0 188
342.3395 18800.0 188
342.6691 19120.0 188
343.0151 19024.0 188
343.3392 18672.0 188
343.6853 18432.0 188
344.0149 18624.0 188
344.3555 18768.0 188
344.6851 18464.0 188
346.3715 18064.0 188
346.7010 18096.0 188
348.4973 1636.0 188
349.2169 1532.0 188
349.5575 1536.0 188
349.8431 1544.0 188
350.5133 1614.0 188
350.8429 1612.0 188
351.5131 1610.0 188
351.8591 1610.0 188
352.1832 1606.0 188
