#RPLIDAR SCAN DATA
#COUNT=1001
#Angule	Distance	Quality
352.3096 2076.0 188
352.6392 2100.0 188
352.9688 2128.0 188
353.2928 2148.0 188
353.6224 2176.0 188
353.9355 2208.0 188
354.5453 2244.0 188
355.3583 3484.0 188
355.6219 3532.0 188
355.9515 3572.0 188
356.2811 3612.0 188
356.6052 3644.0 188
356.9348 3692.0 188
357.2644 3756.0 188
357.5885 3812.0 188
357.9181 3852.0 188
358.2477 3900.0 188
359.2145 3952.0 188
359.4946 4668.0 188
359.8242 4688.0 188
0.1373 4744.0 188
0.4669 4800.0 188
1.1206 4856.0 188
2.1533 24736.0 188
2.4829 24704.0 188
2.8125 24672.0 188
5.8118 22096.0 188
6.1359 14240.0 188
6.4655 14104.0 188
6.7950 14136.0 188
7.4323 21888.0 188
7.7618 21792.0 188
8.0914 21632.0 188
8.4210 21632.0 188
8.7451 21808.0 188
9.7339 19504.0 188
10.9369 4704.0 188
11.2610 4704.0 188
11.5906 4752.0 188
11.9202 4744.0 188
12.2498 4736.0 188
12.5739 4736.0 188
12.9034 4744.0 188
13.2330 4736.0 188
13.5461 4744.0 188
13.8702 4736.0 188
14.1998 4712.0 188
14.5294 4704.0 188
14.8590 4704.0 188
15.1996 4704.0 188
15.5292 4704.0 188
15.8588 4696.0 188
16.1829 4688.0 188
16.5125 4688.0 188
16.8420 4688.0 188
17.1716 4696.0 188
17.4957 4696.0 188
17.8253 4696.0 188
18.1549 4704.0 188
18.4790 4696.0 188
18.8086 4704.0 188
19.1382 4712.0 188
19.4678 4720.0 188
19.7919 4720.0 188
20.1215 4704.0 188
20.4510 4720.0 188
20.7806 4752.0 188
23.0768 4760.0 188
23.4009 4760.0 188
23.7305 4760.0 188
24.0601 4752.0 188
24.3896 4752.0 188
24.7137 4760.0 188
25.0433 4768.0 188
25.3729 4768.0 188
25.7025 4776.0 188
26.0266 4776.0 188
26.3562 4784.0 188
26.6858 4784.0 188
27.0154 4784.0 188
27.3395 4792.0 188
27.6691 4784.0 188
28.2788 5120.0 188
28.6084 5120.0 188
28.9325 5120.0 188
29.2621 5120.0 188
29.5917 5120.0 188
29.9213 5112.0 188
30.2454 5112.0 188
30.5750 5112.0 188
30.9045 5104.0 188
31.2341 5096.0 188
31.5582 5096.0 188
31.8878 5088.0 188
32.2174 5072.0 188
32.5415 5072.0 188
32.8711 5064.0 188
33.2007 5056.0 188
33.5303 5064.0 188
33.8544 5064.0 188
34.1840 5064.0 188
34.5135 5072.0 188
34.8431 5072.0 188
35.1672 5072.0 188
35.4968 5080.0 188
35.8264 5088.0 188
36.1560 5096.0 188
36.4801 5088.0 188
36.8097 5072.0 188
37.1393 5088.0 188
37.4634 5096.0 188
37.7930 5104.0 188
38.1226 5072.0 188
38.4521 5000.0 188
39.4958 4912.0 188
43.0115 2664.0 188
43.6707 2512.0 188
44.0442 2448.0 188
44.3738 2392.0 188
44.6979 2340.0 188
45.0275 2284.0 188
45.3571 2236.0 188
45.7471 2192.0 188
46.7303 2176.0 188
47.4060 1372.0 188
47.7301 1368.0 188
48.1091 1364.0 188
48.4332 1358.0 188
48.7628 1362.0 188
49.0430 1370.0 188
49.3726 1372.0 188
49.7021 1376.0 188
50.0262 1386.0 188
51.1688 1734.0 188
51.5149 1714.0 188
51.8390 1694.0 188
52.1686 1678.0 188
52.4982 1662.0 188
52.8278 1644.0 188
53.2013 1628.0 188
53.5309 1612.0 188
53.8550 1598.0 188
54.2010 1586.0 188
54.5306 1572.0 188
54.8547 1554.0 188
55.1843 1538.0 188
55.5579 1526.0 188
55.8875 1516.0 188
56.2170 1502.0 188
56.5466 1486.0 188
56.8872 1476.0 188
57.2168 1464.0 188
57.5464 1454.0 188
57.9199 1442.0 188
58.2495 1428.0 188
58.5736 1416.0 188
58.9032 1408.0 188
59.2328 1398.0 188
59.5734 1386.0 188
59.9030 1376.0 188
60.2765 1366.0 188
60.6061 1360.0 188
60.9357 1350.0 188
61.2653 1342.0 188
61.5894 1332.0 188
61.9189 1324.0 188
62.2650 1320.0 188
62.5891 1312.0 188
62.9187 1300.0 188
63.2922 1292.0 188
63.6218 1286.0 188
63.9514 1282.0 188
64.2810 1272.0 188
64.6051 1262.0 188
64.9512 1258.0 188
65.2808 1252.0 188
65.6049 1242.0 188
65.9344 1238.0 188
66.2640 1232.0 188
66.6376 1226.0 188
66.9672 1220.0 188
67.2968 1214.0 188
67.6373 1206.0 188
67.9669 1200.0 188
68.2965 1194.0 188
68.6206 1188.0 188
68.9502 1182.0 188
69.2798 1178.0 188
69.6094 1174.0 188
69.9829 1168.0 188
70.3235 1162.0 188
70.6531 1158.0 188
70.9827 1152.0 188
71.3123 1148.0 188
71.6364 1144.0 188
71.9659 1140.0 188
72.2955 1138.0 188
72.6196 1132.0 188
72.9492 1126.0 188
73.2788 1120.0 188
73.6688 1116.0 188
73.9984 1114.0 188
74.3280 1110.0 188
74.6521 1104.0 188
74.9817 1100.0 188
75.3113 1098.0 188
75.6354 1094.0 188
75.9650 1088.0 188
76.2946 1086.0 188
76.6241 1082.0 188
76.9482 1078.0 188
77.2778 1074.0 188
77.6074 1072.0 188
77.9974 1068.0 188
78.3270 1064.0 188
78.6511 1062.0 188
78.9807 1058.0 188
79.2938 1054.0 188
79.6234 1052.0 188
79.9530 1050.0 188
80.2771 1048.0 188
80.6067 1044.0 188
80.9363 1040.0 188
81.2604 1038.0 188
81.5900 1036.0 188
81.9196 1034.0 188
82.2491 1030.0 188
82.5623 1028.0 188
82.8864 1026.0 188
83.2764 1024.0 188
83.6060 1022.0 188
83.9355 1020.0 188
84.2487 1018.0 188
84.5728 1014.0 188
84.9023 1012.0 188
85.2319 1010.0 188
85.5615 1008.0 188
85.8856 1006.0 188
86.2152 1004.0 188
86.5448 1002.0 188
86.8744 1000.0 188
87.1985 998.0 188
87.5116 996.0 188
87.8412 994.0 188
88.1708 992.0 188
88.4949 992.0 188
88.8245 990.0 188
89.1541 990.0 188
89.4836 988.0 188
89.8077 986.0 188
90.1373 984.0 188
90.5109 982.0 188
90.8405 982.0 188
91.1700 980.0 188
91.4996 980.0 188
91.8237 978.0 188
92.1533 976.0 188
92.4664 976.0 188
92.7960 976.0 188
93.1201 974.0 188
93.4497 972.0 188
93.7793 972.0 188
94.1089 972.0 188
94.4330 970.0 188
94.7626 970.0 188
95.0922 968.0 188
95.4218 968.0 188
95.7294 968.0 188
96.0590 968.0 188
96.3885 968.0 188
96.7181 966.0 188
97.0422 966.0 188
97.3718 966.0 188
97.7014 966.0 188
98.0310 966.0 188
98.3551 966.0 188
98.6682 964.0 188
98.9978 964.0 188
99.3274 964.0 188
99.6515 964.0 188
99.9811 964.0 188
100.3107 964.0 188
100.6403 964.0 188
100.9644 964.0 188
101.2939 964.0 188
101.6235 964.0 188
101.9366 964.0 188
102.2607 964.0 188
102.5903 964.0 188
102.9199 964.0 188
103.2495 966.0 188
103.5736 964.0 188
103.9032 966.0 188
104.2328 966.0 188
104.5624 968.0 188
104.8700 968.0 188
105.1996 966.0 188
105.5292 968.0 188
105.8588 968.0 188
106.1829 968.0 188
106.5125 968.0 188
106.8420 970.0 188
107.1716 972.0 188
107.4957 972.0 188
107.8253 974.0 188
108.1384 974.0 188
108.4680 974.0 188
108.7921 974.0 188
109.1217 976.0 188
109.4513 976.0 188
109.7809 978.0 188
110.1050 980.0 188
110.4346 980.0 188
110.7642 980.0 188
111.0938 982.0 188
111.4014 982.0 188
111.6870 984.0 188
112.0111 984.0 188
112.3407 986.0 188
112.6703 988.0 188
112.9834 988.0 188
113.3075 990.0 188
113.6371 992.0 188
113.9667 992.0 188
114.2963 994.0 188
114.6204 996.0 188
114.9500 996.0 188
115.2795 998.0 188
115.6091 1000.0 188
115.9332 1002.0 188
116.2628 1004.0 188
116.5759 1006.0 188
116.9055 1008.0 188
117.2296 1010.0 188
117.5592 1012.0 188
117.8888 1014.0 188
118.2184 1014.0 188
118.5425 1016.0 188
118.8721 1018.0 188
119.2017 1020.0 188
119.5313 1022.0 188
119.7949 1026.0 188
120.1245 1028.0 188
120.4486 1030.0 188
120.7782 1032.0 188
121.1078 1034.0 188
121.4209 1036.0 188
121.7450 1038.0 188
122.0746 1042.0 188
122.4042 1044.0 188
122.7338 1046.0 188
123.0579 1050.0 188
123.3875 1052.0 188
123.7170 1056.0 188
124.0466 1058.0 188
124.3707 1060.0 188
124.6838 1064.0 188
125.0134 1068.0 188
125.2936 1072.0 188
125.6232 1074.0 188
125.9528 1076.0 188
126.2604 1080.0 188
126.5900 1084.0 188
126.9196 1086.0 188
127.2491 1090.0 188
127.5732 1094.0 188
127.9028 1098.0 188
128.2324 1102.0 188
128.5620 1106.0 188
128.8861 1108.0 188
129.2157 1112.0 188
129.5453 1116.0 188
129.8090 1120.0 188
130.1385 1126.0 188
130.4681 1130.0 188
130.7922 1134.0 188
131.1053 1136.0 188
131.4349 1140.0 188
131.7645 1146.0 188
132.0886 1150.0 188
132.4182 1154.0 188
132.7478 1158.0 188
133.0774 1162.0 188
133.4015 1168.0 188
133.6707 1172.0 188
133.9948 1176.0 188
134.3243 1182.0 188
134.6539 1188.0 188
134.9835 1194.0 188
135.3076 1200.0 188
135.6372 1202.0 188
135.9503 1206.0 188
136.2799 1214.0 188
136.5601 1232.0 188
139.2627 2648.0 188
139.5923 2648.0 188
139.9219 2640.0 188
140.2460 2632.0 188
140.5756 2624.0 188
140.8887 2620.0 188
141.2183 2616.0 188
141.5424 2612.0 188
141.8719 2604.0 188
142.2015 2600.0 188
142.5311 2592.0 188
142.8552 2584.0 188
143.1848 2576.0 188
143.5144 2568.0 188
143.8385 2560.0 188
144.1681 2552.0 188
144.4812 2548.0 188
144.8108 2540.0 188
145.1404 2532.0 188
145.4645 2528.0 188
145.7941 2524.0 188
146.1237 2520.0 188
146.4478 2516.0 188
146.7773 2512.0 188
147.7606 2508.0 188
148.7329 2476.0 188
149.0625 2476.0 188
149.3866 2472.0 188
149.7162 2468.0 188
150.5896 1878.0 188
150.9192 1874.0 188
151.2488 1870.0 188
151.5729 1868.0 188
151.9025 1864.0 188
152.2321 1856.0 188
152.5616 1848.0 188
152.8748 1844.0 188
153.1989 1844.0 188
153.5284 1848.0 188
153.8580 1866.0 188
154.1821 1886.0 188
154.4513 1912.0 188
154.7809 1940.0 188
155.1050 1966.0 188
155.4346 1994.0 188
155.7642 2026.0 188
156.0278 2054.0 188
156.3574 2084.0 188
156.6870 2120.0 188
157.0111 2152.0 188
157.3407 2192.0 188
157.6703 2228.0 188
157.9340 2264.0 188
158.2635 2316.0 188
158.5931 2368.0 188
158.9172 2416.0 188
159.1864 2468.0 188
159.5105 2532.0 188
159.8401 2600.0 188
160.4993 2680.0 188
162.4493 8136.0 188
162.7789 8072.0 188
163.1085 8040.0 188
164.0753 8024.0 188
165.3387 2924.0 188
166.3715 7640.0 188
166.6846 7584.0 188
167.0142 7552.0 188
167.3438 7504.0 188
167.6678 7448.0 188
167.9974 7416.0 188
168.3270 7376.0 188
168.6511 7328.0 188
168.9807 7288.0 188
169.3103 7256.0 188
169.6399 7216.0 188
169.9640 7184.0 188
170.2771 7144.0 188
170.6067 7104.0 188
170.9363 7064.0 188
171.2604 7048.0 188
171.5900 7000.0 188
171.9196 6944.0 188
172.2491 6912.0 188
172.9028 6864.0 188
173.2159 6416.0 188
173.5455 6392.0 188
173.8696 6384.0 188
174.1992 6336.0 188
174.5288 6280.0 188
174.8584 6240.0 188
175.1825 6216.0 188
175.5121 6200.0 188
175.8252 6176.0 188
176.2152 6144.0 188
176.5448 6112.0 188
176.8744 6088.0 188
177.1875 6072.0 188
177.5116 6056.0 188
177.8412 6032.0 188
178.1708 6016.0 188
178.4949 6000.0 188
178.8245 5984.0 188
179.1541 5976.0 188
179.4836 5960.0 188
179.7968 5944.0 188
180.1208 5920.0 188
180.4504 5896.0 188
180.7800 5880.0 188
181.1041 5872.0 188
181.4337 5880.0 188
181.7633 5896.0 188
182.0929 5928.0 188
182.4060 5968.0 188
182.7301 6024.0 188
183.0597 6064.0 188
183.3893 6056.0 188
183.7134 6040.0 188
184.0430 6024.0 188
184.3726 6008.0 188
184.7021 6000.0 188
185.7294 4488.0 188
186.0590 4488.0 188
186.3885 4480.0 188
186.7017 4480.0 188
187.0313 4480.0 188
187.3553 4472.0 188
187.6849 4464.0 188
188.0145 4464.0 188
188.3386 4464.0 188
188.6682 4464.0 188
188.9978 4456.0 188
189.3109 4456.0 188
189.6405 4496.0 188
190.6238 4552.0 188
190.9479 4552.0 188
191.6071 4544.0 188
194.0900 7600.0 188
194.4196 7608.0 188
194.7491 7632.0 188
195.0732 7616.0 188
195.4028 7632.0 188
195.7324 7664.0 188
196.0620 7656.0 188
196.3861 7672.0 188
196.6992 7648.0 188
197.0288 7640.0 188
197.3584 7624.0 188
197.6825 7608.0 188
198.0121 7608.0 188
198.3417 7624.0 188
198.6713 7632.0 188
198.9954 7640.0 188
199.3085 7664.0 188
199.6381 7680.0 188
199.9677 7696.0 188
200.2917 7712.0 188
200.6213 7720.0 188
200.9509 7696.0 188
201.2805 7720.0 188
201.6046 7768.0 188
201.9177 7760.0 188
202.2473 7744.0 188
202.5769 7720.0 188
202.9010 7720.0 188
203.2306 7720.0 188
203.5602 7712.0 188
203.8898 7704.0 188
204.2139 7696.0 188
204.5435 7664.0 188
204.8566 7648.0 188
205.1862 7616.0 188
205.5103 7608.0 188
205.8398 7672.0 188
206.1694 7704.0 188
206.8231 7600.0 188
207.1527 7512.0 188
209.1083 7552.0 188
209.4324 7512.0 188
209.7620 7440.0 188
210.0916 7448.0 188
210.4211 7456.0 188
210.7452 7464.0 188
211.0583 7472.0 188
211.3879 7400.0 188
212.0416 6256.0 188
212.4371 6120.0 188
212.7612 5976.0 188
213.0743 5864.0 188
213.4039 5760.0 188
213.7335 5664.0 188
214.0576 5568.0 188
214.7168 5312.0 188
215.0464 5264.0 188
215.3705 5200.0 188
215.7001 5096.0 188
216.0132 4992.0 188
216.4032 4896.0 188
216.7328 4832.0 188
217.0624 4784.0 188
217.3865 4712.0 188
217.7161 4632.0 188
218.0292 4584.0 188
218.3588 4512.0 188
218.6829 4440.0 188
219.0125 4368.0 188
219.3420 4304.0 188
220.3253 2160.0 188
220.6549 2152.0 188
220.9790 2132.0 188
221.3086 2104.0 188
221.6382 2068.0 188
222.0117 2044.0 188
222.3413 2024.0 188
222.6709 2002.0 188
222.9950 1976.0 188
223.3246 1950.0 188
223.6542 1924.0 188
223.9838 1902.0 188
224.3573 1884.0 188
224.6869 1864.0 188
225.0110 1844.0 188
225.3406 1822.0 188
225.6702 1800.0 188
225.9998 1786.0 188
226.3239 1770.0 188
226.7029 1748.0 188
227.0270 1730.0 188
227.3566 1710.0 188
227.6862 1696.0 188
228.0103 1682.0 188
228.3398 1664.0 188
228.6530 1648.0 188
229.0430 1634.0 188
229.3726 1618.0 188
229.7021 1604.0 188
230.0262 1590.0 188
230.3394 1576.0 188
230.6689 1564.0 188
230.9985 1552.0 188
231.3885 1536.0 188
231.7181 1524.0 188
232.0422 1514.0 188
232.3553 1502.0 188
232.6849 1488.0 188
233.0145 1474.0 188
233.3386 1466.0 188
233.6682 1454.0 188
234.0417 1444.0 188
234.3713 1434.0 188
234.7009 1422.0 188
235.0305 1410.0 188
235.3546 1400.0 188
235.6842 1390.0 188
236.0138 1382.0 188
236.3434 1372.0 188
236.7169 1362.0 188
237.0465 1354.0 188
237.3706 1344.0 188
237.7002 1334.0 188
238.0298 1326.0 188
238.3594 1318.0 188
238.6835 1310.0 188
239.0131 1302.0 188
239.3866 1294.0 188
239.7162 1286.0 188
240.0458 1276.0 188
240.3699 1270.0 188
240.6995 1264.0 188
241.0126 1256.0 188
241.3422 1246.0 188
241.6718 1240.0 188
241.9958 1236.0 188
242.3859 1228.0 188
242.7155 1222.0 188
243.0286 1216.0 188
243.3582 1210.0 188
243.6823 1206.0 188
244.0118 1198.0 188
244.3414 1192.0 188
244.6710 1186.0 188
244.9951 1180.0 188
245.3247 1174.0 188
245.6982 1170.0 188
246.0278 1164.0 188
246.3574 1162.0 188
246.6870 1156.0 188
247.0111 1152.0 188
247.3407 1146.0 188
247.6703 1142.0 188
247.9834 1138.0 188
248.3075 1136.0 188
248.6371 1132.0 188
248.9667 1132.0 188
249.2963 1122.0 188
249.6863 1104.0 188
249.9994 1100.0 188
250.3235 1096.0 188
250.6531 1094.0 188
250.9827 1092.0 188
251.3123 1090.0 188
251.6364 1078.0 188
252.0154 1066.0 188
252.3395 1060.0 188
252.6691 1058.0 188
253.3228 1058.0 188
254.3115 1042.0 188
254.6356 1036.0 188
254.9487 1030.0 188
255.2783 1026.0 188
255.6683 1020.0 188
255.9979 1018.0 188
256.3275 1014.0 188
256.6406 1012.0 188
256.9647 1008.0 188
257.2943 1002.0 188
257.6239 998.0 188
257.9480 994.0 188
258.2776 990.0 188
258.6072 990.0 188
258.9368 986.0 188
259.2609 984.0 188
259.6399 980.0 188
259.9640 978.0 188
260.2936 976.0 188
260.6232 972.0 188
260.9528 968.0 188
261.2769 966.0 188
261.5900 962.0 188
261.9196 960.0 188
262.2491 958.0 188
262.5732 956.0 188
262.9028 952.0 188
263.2324 950.0 188
263.5620 948.0 188
263.8861 946.0 188
264.2651 942.0 188
264.5892 940.0 188
264.9188 936.0 188
265.2484 936.0 188
265.5780 934.0 188
265.9021 932.0 188
266.2317 930.0 188
266.5448 928.0 188
266.8744 924.0 188
267.1985 924.0 188
267.5281 922.0 188
267.8577 920.0 188
268.1708 918.0 188
268.4949 916.0 188
268.8245 914.0 188
269.1541 914.0 188
269.4836 912.0 188
269.8572 910.0 188
270.1868 908.0 188
270.5109 906.0 188
270.8240 904.0 188
271.1536 904.0 188
271.4832 902.0 188
271.8073 900.0 188
272.1204 900.0 188
272.4500 898.0 188
272.7795 896.0 188
273.1091 896.0 188
273.4332 894.0 188
273.7463 892.0 188
274.0759 890.0 188
274.4055 890.0 188
274.7296 890.0 188
275.0592 888.0 188
275.3723 886.0 188
275.7019 886.0 188
276.0260 886.0 188
276.3556 884.0 188
276.6852 884.0 188
276.9983 882.0 188
277.3279 882.0 188
277.6520 880.0 188
277.9816 880.0 188
278.3551 878.0 188
278.6847 878.0 188
279.0143 878.0 188
279.3274 878.0 188
279.6515 876.0 188
279.9811 876.0 188
280.3107 876.0 188
280.6403 874.0 188
280.9479 874.0 188
281.2775 874.0 188
281.6071 874.0 188
281.9366 874.0 188
282.2607 872.0 188
282.5739 872.0 188
282.9034 872.0 188
283.2330 872.0 188
283.5571 872.0 188
283.8867 870.0 188
284.1998 870.0 188
284.5294 870.0 188
284.8590 870.0 188
285.1831 870.0 188
285.4962 870.0 188
285.8258 870.0 188
286.1554 870.0 188
286.4795 870.0 188
286.8091 870.0 188
287.1222 870.0 188
287.4518 870.0 188
287.7759 870.0 188
288.1055 870.0 188
288.4351 870.0 188
288.7482 870.0 188
289.0778 870.0 188
289.4019 870.0 188
289.7314 870.0 188
290.0610 870.0 188
290.3741 870.0 188
290.6982 872.0 188
291.0278 872.0 188
291.3574 872.0 188
291.6705 872.0 188
291.9946 872.0 188
292.3242 874.0 188
292.6538 874.0 188
292.9834 874.0 188
293.2965 876.0 188
293.6206 876.0 188
293.9502 876.0 188
294.2798 876.0 188
294.6094 876.0 188
294.9170 876.0 188
295.2466 878.0 188
295.5762 878.0 188
295.8398 880.0 188
296.1694 880.0 188
296.4990 882.0 188
296.8231 882.0 188
297.1362 882.0 188
297.4658 884.0 188
297.7954 884.0 188
298.1250 886.0 188
298.4491 886.0 188
298.7787 888.0 188
299.1083 890.0 188
299.4324 890.0 188
299.7620 892.0 188
300.0916 892.0 188
300.4211 894.0 188
300.7343 894.0 188
301.0583 896.0 188
301.3879 898.0 188
301.7175 898.0 188
302.0416 900.0 188
302.3712 902.0 188
302.7008 904.0 188
303.0304 904.0 188
303.3545 906.0 188
303.6841 908.0 188
304.0137 908.0 188
304.3433 910.0 188
304.6069 912.0 188
304.9365 914.0 188
305.2606 916.0 188
305.5902 916.0 188
305.9198 918.0 188
306.2494 920.0 188
306.5735 922.0 188
306.9031 924.0 188
307.2162 926.0 188
307.5458 928.0 188
307.8699 930.0 188
308.1995 932.0 188
308.5291 934.0 188
308.8586 936.0 188
309.1827 938.0 188
309.5123 940.0 188
309.8419 942.0 188
310.1715 944.0 188
310.4352 946.0 188
310.7648 950.0 188
311.0889 952.0 188
311.4185 954.0 188
311.7480 956.0 188
312.0776 960.0 188
312.4017 962.0 188
312.7313 964.0 188
313.0609 968.0 188
313.3740 970.0 188
313.6981 972.0 188
314.0277 976.0 188
314.3573 978.0 188
314.6869 982.0 188
314.9670 984.0 188
315.2802 986.0 188
315.6042 988.0 188
315.9338 992.0 188
316.2634 994.0 188
316.5930 998.0 188
316.9171 1002.0 188
317.2467 1006.0 188
317.5763 1010.0 188
317.9059 1014.0 188
318.2300 1016.0 188
318.5596 1018.0 188
318.8892 1022.0 188
319.1528 1026.0 188
319.4824 1030.0 188
319.8120 1034.0 188
320.1361 1036.0 188
320.4657 1040.0 188
320.7953 1044.0 188
321.1249 1048.0 188
321.4325 1054.0 188
321.7621 1058.0 188
322.0917 1060.0 188
322.4213 1064.0 188
322.7454 1068.0 188
323.0310 1076.0 188
323.3386 1080.0 188
323.6682 1086.0 188
323.9978 1092.0 188
324.6515 1100.0 188
325.3107 1110.0 188
325.6403 1116.0 188
325.9039 1118.0 188
326.2335 1122.0 188
326.5576 1128.0 188
326.8872 1136.0 188
327.2168 1152.0 188
327.5464 1168.0 188
327.8101 1172.0 188
328.1396 1174.0 188
328.4637 1180.0 188
328.7933 1192.0 188
329.1229 1200.0 188
329.4525 1202.0 188
329.7766 1206.0 188
330.1062 1208.0 188
330.4193 1210.0 188
330.7489 1218.0 188
331.0730 1222.0 188
331.4026 1228.0 188
331.6718 1236.0 188
331.9958 1242.0 188
332.3254 1246.0 188
332.6550 1254.0 188
332.9791 1260.0 188
333.3087 1268.0 188
333.6383 1274.0 188
333.9514 1282.0 188
334.2810 1288.0 188
334.5612 1296.0 188
334.8743 1304.0 188
335.1984 1312.0 188
335.5280 1322.0 188
335.8575 1332.0 188
336.1871 1338.0 188
336.5112 1346.0 188
336.8408 1354.0 188
337.1704 1364.0 188
337.4341 1374.0 188
337.7637 1382.0 188
338.0933 1392.0 188
338.4174 1400.0 188
338.7305 1412.0 188
339.0601 1422.0 188
339.3896 1430.0 188
339.7137 1440.0 188
339.9829 1452.0 188
340.3125 1462.0 188
340.6366 1472.0 188
340.9662 1484.0 188
341.2958 1496.0 188
341.6199 1506.0 188
341.9495 1516.0 188
342.2626 1530.0 188
342.5427 1542.0 188
342.8723 1554.0 188
343.1854 1566.0 188
343.5150 1580.0 188
343.8391 1592.0 188
344.1687 1604.0 188
344.4983 1618.0 188
344.8279 1632.0 188
345.0916 1646.0 188
345.4211 1660.0 188
345.7452 1678.0 188
346.0748 1690.0 188
346.4044 1704.0 188
346.7340 1722.0 188
347.0416 1738.0 188
347.3712 1754.0 188
347.6514 1770.0 188
347.9645 1788.0 188
348.2941 1806.0 188
348.6237 1824.0 188
348.9478 1842.0 188
349.2773 1860.0 188
349.6069 1880.0 188
349.8706 1904.0 188
350.2002 1922.0 188
350.5298 1942.0 188
350.8594 1968.0 188
351.1835 1988.0 188
351.5131 2008.0 188
351.8262 2032.0 188
352.1063 2056.0 188
