#RPLIDAR SCAN DATA
#COUNT=885
#Angule	Distance	Quality
352.6831 1762.0 188
353.0292 1760.0 188
353.3588 1758.0 188
353.7653 1754.0 188
354.4519 1754.0 188
354.7925 1754.0 188
355.1385 1754.0 188
355.4791 1754.0 188
355.8252 1748.0 188
356.5118 1748.0 188
357.4841 1834.0 188
0.5603 1830.0 188
2.6202 1828.0 188
19.5886 1508.0 188
19.9347 1480.0 188
20.2808 1456.0 188
20.6873 1434.0 188
21.0278 1418.0 188
21.3739 1410.0 188
21.6980 1398.0 188
22.0441 1386.0 188
22.3901 1378.0 188
22.7307 1370.0 188
23.1372 1366.0 188
23.4833 1362.0 188
23.8239 1358.0 188
24.1699 1356.0 188
24.5105 1354.0 188
24.8566 1354.0 188
25.2026 1352.0 188
25.5432 1352.0 188
25.8893 1350.0 188
26.2299 1350.0 188
26.5759 1352.0 188
26.9165 1352.0 188
27.2626 1354.0 188
27.6086 1354.0 188
27.9492 1354.0 188
28.2953 1358.0 188
28.6359 1360.0 188
28.9819 1360.0 188
29.3280 1362.0 188
29.6686 1364.0 188
29.9652 1368.0 188
30.3113 1368.0 188
30.6519 1372.0 188
30.9979 1374.0 188
31.3385 1378.0 188
31.6846 1382.0 188
32.0306 1384.0 188
32.3712 1386.0 188
32.7173 1390.0 188
33.0579 1392.0 188
33.4039 1396.0 188
33.7500 1402.0 188
34.0906 1406.0 188
34.4366 1408.0 188
34.7772 1412.0 188
35.1233 1416.0 188
35.4639 1420.0 188
35.8099 1424.0 188
36.1560 1430.0 188
36.4966 1434.0 188
36.8427 1440.0 188
37.1832 1444.0 188
37.5293 1446.0 188
37.8259 1452.0 188
38.1665 1456.0 188
38.5126 1462.0 188
38.8586 1468.0 188
39.1992 1474.0 188
39.5453 1482.0 188
39.8859 1488.0 188
40.2319 1494.0 188
40.5780 1500.0 188
40.9186 1506.0 188
41.2646 1514.0 188
41.6052 1524.0 188
41.9513 1532.0 188
42.2314 1546.0 188
42.5775 1560.0 188
42.9181 1572.0 188
43.9673 1600.0 188
45.7471 2440.0 188
46.0272 2460.0 188
46.3733 2468.0 188
46.7139 2492.0 188
47.0599 2512.0 188
47.4060 2532.0 188
47.7466 2552.0 188
48.7793 2560.0 188
49.4659 2560.0 188
49.8120 2556.0 188
50.7788 1664.0 188
51.1249 1642.0 188
51.5259 1622.0 188
51.8719 1610.0 188
52.2180 1602.0 188
52.5586 1592.0 188
52.9047 1584.0 188
53.2452 1576.0 188
53.5913 1572.0 188
53.9374 1568.0 188
54.2780 1564.0 188
54.6240 1562.0 188
54.9646 1560.0 188
55.3107 1558.0 188
55.6512 1556.0 188
55.9973 1556.0 188
56.3434 1556.0 188
56.6840 1556.0 188
57.0300 1556.0 188
57.3706 1558.0 188
57.7167 1558.0 188
58.0573 1560.0 188
58.4033 1564.0 188
58.7494 1568.0 188
59.0900 1572.0 188
59.4360 1576.0 188
59.7766 1578.0 188
60.1227 1582.0 188
60.4688 1586.0 188
60.8093 1590.0 188
61.1554 1598.0 188
61.4960 1604.0 188
61.8420 1612.0 188
62.1826 1622.0 188
62.5287 1630.0 188
62.8088 1640.0 188
63.1549 1652.0 188
63.4955 1666.0 188
63.8416 1682.0 188
64.1821 1704.0 188
64.5282 1726.0 188
65.7312 2120.0 188
66.0773 2116.0 188
66.4178 2108.0 188
66.7639 2104.0 188
67.1045 2100.0 188
67.4506 2096.0 188
67.7966 2088.0 188
68.1372 2084.0 188
68.4833 2076.0 188
68.8239 2072.0 188
69.1699 2064.0 188
69.5105 2064.0 188
69.8566 2060.0 188
70.2026 2056.0 188
70.5432 2052.0 188
70.9497 2048.0 188
71.2793 2048.0 188
71.6199 2046.0 188
71.9659 2040.0 188
72.3120 2034.0 188
72.6526 2028.0 188
72.9987 2024.0 188
73.3392 2020.0 188
73.6853 2014.0 188
74.0259 2004.0 188
74.3719 1994.0 188
74.7180 1996.0 188
75.0586 2000.0 188
75.4047 1994.0 188
75.7452 1984.0 188
76.0913 1982.0 188
76.4374 1980.0 188
76.7780 1974.0 188
77.1240 1972.0 188
77.4646 1970.0 188
77.8107 1966.0 188
78.1512 1960.0 188
78.4973 1956.0 188
78.8434 1954.0 188
79.1840 1952.0 188
79.5300 1950.0 188
79.8706 1950.0 188
80.2167 1948.0 188
80.5573 1942.0 188
80.9033 1938.0 188
81.2494 1938.0 188
81.5900 1938.0 188
81.9360 1934.0 188
82.2766 1932.0 188
82.6227 1930.0 188
82.9688 1930.0 188
83.3093 1928.0 188
83.6554 1926.0 188
83.9960 1922.0 188
84.3420 1924.0 188
84.6826 1922.0 188
85.0287 1920.0 188
85.3748 1918.0 188
85.7153 1918.0 188
86.0614 1918.0 188
86.4020 1914.0 188
86.7480 1912.0 188
87.0886 1914.0 188
87.4182 1910.0 188
87.7643 1908.0 188
88.1213 1906.0 188
88.4509 1906.0 188
88.7915 1906.0 188
89.1376 1906.0 188
89.4836 1906.0 188
89.8242 1908.0 188
90.1703 1908.0 188
90.5109 1902.0 188
90.8569 1898.0 188
91.2030 1900.0 188
91.5436 1904.0 188
91.8896 1904.0 188
92.2302 1906.0 188
92.5763 1906.0 188
92.9059 1906.0 188
93.2465 1904.0 188
93.5925 1904.0 188
93.9331 1908.0 188
94.2792 1906.0 188
94.6198 1906.0 188
94.9658 1910.0 188
95.3119 1912.0 188
95.6525 1908.0 188
95.9985 1910.0 188
96.3391 1914.0 188
96.6852 1914.0 188
97.0313 1912.0 188
97.3718 1912.0 188
97.7014 1916.0 188
98.0420 1916.0 188
98.3881 1920.0 188
98.7341 1922.0 188
99.0747 1942.0 188
99.4208 1938.0 188
99.7614 1922.0 188
100.1074 1930.0 188
100.4480 1932.0 188
100.7941 1942.0 188
101.1401 1948.0 188
101.4807 1948.0 188
101.8268 1950.0 188
102.1674 1952.0 188
102.4969 1954.0 188
102.8430 1960.0 188
103.1836 1964.0 188
103.5297 1964.0 188
103.8702 1968.0 188
104.2163 1970.0 188
104.5624 1972.0 188
104.9030 1974.0 188
105.2490 1976.0 188
105.5896 1982.0 188
105.9357 1986.0 188
106.2762 1988.0 188
106.6223 1992.0 188
106.9519 1996.0 188
107.2925 1998.0 188
107.6385 2002.0 188
107.9791 2004.0 188
108.3252 2008.0 188
108.6713 2012.0 188
109.0118 2016.0 188
109.3579 2018.0 188
109.6985 2024.0 188
110.0446 2032.0 188
110.3906 2036.0 188
110.7312 2042.0 188
111.0773 2046.0 188
111.4178 2048.0 188
111.6980 2052.0 188
112.0441 2056.0 188
112.3901 2060.0 188
112.7307 2064.0 188
113.0768 2068.0 188
113.4174 2072.0 188
113.7469 2080.0 188
114.0930 2084.0 188
114.4336 2092.0 188
114.7797 2096.0 188
115.1202 2096.0 188
115.4663 2104.0 188
115.8124 2112.0 188
116.1530 2120.0 188
116.4990 2124.0 188
116.8396 2128.0 188
117.1857 2136.0 188
117.5262 2144.0 188
117.8723 2148.0 188
118.2019 2156.0 188
118.5425 2160.0 188
118.8885 2168.0 188
119.2291 2172.0 188
119.5752 2180.0 188
119.9213 2188.0 188
120.2618 2196.0 188
120.6079 2204.0 188
120.9485 2212.0 188
121.2946 2216.0 188
121.6406 2224.0 188
121.9208 2236.0 188
122.2614 2244.0 188
122.6074 2252.0 188
122.9480 2256.0 188
123.2776 2264.0 188
123.6237 2272.0 188
123.9642 2284.0 188
124.3103 2296.0 188
124.6509 2304.0 188
124.9969 2312.0 188
125.3430 2320.0 188
125.6836 2328.0 188
126.0132 2336.0 188
126.3593 2348.0 188
126.6998 2356.0 188
127.0459 2368.0 188
127.3865 2380.0 188
127.7325 2392.0 188
128.0731 2404.0 188
128.4192 2416.0 188
128.7488 2424.0 188
129.0894 2432.0 188
129.4354 2448.0 188
129.7321 2460.0 188
130.0616 2468.0 188
130.4022 2480.0 188
130.7483 2496.0 188
131.0889 2508.0 188
131.4349 2516.0 188
131.7810 2532.0 188
132.1216 2544.0 188
132.4677 2560.0 188
132.7917 2572.0 188
133.1378 2580.0 188
133.4839 2596.0 188
133.8245 2612.0 188
134.1705 2632.0 188
134.5111 2648.0 188
134.8572 2664.0 188
135.1978 2676.0 188
135.5273 2688.0 188
135.8734 2700.0 188
136.2140 2716.0 188
136.4996 2740.0 188
136.8402 2764.0 188
137.1863 2784.0 188
137.5269 2796.0 188
137.8729 2808.0 188
138.2135 2820.0 188
138.5596 2840.0 188
138.9056 2860.0 188
139.2297 2880.0 188
139.5758 2904.0 188
139.9219 2924.0 188
140.2625 2944.0 188
140.6085 2964.0 188
140.9491 2988.0 188
141.2952 3004.0 188
142.3114 2996.0 188
142.6520 2964.0 188
143.3386 2932.0 188
143.6847 2936.0 188
144.0308 2968.0 188
144.3713 2996.0 188
145.3876 3016.0 188
161.2024 7080.0 188
161.5430 7080.0 188
161.8890 7064.0 188
162.2296 7048.0 188
162.5757 7040.0 188
162.9218 7024.0 188
163.2458 7000.0 188
163.5919 7000.0 188
164.6246 7088.0 188
165.5420 16248.0 188
167.3108 11848.0 188
167.6514 11880.0 188
167.9974 11808.0 188
168.6841 11880.0 188
169.6509 23408.0 188
170.2771 24896.0 188
170.6232 24752.0 188
170.9637 24704.0 188
171.7163 23456.0 188
172.8589 7480.0 188
173.1995 7472.0 188
173.5455 7456.0 188
173.8861 7456.0 188
174.2157 7448.0 188
174.5618 7416.0 188
174.9023 7400.0 188
175.2484 7400.0 188
175.5890 7392.0 188
175.9351 7408.0 188
176.2811 7408.0 188
176.6217 7400.0 188
176.9678 7400.0 188
177.3083 7376.0 188
177.6544 7376.0 188
177.9950 7384.0 188
178.3411 7472.0 188
178.6871 7472.0 188
179.0277 7400.0 188
179.3738 7384.0 188
179.6979 7368.0 188
180.0439 7384.0 188
180.3900 7384.0 188
180.7306 7384.0 188
181.0767 7368.0 188
181.9830 3268.0 188
182.3236 3268.0 188
185.0153 1996.0 188
185.3558 1954.0 188
185.7019 1940.0 188
186.0425 1932.0 188
186.3885 1928.0 188
186.7291 1926.0 188
187.0587 1926.0 188
187.4048 1926.0 188
187.7454 1926.0 188
188.0914 1926.0 188
188.4375 1928.0 188
188.7781 1932.0 188
189.1241 1934.0 188
189.4647 1934.0 188
189.7943 1936.0 188
190.1404 1938.0 188
190.4810 1940.0 188
190.8270 1942.0 188
191.1676 1944.0 188
191.5137 1948.0 188
191.8542 1950.0 188
192.2003 1950.0 188
192.5299 1956.0 188
192.8705 1964.0 188
193.2166 1974.0 188
193.5571 1988.0 188
193.9032 2026.0 188
194.9359 2044.0 188
195.2655 1892.0 188
196.0126 1796.0 188
196.4026 1752.0 188
196.7487 1708.0 188
197.0892 1672.0 188
197.4792 1638.0 188
197.8253 1596.0 188
198.1714 1564.0 188
198.5120 1578.0 188
198.8580 1592.0 188
199.1986 1584.0 188
199.5447 1588.0 188
199.8743 1590.0 188
200.2148 1592.0 188
200.5609 1594.0 188
200.9015 1596.0 188
201.2476 1600.0 188
201.5936 1602.0 188
201.9342 1602.0 188
202.2803 1604.0 188
202.6044 1606.0 188
202.9504 1608.0 188
203.2965 1610.0 188
203.6371 1616.0 188
203.9832 1620.0 188
204.3237 1622.0 188
204.6698 1624.0 188
205.0104 1626.0 188
205.3400 1630.0 188
205.6860 1632.0 188
206.0266 1636.0 188
206.3232 1640.0 188
206.6528 1642.0 188
206.9989 1644.0 188
207.3395 1650.0 188
207.6855 1652.0 188
208.0261 1654.0 188
208.3722 1658.0 188
208.7183 1662.0 188
209.0588 1666.0 188
209.3884 1670.0 188
209.7290 1674.0 188
210.0751 1676.0 188
210.4211 1680.0 188
210.7617 1686.0 188
211.1078 1690.0 188
211.4484 1692.0 188
211.7944 1694.0 188
212.1240 1700.0 188
212.4646 1704.0 188
212.8107 1708.0 188
213.1512 1714.0 188
213.4973 1718.0 188
213.8434 1726.0 188
214.1840 1730.0 188
214.5300 1734.0 188
214.8541 1740.0 188
215.2002 1744.0 188
215.5463 1750.0 188
215.8868 1756.0 188
216.1670 1762.0 188
216.5131 1768.0 188
216.8591 1772.0 188
217.1997 1774.0 188
217.5458 1782.0 188
217.8864 1790.0 188
218.2324 1794.0 188
218.5620 1800.0 188
218.9026 1808.0 188
219.2487 1814.0 188
219.5892 1820.0 188
219.9353 1822.0 188
220.2759 1828.0 188
220.6219 1838.0 188
220.9680 1844.0 188
221.3086 1852.0 188
221.6547 1860.0 188
221.9952 1866.0 188
222.3413 1874.0 188
222.6874 1878.0 188
223.0280 1886.0 188
223.3081 1896.0 188
223.6542 1904.0 188
223.9948 1912.0 188
224.3408 1920.0 188
224.6869 1926.0 188
225.0275 1934.0 188
225.3735 1942.0 188
225.7141 1952.0 188
226.0602 1962.0 188
226.4063 1970.0 188
226.7468 1980.0 188
227.0929 1988.0 188
227.4335 1998.0 188
227.7795 2010.0 188
228.1201 2020.0 188
228.4662 2026.0 188
228.8123 2034.0 188
229.1528 2042.0 188
229.4330 2052.0 188
229.7791 2064.0 188
230.1196 2076.0 188
230.4657 2084.0 188
230.8118 2096.0 188
231.1523 2108.0 188
231.4984 2116.0 188
231.8390 2132.0 188
232.1851 2144.0 188
232.5311 2156.0 188
232.8717 2164.0 188
233.2178 2172.0 188
233.5583 2188.0 188
233.9044 2204.0 188
235.9644 2200.0 188
236.3104 2180.0 188
236.6510 2168.0 188
236.9971 2156.0 188
237.3431 2144.0 188
237.6837 2136.0 188
238.0298 2120.0 188
238.3704 2108.0 188
238.7164 2104.0 188
239.0625 2088.0 188
239.4031 2076.0 188
239.7491 2068.0 188
240.0897 2060.0 188
240.4797 2048.0 188
240.8258 2040.0 188
241.1719 2034.0 188
241.5125 2022.0 188
241.8585 2010.0 188
242.1991 2000.0 188
242.5452 1992.0 188
242.8857 1986.0 188
243.2318 1980.0 188
243.5779 1970.0 188
243.9185 1958.0 188
244.2645 1952.0 188
244.6051 1944.0 188
244.9512 1934.0 188
245.2917 1928.0 188
245.6378 1920.0 188
245.9839 1912.0 188
246.3245 1906.0 188
246.6705 1898.0 188
247.0605 1888.0 188
247.4011 1880.0 188
247.7472 1874.0 188
248.0933 1868.0 188
248.4338 1862.0 188
248.7799 1856.0 188
249.1205 1848.0 188
249.4666 1840.0 188
249.8071 1834.0 188
250.1532 1830.0 188
250.4993 1824.0 188
250.8398 1820.0 188
251.1859 1814.0 188
251.5265 1808.0 188
251.8726 1802.0 188
252.2186 1794.0 188
252.5592 1788.0 188
252.9053 1784.0 188
253.2458 1780.0 188
253.5919 1776.0 188
253.9325 1770.0 188
254.2786 1764.0 188
254.6082 1758.0 188
255.0146 1750.0 188
255.3552 1746.0 188
255.7013 1736.0 188
256.0419 1750.0 188
256.3879 1752.0 188
256.7175 1730.0 188
257.7448 1724.0 188
258.0908 1726.0 188
258.4369 1730.0 188
258.7775 1728.0 188
259.1235 1722.0 188
259.4641 1718.0 188
259.7937 1716.0 188
260.1398 1712.0 188
260.4803 1708.0 188
260.8264 1704.0 188
261.1670 1700.0 188
261.5131 1694.0 188
261.8591 1692.0 188
262.1997 1688.0 188
262.5458 1684.0 188
262.8864 1680.0 188
263.2159 1680.0 188
263.5620 1680.0 188
263.9026 1676.0 188
264.2487 1672.0 188
264.5892 1668.0 188
264.9353 1664.0 188
265.2759 1660.0 188
265.6219 1658.0 188
265.9680 1658.0 188
266.2921 1654.0 188
266.6382 1652.0 188
266.9843 1652.0 188
267.3248 1648.0 188
267.6709 1644.0 188
268.0115 1642.0 188
268.3575 1642.0 188
268.6981 1640.0 188
269.0442 1640.0 188
269.3903 1640.0 188
269.7803 1638.0 188
270.1208 1636.0 188
270.4669 1634.0 188
270.8075 1632.0 188
271.1536 1632.0 188
271.4832 1628.0 188
271.8237 1626.0 188
272.1698 1626.0 188
272.5104 1624.0 188
272.8564 1622.0 188
273.2025 1622.0 188
273.5431 1622.0 188
273.8892 1620.0 188
274.2297 1618.0 188
274.5758 1618.0 188
274.9054 1618.0 188
275.2460 1616.0 188
275.5920 1614.0 188
275.9326 1614.0 188
276.2787 1614.0 188
276.6248 1614.0 188
276.9653 1614.0 188
277.3114 1612.0 188
277.6520 1612.0 188
277.9980 1610.0 188
278.3276 1612.0 188
278.6682 1612.0 188
279.0143 1612.0 188
279.3549 1612.0 188
279.7009 1614.0 188
280.0415 1614.0 188
280.3876 1610.0 188
280.7336 1610.0 188
281.0742 1610.0 188
281.4038 1612.0 188
281.7499 1614.0 188
282.0905 1614.0 188
282.4365 1618.0 188
282.7771 1618.0 188
283.1232 1618.0 188
283.4637 1618.0 188
283.8098 1618.0 188
284.1559 1618.0 188
284.4965 1618.0 188
284.8260 1620.0 188
285.1666 1622.0 188
285.5127 1624.0 188
285.8588 1624.0 188
286.1993 1624.0 188
286.5454 1624.0 188
286.8860 1628.0 188
287.2321 1630.0 188
287.5781 1632.0 188
287.9187 1632.0 188
288.2648 1636.0 188
288.6053 1638.0 188
288.9514 1638.0 188
289.2316 1640.0 188
289.5776 1640.0 188
289.9182 1640.0 188
290.3082 1634.0 188
290.6543 1626.0 188
290.9949 1624.0 188
291.3409 1630.0 188
291.6870 1636.0 188
292.0276 1616.0 188
292.3737 1620.0 188
292.6538 1644.0 188
292.9999 1644.0 188
293.3405 1646.0 188
293.6865 1650.0 188
294.0271 1652.0 188
294.3732 1652.0 188
294.7137 1654.0 188
295.0598 1656.0 188
295.4059 1660.0 188
295.7465 1664.0 188
296.0925 1666.0 188
296.4331 1670.0 188
296.7792 1674.0 188
297.1198 1676.0 188
297.4493 1682.0 188
297.7954 1684.0 188
298.1360 1686.0 188
298.4821 1692.0 188
298.8281 1694.0 188
299.1687 1696.0 188
299.5148 1700.0 188
299.8553 1706.0 188
300.2014 1710.0 188
300.5420 1712.0 188
300.8881 1716.0 188
301.2341 1724.0 188
301.5747 1728.0 188
301.9208 1730.0 188
302.2614 1734.0 188
302.6074 1742.0 188
302.9370 1748.0 188
303.2776 1752.0 188
303.6237 1754.0 188
303.9642 1756.0 188
304.2609 1760.0 188
304.6069 1768.0 188
304.9530 1772.0 188
305.2771 1778.0 188
305.6232 1784.0 188
305.9637 1790.0 188
306.3098 1796.0 188
306.6559 1804.0 188
306.9965 1808.0 188
307.3425 1814.0 188
307.6831 1820.0 188
308.0292 1824.0 188
308.3698 1832.0 188
308.7158 1838.0 188
309.0619 1844.0 188
309.4025 1850.0 188
309.7485 1858.0 188
310.0891 1864.0 188
310.4352 1870.0 188
310.7648 1876.0 188
311.1053 1882.0 188
311.4514 1886.0 188
311.7480 1894.0 188
312.0886 1904.0 188
312.4347 1912.0 188
312.7808 1924.0 188
313.1049 1930.0 188
313.4509 1936.0 188
313.7915 1942.0 188
314.1376 1950.0 188
314.4836 1960.0 188
314.8242 1968.0 188
315.1703 1976.0 188
315.5109 1986.0 188
316.2030 1992.0 188
316.8896 1996.0 188
317.2302 2006.0 188
317.5763 2036.0 188
318.2629 2036.0 188
318.5925 1996.0 188
318.9331 1974.0 188
319.2792 1958.0 188
319.6198 1944.0 188
319.9658 1928.0 188
320.3119 1916.0 188
320.6525 1902.0 188
321.0590 1888.0 188
321.4050 1874.0 188
321.7456 1864.0 188
322.0917 1854.0 188
322.4323 1842.0 188
322.7783 1830.0 188
323.1244 1818.0 188
323.4650 1804.0 188
323.8110 1792.0 188
324.1516 1782.0 188
324.4977 1772.0 188
324.8438 1760.0 188
325.2338 1748.0 188
325.5743 1738.0 188
325.9204 1728.0 188
326.2610 1718.0 188
326.6071 1712.0 188
326.9531 1702.0 188
327.2937 1692.0 188
327.6398 1682.0 188
327.9803 1672.0 188
328.3264 1662.0 188
328.6670 1654.0 188
329.0131 1646.0 188
329.4196 1636.0 188
329.7656 1628.0 188
330.1062 1620.0 188
330.4523 1612.0 188
330.7928 1606.0 188
331.1389 1598.0 188
331.4795 1590.0 188
331.8256 1580.0 188
332.1716 1572.0 188
332.5122 1566.0 188
332.8583 1558.0 188
333.1989 1552.0 188
333.5449 1546.0 188
333.8855 1540.0 188
334.2810 1532.0 188
334.6216 1526.0 188
334.9677 1522.0 188
335.3082 1514.0 188
335.6543 1508.0 188
335.9949 1500.0 188
336.3409 1492.0 188
336.6870 1488.0 188
337.0276 1484.0 188
337.3737 1480.0 188
337.7142 1476.0 188
338.0603 1468.0 188
338.4009 1460.0 188
338.7469 1454.0 188
339.0930 1450.0 188
339.4995 1446.0 188
339.8401 1440.0 188
340.1862 1430.0 188
340.5267 1424.0 188
340.8728 1420.0 188
341.2134 1410.0 188
341.5594 1416.0 188
341.9055 1424.0 188
342.2461 1424.0 188
342.5922 1446.0 188
342.8723 1478.0 188
343.2184 1508.0 188
343.4985 1540.0 188
343.8391 1570.0 188
344.1852 1596.0 188
344.5313 1626.0 188
344.8279 1654.0 188
345.1685 1692.0 188
345.5145 1732.0 188
345.7947 1758.0 188
346.1353 1790.0 188
346.4813 1808.0 188
346.8274 1804.0 188
347.1680 1824.0 188
347.5140 1818.0 188
347.8546 1788.0 188
348.2007 1786.0 188
348.5468 1786.0 188
348.8873 1784.0 188
349.2334 1782.0 188
349.5740 1780.0 188
349.9200 1778.0 188
350.2606 1774.0 188
350.6067 1770.0 188
350.9528 1770.0 188
351.2933 1768.0 188
351.6394 1766.0 188
351.9800 1764.0 188
352.3260 1764.0 188
