#RPLIDAR SCAN DATA
#COUNT=843
#Angule	Distance	Quality
352.0734 9216.0 188
352.4194 9136.0 188
352.7655 9024.0 188
353.1226 8912.0 188
353.4686 8840.0 188
353.8092 8784.0 188
354.1553 8728.0 188
354.5123 8664.0 188
354.8584 8584.0 188
355.1990 8528.0 188
355.9515 7176.0 188
356.3086 7120.0 188
356.6547 7104.0 188
356.9952 7096.0 188
357.3413 7096.0 188
357.6984 7096.0 188
358.0444 7120.0 188
359.0277 8640.0 188
359.3738 8576.0 188
359.7144 8512.0 188
0.0769 8416.0 188
0.4175 8336.0 188
0.7635 8368.0 188
1.1041 8456.0 188
1.4667 8544.0 188
2.1533 8632.0 188
2.4994 8584.0 188
3.2025 8792.0 188
3.5431 8824.0 188
4.2462 8856.0 188
4.5923 8936.0 188
4.9329 9040.0 188
5.2789 8960.0 188
6.3281 8560.0 188
6.6687 9336.0 188
7.0313 9400.0 188
7.3718 9464.0 188
7.7179 9520.0 188
8.0585 9584.0 188
8.4210 9688.0 188
8.7616 9792.0 188
9.1077 9856.0 188
9.4482 9928.0 188
9.8108 9984.0 188
10.1514 9904.0 188
10.4974 9960.0 188
11.5466 9648.0 188
12.2333 10216.0 188
12.5903 10208.0 188
12.9364 10272.0 188
13.2770 10264.0 188
13.6230 10240.0 188
13.9801 10192.0 188
14.3262 10144.0 188
14.6667 10136.0 188
15.0128 10128.0 188
15.3699 10088.0 188
15.7159 10048.0 188
16.7651 10008.0 188
23.0768 7328.0 188
24.1205 7424.0 188
24.4061 10336.0 188
24.7467 10328.0 188
25.1093 10312.0 188
25.4498 10280.0 188
26.1365 10264.0 188
27.1198 3352.0 188
27.4658 3304.0 188
27.8119 3248.0 188
28.1689 3200.0 188
28.5150 3148.0 188
28.8556 3112.0 188
29.2017 3124.0 188
29.5587 3116.0 188
31.7010 3000.0 188
32.4042 2884.0 188
32.7612 2856.0 188
33.1073 2824.0 188
33.4479 2788.0 188
33.8104 2752.0 188
34.2169 2720.0 188
34.5575 2684.0 188
34.9036 2652.0 188
35.2606 2628.0 188
35.6067 2596.0 188
35.9637 2572.0 188
36.3098 2544.0 188
36.6559 2512.0 188
37.0129 2480.0 188
37.3590 2460.0 188
37.7655 2416.0 188
38.1061 2348.0 188
38.8696 2212.0 188
39.2157 2192.0 188
39.5618 2172.0 188
39.9188 2152.0 188
40.2649 2132.0 188
40.6219 2116.0 188
40.9680 2100.0 188
41.3086 2080.0 188
41.6711 2064.0 188
42.0776 2046.0 188
42.4182 2026.0 188
42.7643 2012.0 188
43.1213 1996.0 188
43.4674 1974.0 188
43.8245 1960.0 188
44.1705 1946.0 188
44.5111 1928.0 188
44.8737 1914.0 188
45.2142 1898.0 188
45.5603 1892.0 188
45.9668 1880.0 188
46.3239 1856.0 188
46.6699 1846.0 188
47.0105 1834.0 188
47.3730 1820.0 188
47.7136 1806.0 188
48.0762 1796.0 188
48.4167 1782.0 188
48.7628 1780.0 188
49.1199 1768.0 188
49.5264 1744.0 188
49.8724 1734.0 188
50.2185 1722.0 188
50.5756 1712.0 188
50.9216 1702.0 188
51.2787 1690.0 188
51.6248 1682.0 188
51.9653 1672.0 188
52.3279 1670.0 188
52.6685 1660.0 188
53.0145 1640.0 188
53.4210 1632.0 188
53.7781 1624.0 188
54.1241 1616.0 188
54.4647 1608.0 188
54.8273 1596.0 188
55.1678 1586.0 188
55.5304 1578.0 188
55.8710 1570.0 188
56.2170 1566.0 188
56.5741 1558.0 188
56.9202 1546.0 188
57.2607 1540.0 188
57.6672 1532.0 188
58.0298 1526.0 188
58.3704 1518.0 188
58.7329 1510.0 188
59.0735 1504.0 188
59.4196 1496.0 188
59.7766 1488.0 188
60.1227 1482.0 188
60.4688 1476.0 188
60.8258 1474.0 188
61.1719 1466.0 188
61.5289 1454.0 188
61.8750 1452.0 188
62.2760 1444.0 188
62.6221 1436.0 188
62.9791 1428.0 188
63.3252 1422.0 188
63.6713 1418.0 188
64.0283 1412.0 188
64.3744 1406.0 188
64.7150 1400.0 188
65.0775 1396.0 188
65.4181 1392.0 188
65.7642 1388.0 188
66.1047 1396.0 188
66.4673 1388.0 188
66.8079 1372.0 188
67.1539 1368.0 188
67.5604 1364.0 188
67.9010 1360.0 188
68.2635 1354.0 188
68.6041 1350.0 188
68.9502 1346.0 188
69.2963 1340.0 188
69.6533 1336.0 188
69.9994 1334.0 188
70.3400 1330.0 188
70.7025 1324.0 188
71.0431 1326.0 188
71.3892 1334.0 188
71.7297 1324.0 188
72.0923 1308.0 188
72.4329 1306.0 188
72.7789 1302.0 188
73.1360 1298.0 188
73.4821 1296.0 188
73.8885 1292.0 188
74.2291 1288.0 188
74.5752 1286.0 188
74.9323 1282.0 188
75.2783 1280.0 188
75.6244 1278.0 188
75.9650 1274.0 188
76.3275 1270.0 188
76.6681 1274.0 188
77.0142 1282.0 188
77.3712 1272.0 188
77.7173 1258.0 188
78.0579 1256.0 188
78.4039 1254.0 188
78.7610 1252.0 188
79.1071 1250.0 188
79.4531 1248.0 188
79.8102 1246.0 188
80.1563 1244.0 188
80.4968 1242.0 188
80.8429 1240.0 188
81.2000 1238.0 188
81.5460 1236.0 188
81.8866 1234.0 188
82.2327 1232.0 188
82.5897 1230.0 188
82.9962 1228.0 188
83.2764 1236.0 188
83.6389 1242.0 188
83.9795 1230.0 188
84.3860 1220.0 188
84.7321 1220.0 188
85.0781 1218.0 188
85.4352 1216.0 188
85.7813 1214.0 188
86.1218 1214.0 188
86.4679 1212.0 188
86.8250 1212.0 188
87.1710 1210.0 188
87.5116 1208.0 188
87.8741 1206.0 188
88.2147 1206.0 188
88.5608 1204.0 188
88.9014 1204.0 188
89.2639 1204.0 188
89.6045 1204.0 188
89.9506 1204.0 188
90.3076 1210.0 188
90.6537 1220.0 188
90.9998 1212.0 188
91.3403 1198.0 188
91.7029 1198.0 188
92.0435 1198.0 188
92.3895 1196.0 188
92.7301 1194.0 188
93.0927 1194.0 188
93.4332 1194.0 188
93.7793 1194.0 188
94.1364 1194.0 188
94.4824 1192.0 188
94.8230 1192.0 188
95.1691 1192.0 188
95.5261 1192.0 188
95.8722 1192.0 188
96.2183 1192.0 188
96.5753 1194.0 188
96.9214 1192.0 188
97.2620 1196.0 188
97.6080 1206.0 188
97.9651 1216.0 188
98.3112 1204.0 188
98.6517 1192.0 188
98.9978 1194.0 188
99.3549 1194.0 188
99.7009 1194.0 188
100.0415 1194.0 188
100.3876 1194.0 188
100.7446 1194.0 188
101.0907 1196.0 188
101.4368 1196.0 188
101.7773 1198.0 188
102.1399 1198.0 188
102.4805 1200.0 188
102.8265 1202.0 188
103.1671 1202.0 188
103.5297 1204.0 188
103.8702 1206.0 188
104.2163 1208.0 188
104.5624 1216.0 188
104.9194 1224.0 188
105.2655 1216.0 188
105.6061 1210.0 188
105.9521 1212.0 188
106.3092 1212.0 188
106.6553 1214.0 188
106.9958 1216.0 188
107.3419 1216.0 188
107.6990 1218.0 188
108.0450 1220.0 188
108.3856 1220.0 188
108.7317 1222.0 188
109.0887 1224.0 188
109.4348 1226.0 188
109.7809 1228.0 188
110.0775 1230.0 188
110.4181 1230.0 188
110.7642 1232.0 188
111.1212 1232.0 188
111.4673 1240.0 188
111.8079 1244.0 188
112.8571 1246.0 188
113.3405 2524.0 188
113.6865 2524.0 188
114.0271 2532.0 188
114.3896 2536.0 188
114.7302 2540.0 188
115.0763 2548.0 188
115.4169 2556.0 188
115.7794 2560.0 188
116.1200 2560.0 188
116.4661 2568.0 188
116.8121 2580.0 188
117.1692 2584.0 188
117.5153 2592.0 188
117.8558 2600.0 188
118.2019 2604.0 188
118.5590 2608.0 188
118.9050 2616.0 188
119.2456 2620.0 188
119.5917 2628.0 188
119.9487 2636.0 188
120.2948 2644.0 188
120.6354 2648.0 188
120.9814 2648.0 188
121.6846 2656.0 188
122.3712 2640.0 188
122.7338 2640.0 188
123.0743 2648.0 188
123.4204 2660.0 188
123.7610 2664.0 188
124.1235 2672.0 188
124.4641 2684.0 188
124.8102 2688.0 188
125.1563 2700.0 188
125.5133 2712.0 188
125.8594 2720.0 188
126.1395 2752.0 188
126.4966 2792.0 188
126.8427 2804.0 188
127.1832 2808.0 188
127.5293 2816.0 188
127.8864 2828.0 188
128.2324 2844.0 188
128.5730 2860.0 188
128.9191 2868.0 188
129.2761 2888.0 188
129.6222 2900.0 188
129.9683 2908.0 188
130.3088 2920.0 188
130.6714 2928.0 188
131.0120 2940.0 188
131.3580 2948.0 188
131.6986 2968.0 188
132.0612 2984.0 188
132.4017 3000.0 188
132.7478 3012.0 188
133.1049 3032.0 188
133.4509 3048.0 188
133.7915 3064.0 188
134.0936 3084.0 188
134.4342 3096.0 188
134.7803 3112.0 188
135.1208 3124.0 188
135.4834 3136.0 188
136.1700 3156.0 188
136.5271 3184.0 188
136.8732 3208.0 188
137.2137 3220.0 188
137.5598 3204.0 188
137.9169 3180.0 188
138.2629 3184.0 188
139.3121 3216.0 188
139.6527 3224.0 188
140.3394 3256.0 188
141.3885 3148.0 188
141.7291 3128.0 188
142.0917 3108.0 188
142.4323 3092.0 188
142.8387 3072.0 188
143.1848 3048.0 188
143.5309 3028.0 188
143.8879 3012.0 188
144.2340 2988.0 188
144.5746 2964.0 188
144.9207 2948.0 188
145.2777 2936.0 188
145.6238 2924.0 188
145.9644 2916.0 188
146.3104 2904.0 188
146.6675 2884.0 188
147.0135 2868.0 188
147.3541 2844.0 188
147.7002 2824.0 188
148.0573 2808.0 188
148.4033 2804.0 188
148.7494 2796.0 188
149.0900 2784.0 188
149.4525 2768.0 188
149.7931 2756.0 188
150.1996 2732.0 188
150.5457 2716.0 188
150.8862 2708.0 188
151.2488 2696.0 188
151.5894 2684.0 188
151.9354 2676.0 188
152.2760 2660.0 188
152.6385 2648.0 188
152.9791 2636.0 188
153.3252 2624.0 188
153.6713 2616.0 188
154.0283 2592.0 188
154.3744 2564.0 188
154.7150 2584.0 188
155.0610 2584.0 188
155.4181 2556.0 188
155.7642 2536.0 188
156.1047 2512.0 188
156.4673 2504.0 188
156.8079 2504.0 188
157.1539 2492.0 188
157.5000 2504.0 188
157.8571 2536.0 188
158.2031 2560.0 188
158.5437 2596.0 188
158.8898 2636.0 188
159.2468 2664.0 188
159.5929 2696.0 188
159.9335 2728.0 188
160.2301 2768.0 188
160.5762 2808.0 188
160.9167 2836.0 188
161.2793 2872.0 188
161.6199 2916.0 188
161.9659 2952.0 188
162.3120 2980.0 188
162.6691 3016.0 188
163.0151 3056.0 188
163.3118 3104.0 188
164.1083 2584.0 188
164.4653 2580.0 188
164.8114 2572.0 188
165.1520 2568.0 188
165.5145 2568.0 188
165.8551 2568.0 188
166.2012 2552.0 188
166.5417 2540.0 188
166.9043 2536.0 188
167.2449 2532.0 188
167.5909 2532.0 188
167.9480 2524.0 188
168.2941 2520.0 188
168.6401 2516.0 188
168.9807 2512.0 188
169.3433 2504.0 188
169.6838 2500.0 188
170.0299 2496.0 188
170.3870 2492.0 188
170.7330 2488.0 188
171.0736 2480.0 188
171.4197 2480.0 188
171.7767 2476.0 188
172.1228 2468.0 188
172.4634 2464.0 188
172.8259 2460.0 188
173.2159 2452.0 188
173.5730 2448.0 188
173.9191 2444.0 188
174.2651 2440.0 188
174.6222 2440.0 188
174.9683 2448.0 188
175.3088 2456.0 188
175.6055 2476.0 188
175.9515 2512.0 188
178.6981 9352.0 188
180.4340 11000.0 188
180.7965 10976.0 188
181.8237 10992.0 188
182.8235 16168.0 188
183.1696 16120.0 188
183.5156 16128.0 188
183.8727 16136.0 188
184.2188 16128.0 188
184.5593 16128.0 188
184.9054 16128.0 188
185.2625 16136.0 188
185.6085 16168.0 188
185.9491 16336.0 188
188.5144 7632.0 188
189.2010 7576.0 188
190.2448 7872.0 188
190.5908 7944.0 188
191.2939 7584.0 188
191.6400 7488.0 188
192.3431 7240.0 188
192.6837 7192.0 188
193.3868 7112.0 188
194.4196 7200.0 188
195.8698 5592.0 188
196.2323 5480.0 188
196.5729 5400.0 188
196.9189 5360.0 188
197.2760 5328.0 188
197.6221 5288.0 188
197.9681 5248.0 188
198.3087 5216.0 188
198.6713 5192.0 188
199.0118 5168.0 188
199.3579 5160.0 188
199.7150 5184.0 188
202.0276 2952.0 188
202.3737 2884.0 188
202.7307 2816.0 188
203.0768 2748.0 188
203.4833 2684.0 188
203.8239 2632.0 188
204.1864 2568.0 188
204.5270 2512.0 188
204.8730 2468.0 188
205.2795 2412.0 188
205.6201 2364.0 188
205.9827 2328.0 188
206.3232 2284.0 188
206.6693 2236.0 188
207.0758 2196.0 188
207.4329 2156.0 188
207.7789 2116.0 188
208.1250 2084.0 188
208.5260 2048.0 188
208.8721 2004.0 188
209.2291 1974.0 188
209.5752 1948.0 188
209.9213 1916.0 188
210.3278 1886.0 188
210.6848 1856.0 188
211.0309 1826.0 188
211.3715 1802.0 188
211.7340 1776.0 188
212.1405 1754.0 188
212.4811 1732.0 188
212.8271 1708.0 188
213.1677 1686.0 188
213.5303 1660.0 188
213.8708 1640.0 188
214.2773 1622.0 188
214.6234 1600.0 188
214.9805 1574.0 188
215.3265 1556.0 188
215.6671 1540.0 188
216.0736 1522.0 188
216.4362 1502.0 188
216.7767 1488.0 188
217.1228 1472.0 188
217.4799 1458.0 188
217.8699 1442.0 188
218.2324 1426.0 188
218.5730 1412.0 188
218.9191 1394.0 188
219.2761 1378.0 188
219.6826 1364.0 188
220.0287 1350.0 188
220.3748 1334.0 188
220.7318 1324.0 188
221.0779 1310.0 188
221.4185 1296.0 188
221.8250 1286.0 188
222.1710 1274.0 188
222.5281 1264.0 188
222.8741 1256.0 188
223.2147 1244.0 188
223.5773 1232.0 188
223.9838 1224.0 188
224.3243 1214.0 188
224.6704 1202.0 188
225.0275 1192.0 188
225.3735 1184.0 188
225.7141 1172.0 188
226.1206 1160.0 188
226.4667 1154.0 188
226.8237 1144.0 188
227.1698 1136.0 188
227.5104 1126.0 188
227.8729 1120.0 188
228.2794 1114.0 188
228.6200 1106.0 188
228.9661 1098.0 188
229.3231 1090.0 188
229.6692 1082.0 188
230.0153 1074.0 188
230.4218 1068.0 188
230.7788 1062.0 188
231.1249 1052.0 188
231.4655 1044.0 188
231.8280 1038.0 188
232.1686 1032.0 188
232.5146 1026.0 188
232.9211 1020.0 188
233.2617 1012.0 188
233.6243 1006.0 188
233.9648 1002.0 188
234.3109 996.0 188
234.6680 990.0 188
235.0140 984.0 188
235.4205 978.0 188
235.7611 974.0 188
236.1072 968.0 188
236.4642 964.0 188
236.8103 958.0 188
237.1509 954.0 188
237.5134 948.0 188
237.9199 944.0 188
238.2605 940.0 188
238.6066 936.0 188
238.9636 932.0 188
239.3097 930.0 188
239.6558 928.0 188
239.9963 928.0 188
240.3589 928.0 188
240.6995 928.0 188
241.0455 934.0 188
241.4026 938.0 188
241.7487 944.0 188
242.0453 952.0 188
242.3859 958.0 188
242.7319 966.0 188
243.0890 974.0 188
243.4351 982.0 188
243.7317 990.0 188
244.0778 998.0 188
244.4183 1008.0 188
244.7809 1016.0 188
245.1215 1024.0 188
245.4181 1032.0 188
245.7642 1042.0 188
246.1047 1052.0 188
246.4673 1062.0 188
246.7474 1074.0 188
247.1045 1082.0 188
247.4506 1094.0 188
247.7966 1106.0 188
248.0933 1118.0 188
248.4338 1130.0 188
248.7964 1142.0 188
249.1370 1154.0 188
249.4830 1166.0 188
249.7797 1176.0 188
250.1202 1190.0 188
250.4828 1202.0 188
250.8234 1216.0 188
251.1200 1230.0 188
251.4661 1246.0 188
251.8121 1260.0 188
252.1692 1276.0 188
252.5153 1292.0 188
252.8119 1310.0 188
253.1525 1328.0 188
253.4985 1342.0 188
253.8556 1362.0 188
254.1357 1380.0 188
254.4983 1400.0 188
254.8389 1420.0 188
255.1849 1440.0 188
255.4816 1458.0 188
255.8276 1476.0 188
256.1847 1500.0 188
256.5308 1522.0 188
256.8274 1546.0 188
257.1680 1576.0 188
257.5140 1604.0 188
257.8711 1634.0 188
259.6838 2288.0 188
263.2928 3928.0 188
263.6389 3904.0 188
263.9795 3876.0 188
264.3256 3836.0 188
264.6826 3812.0 188
265.7153 3780.0 188
266.4185 3696.0 188
266.7645 3608.0 188
267.8082 3548.0 188
268.4509 4904.0 188
268.7915 4904.0 188
269.1376 4896.0 188
269.4836 4896.0 188
269.8407 4896.0 188
270.1868 4896.0 188
270.8734 4416.0 188
271.2140 4408.0 188
271.5765 4424.0 188
271.9171 4432.0 188
272.2632 4408.0 188
272.9663 4392.0 188
273.3563 4080.0 188
273.7134 4024.0 188
274.0594 4000.0 188
274.4055 3980.0 188
274.7461 3964.0 188
275.1086 3972.0 188
275.4492 3964.0 188
275.7953 3912.0 188
276.1359 3892.0 188
276.4819 3948.0 188
276.8390 4020.0 188
277.1851 4060.0 188
277.5311 4088.0 188
277.8278 4104.0 188
278.2343 4096.0 188
278.5748 4096.0 188
278.9209 4096.0 188
279.2615 4096.0 188
279.6240 4088.0 188
279.9646 4096.0 188
280.3107 4096.0 188
280.6073 4112.0 188
280.9479 4120.0 188
281.2939 4120.0 188
281.6400 4136.0 188
281.9971 4152.0 188
282.3431 4168.0 188
282.6837 4192.0 188
283.0298 4176.0 188
283.3704 4128.0 188
283.7769 4088.0 188
284.1394 4080.0 188
284.4800 4072.0 188
284.8260 4060.0 188
285.1666 4060.0 188
285.5127 4076.0 188
296.3232 1788.0 188
296.7297 1748.0 188
297.0758 1726.0 188
297.4329 1700.0 188
297.7789 1672.0 188
298.1250 1658.0 188
298.5260 1634.0 188
298.8885 1598.0 188
299.2291 1568.0 188
299.5752 1538.0 188
299.9817 1516.0 188
300.3278 1496.0 188
300.6848 1474.0 188
301.0309 1460.0 188
301.3715 1456.0 188
301.7340 1458.0 188
302.0746 1460.0 188
302.4207 1464.0 188
302.7777 1466.0 188
303.9972 1294.0 188
304.3433 1278.0 188
304.6838 1262.0 188
305.0464 1250.0 188
305.3870 1242.0 188
305.7330 1234.0 188
306.1395 1226.0 188
306.4801 1220.0 188
306.8427 1214.0 188
307.1832 1208.0 188
307.5293 1204.0 188
307.8864 1200.0 188
308.2324 1198.0 188
308.5730 1196.0 188
308.9355 1194.0 188
309.2761 1192.0 188
309.6222 1190.0 188
309.9792 1188.0 188
310.3253 1188.0 188
310.6714 1186.0 188
311.0284 1186.0 188
311.3745 1188.0 188
311.7151 1186.0 188
312.0776 1186.0 188
312.4182 1188.0 188
312.7643 1192.0 188
313.1213 1194.0 188
313.4674 1196.0 188
313.8080 1198.0 188
314.1705 1200.0 188
314.5111 1202.0 188
314.8572 1206.0 188
315.2142 1210.0 188
315.5603 1216.0 188
315.9009 1222.0 188
316.2634 1228.0 188
316.5601 1236.0 188
316.9061 1244.0 188
317.2467 1252.0 188
317.6093 1264.0 188
317.9498 1276.0 188
318.2959 1292.0 188
318.5925 1324.0 188
319.7021 1800.0 188
320.0592 1812.0 188
320.4053 1822.0 188
320.7458 1832.0 188
321.1084 1842.0 188
321.4490 1856.0 188
321.7950 1864.0 188
322.1521 1874.0 188
322.4982 1888.0 188
322.7948 1898.0 188
323.1354 1912.0 188
323.4814 1928.0 188
323.8385 1938.0 188
324.5306 1956.0 188
324.7778 2270.0 188
325.1239 2284.0 188
325.4645 2296.0 188
325.8270 2312.0 188
326.1676 2332.0 188
326.5137 2352.0 188
326.8707 2372.0 188
327.2168 2380.0 188
327.5574 2396.0 188
328.6066 2416.0 188
328.9636 2456.0 188
330.1666 1278.0 188
330.5127 1282.0 188
330.8588 1282.0 188
331.2158 1280.0 188
331.5619 1280.0 188
332.2485 1284.0 188
334.4348 8224.0 188
334.7809 8216.0 188
335.1379 8224.0 188
335.4840 8208.0 188
336.5277 8216.0 188
337.1704 16784.0 188
337.5110 16736.0 188
337.8571 16640.0 188
338.2141 16592.0 188
338.5602 16560.0 188
338.9063 16544.0 188
339.6094 17920.0 188
343.7787 18064.0 188
344.8279 17536.0 188
345.8716 17776.0 188
349.4037 9832.0 188
349.7498 9776.0 188
350.1068 9656.0 188
350.4529 9536.0 188
350.7935 9464.0 188
351.1560 9400.0 188
351.4966 9344.0 188
