#RPLIDAR SCAN DATA
#COUNT=704
#Angule	Distance	Quality
354.4354 8000.0 188
354.7925 7992.0 188
355.1385 8024.0 188
355.4791 8056.0 188
355.8252 8080.0 188
358.8904 8216.0 188
359.2310 8208.0 188
359.9341 8336.0 188
14.0460 3500.0 188
14.4031 3444.0 188
14.7491 3448.0 188
15.4358 3340.0 188
15.7764 3332.0 188
16.4685 3212.0 188
16.8256 3200.0 188
17.1716 3224.0 188
17.5122 3204.0 188
17.8583 3168.0 188
18.8855 3160.0 188
19.1821 3636.0 188
19.9841 3048.0 188
20.3412 3064.0 188
21.0278 3072.0 188
21.6046 3956.0 188
21.9507 3940.0 188
22.2968 3928.0 188
22.6373 3924.0 188
22.9999 3912.0 188
23.3405 3892.0 188
23.6865 3876.0 188
24.0271 3868.0 188
24.3732 3852.0 188
24.7137 3840.0 188
25.0598 3828.0 188
52.0422 2256.0 188
52.4048 2272.0 188
52.7454 2280.0 188
53.0914 2272.0 188
53.4375 2276.0 188
53.7946 2304.0 188
54.1406 2300.0 188
54.4812 2292.0 188
54.8273 2300.0 188
55.1843 2276.0 188
55.5304 2268.0 188
56.5741 2268.0 188
77.7008 2564.0 188
78.0469 2572.0 188
78.4039 2580.0 188
78.7500 2592.0 188
79.0906 2604.0 188
79.4366 2616.0 188
79.7772 2628.0 188
80.1233 2640.0 188
80.4803 2648.0 188
80.8264 2660.0 188
81.1670 2672.0 188
81.5131 2684.0 188
81.8591 2692.0 188
82.2162 2708.0 188
82.5623 2728.0 188
82.8424 2744.0 188
83.1830 2760.0 188
83.5455 2780.0 188
83.8861 2792.0 188
84.2322 2800.0 188
84.5728 2812.0 188
84.9188 2828.0 188
85.2759 2852.0 188
85.6219 2872.0 188
85.9680 2888.0 188
86.3086 2908.0 188
86.6547 2924.0 188
86.9952 2940.0 188
87.3578 2960.0 188
87.6984 2984.0 188
88.0444 3004.0 188
88.3905 3028.0 188
88.7311 3052.0 188
89.7803 3068.0 188
89.9506 4352.0 188
90.2966 4368.0 188
90.6537 4400.0 188
90.9998 4432.0 188
91.3403 4456.0 188
91.6864 4472.0 188
92.0270 4488.0 188
92.3895 4512.0 188
92.7301 4536.0 188
93.0762 4552.0 188
93.4167 4576.0 188
93.7628 4592.0 188
94.8560 3800.0 188
95.2185 3776.0 188
95.5591 3764.0 188
95.9052 3760.0 188
96.2457 3800.0 188
96.5918 3852.0 188
96.9324 3900.0 188
97.2949 3972.0 188
97.6355 4040.0 188
97.9816 4096.0 188
98.2782 4152.0 188
98.6243 4232.0 188
98.9648 4320.0 188
99.3109 4416.0 188
99.9976 4512.0 188
101.0468 4768.0 188
101.9202 9968.0 188
102.2607 10008.0 188
102.6068 10048.0 188
102.9529 10080.0 188
103.2935 10112.0 188
103.6395 10160.0 188
103.9801 10168.0 188
104.3262 10216.0 188
105.0293 10208.0 188
106.2323 4616.0 188
106.7487 10216.0 188
107.1057 10408.0 188
107.4518 10560.0 188
108.1384 10768.0 188
109.1217 15040.0 188
109.4678 15112.0 188
109.8083 15144.0 188
110.1544 15216.0 188
110.4950 15304.0 188
111.1981 15336.0 188
111.9342 10688.0 188
112.2968 10680.0 188
112.6373 10704.0 188
112.9834 10752.0 188
113.3240 10784.0 188
113.6700 10824.0 188
114.4171 6848.0 188
114.7632 6720.0 188
115.1093 6584.0 188
115.4498 6456.0 188
115.7959 6368.0 188
116.1530 6304.0 188
116.4990 6216.0 188
116.8890 6104.0 188
117.2461 5992.0 188
117.5922 5872.0 188
117.9327 5776.0 188
118.2788 5712.0 188
118.6249 5632.0 188
118.9655 5544.0 188
119.3115 5464.0 188
119.6686 5384.0 188
120.0146 5312.0 188
120.3552 5248.0 188
120.7013 5192.0 188
121.0419 5120.0 188
121.3879 5056.0 188
121.7340 4992.0 188
122.0746 4928.0 188
123.3435 1706.0 188
123.6841 1702.0 188
124.0302 1688.0 188
124.3707 1678.0 188
124.7168 1670.0 188
125.0574 1660.0 188
125.4034 1650.0 188
125.7605 1642.0 188
126.1560 1630.0 188
126.4966 1620.0 188
126.8427 1612.0 188
127.1997 1602.0 188
127.5458 1592.0 188
127.8864 1580.0 188
128.2324 1572.0 188
128.5730 1566.0 188
128.9191 1558.0 188
129.2651 1548.0 188
129.6222 1538.0 188
130.0122 1530.0 188
130.3583 1524.0 188
130.7153 1514.0 188
131.0614 1506.0 188
131.4020 1500.0 188
131.7480 1490.0 188
132.0886 1480.0 188
132.4347 1480.0 188
132.7808 1490.0 188
133.1213 1502.0 188
133.4839 1516.0 188
133.8245 1528.0 188
134.1046 1540.0 188
134.4672 1550.0 188
134.8077 1556.0 188
135.9009 1518.0 188
137.2797 1524.0 188
137.9828 1450.0 188
139.0155 1462.0 188
139.3561 1488.0 188
140.0592 1520.0 188
141.0425 1550.0 188
141.3885 1578.0 188
142.0752 1614.0 188
142.3718 1642.0 188
143.0585 1668.0 188
143.4045 1698.0 188
144.1077 1730.0 188
144.4482 1756.0 188
145.0909 1788.0 188
146.1237 1822.0 188
160.9167 4456.0 188
161.2628 4464.0 188
161.6089 4472.0 188
161.9495 4464.0 188
162.2955 4464.0 188
162.6526 4472.0 188
162.9987 4456.0 188
163.3392 4456.0 188
164.3719 4512.0 188
164.7290 4504.0 188
165.0751 4520.0 188
165.4211 4528.0 188
165.7617 4512.0 188
166.1078 4504.0 188
166.4484 4504.0 188
166.8109 4496.0 188
167.1515 4496.0 188
167.4976 4496.0 188
167.8436 4496.0 188
168.1842 4480.0 188
168.5303 4464.0 188
168.8708 4472.0 188
169.2334 4472.0 188
169.5740 4480.0 188
169.9200 4488.0 188
170.2606 4488.0 188
170.6067 4488.0 188
170.9528 4488.0 188
171.2933 4488.0 188
171.6394 4480.0 188
171.9965 4488.0 188
172.3425 4488.0 188
172.6831 4496.0 188
173.0292 4448.0 188
173.3698 4424.0 188
173.7158 4504.0 188
174.0619 4512.0 188
174.4189 4488.0 188
174.7650 4496.0 188
175.1056 4504.0 188
175.4517 4496.0 188
175.7922 4496.0 188
176.1383 4496.0 188
176.4844 4504.0 188
176.8250 4512.0 188
177.1875 4520.0 188
177.5281 4528.0 188
177.8741 4520.0 188
178.2147 4528.0 188
178.5608 4528.0 188
178.9014 4536.0 188
179.2474 4544.0 188
179.6045 4536.0 188
179.9506 4544.0 188
180.2966 4560.0 188
180.6372 4560.0 188
180.9833 4568.0 188
181.3239 4576.0 188
181.6699 4576.0 188
182.0270 4584.0 188
182.3730 4584.0 188
182.7136 4552.0 188
183.0597 4512.0 188
183.4058 4504.0 188
183.7463 4520.0 188
184.0924 4536.0 188
184.4330 4544.0 188
184.7955 4560.0 188
185.1361 4560.0 188
185.4822 4584.0 188
185.8228 4600.0 188
186.1688 4616.0 188
186.5149 4608.0 188
186.8555 4616.0 188
187.2180 4592.0 188
187.5586 4504.0 188
187.9047 4424.0 188
188.2452 4336.0 188
188.5913 4280.0 188
188.9374 4280.0 188
189.2780 4288.0 188
189.6240 4288.0 188
189.9811 4288.0 188
190.3271 4304.0 188
190.6677 4320.0 188
191.0138 4336.0 188
191.3544 4344.0 188
191.7004 4352.0 188
192.0465 4368.0 188
192.4036 4384.0 188
192.7496 4384.0 188
193.0902 4400.0 188
193.4363 4432.0 188
194.2328 3252.0 188
194.5898 3200.0 188
194.9359 3160.0 188
195.2765 3116.0 188
195.6830 3056.0 188
196.0291 3020.0 188
196.3696 3000.0 188
196.7157 2964.0 188
197.0618 2916.0 188
197.4023 2884.0 188
197.7484 2856.0 188
198.0890 2816.0 188
198.4515 2776.0 188
198.7921 2744.0 188
199.1821 2716.0 188
199.5447 2684.0 188
199.8853 2652.0 188
200.2313 2620.0 188
200.5774 2592.0 188
200.9180 2568.0 188
201.2640 2544.0 188
201.6211 2516.0 188
201.9672 2492.0 188
202.3077 2472.0 188
202.7142 2444.0 188
203.0603 2416.0 188
203.4009 2388.0 188
203.7469 2368.0 188
204.0930 2348.0 188
204.4336 2320.0 188
204.7961 2296.0 188
205.1367 2280.0 188
205.4828 2264.0 188
205.8234 2248.0 188
206.2299 2228.0 188
206.5759 2200.0 188
206.9165 2184.0 188
207.2626 2164.0 188
207.6086 2144.0 188
207.9657 2128.0 188
208.3118 2112.0 188
208.6523 2092.0 188
208.9984 2072.0 188
209.3390 2052.0 188
209.7455 2040.0 188
210.0916 2030.0 188
210.4321 2020.0 188
210.7782 2006.0 188
211.1353 1988.0 188
211.4813 1972.0 188
211.8274 1960.0 188
212.1680 1946.0 188
212.5140 1932.0 188
212.8546 1918.0 188
213.2007 1908.0 188
213.5577 1894.0 188
213.9478 1876.0 188
214.2938 1866.0 188
214.6509 1854.0 188
214.9969 1842.0 188
215.3430 1832.0 188
215.6836 1820.0 188
216.0297 1812.0 188
216.3702 1802.0 188
216.7328 1788.0 188
217.0734 1778.0 188
217.4194 1768.0 188
217.7655 1758.0 188
218.1665 1746.0 188
218.5126 1734.0 188
218.8586 1726.0 188
219.1992 1726.0 188
219.5453 1714.0 188
219.9023 1694.0 188
220.2484 1686.0 188
220.5890 1678.0 188
220.9351 1668.0 188
221.2811 1660.0 188
221.6217 1652.0 188
221.9843 1646.0 188
222.3743 1636.0 188
222.7148 1638.0 188
223.0774 1626.0 188
223.4180 1612.0 188
223.7640 1608.0 188
224.1046 1600.0 188
224.4507 1594.0 188
224.7968 1586.0 188
225.1373 1578.0 188
225.4999 1570.0 188
225.8405 1564.0 188
226.1865 1558.0 188
226.5271 1556.0 188
226.8732 1548.0 188
227.2797 1536.0 188
227.6202 1530.0 188
227.9663 1526.0 188
228.3124 1522.0 188
228.6694 1516.0 188
229.0155 1508.0 188
229.3561 1504.0 188
229.7021 1498.0 188
230.0427 1492.0 188
230.3888 1486.0 188
230.7458 1480.0 188
231.0919 1474.0 188
231.4325 1478.0 188
231.7786 1472.0 188
232.1246 1456.0 188
232.4652 1452.0 188
232.8717 1446.0 188
233.2178 1442.0 188
233.5583 1440.0 188
233.9209 1438.0 188
234.2615 1434.0 188
234.6075 1430.0 188
234.9481 1424.0 188
235.2942 1418.0 188
235.6512 1414.0 188
235.9973 1410.0 188
236.3434 1414.0 188
236.6840 1422.0 188
237.0300 1406.0 188
237.3706 1392.0 188
237.7332 1392.0 188
238.0737 1388.0 188
238.4198 1384.0 188
238.7604 1382.0 188
239.1064 1378.0 188
239.4635 1374.0 188
239.8096 1370.0 188
240.1556 1368.0 188
240.5621 1364.0 188
240.9027 1360.0 188
241.2488 1358.0 188
241.5894 1362.0 188
241.8860 1372.0 188
242.2925 1358.0 188
242.6385 1342.0 188
242.9791 1342.0 188
243.3252 1340.0 188
243.6713 1340.0 188
244.0283 1336.0 188
244.3744 1332.0 188
244.7150 1330.0 188
245.0610 1328.0 188
245.4016 1326.0 188
245.7642 1322.0 188
246.1047 1318.0 188
246.4508 1318.0 188
246.7969 1318.0 188
247.1375 1318.0 188
247.4835 1326.0 188
247.8406 1328.0 188
248.1866 1314.0 188
248.5272 1304.0 188
248.8733 1304.0 188
249.2139 1304.0 188
249.5764 1302.0 188
249.9170 1302.0 188
250.2631 1300.0 188
250.6091 1298.0 188
250.9497 1298.0 188
251.3123 1296.0 188
251.7023 1294.0 188
252.0593 1292.0 188
252.4054 1292.0 188
252.7460 1290.0 188
253.0920 1290.0 188
253.3887 1300.0 188
253.7292 1304.0 188
254.1357 1288.0 188
254.4818 1282.0 188
254.8279 1284.0 188
255.1685 1282.0 188
255.5145 1282.0 188
255.8716 1282.0 188
256.2177 1282.0 188
256.5582 1282.0 188
256.9043 1282.0 188
257.2449 1280.0 188
257.6074 1280.0 188
257.9480 1280.0 188
258.2941 1280.0 188
258.6401 1278.0 188
258.9807 1276.0 188
259.3268 1286.0 188
259.6838 1294.0 188
260.0299 1280.0 188
260.3705 1270.0 188
260.7166 1272.0 188
261.0571 1274.0 188
261.4197 1274.0 188
261.7603 1274.0 188
262.1063 1276.0 188
262.4524 1276.0 188
262.7930 1276.0 188
263.1555 1278.0 188
263.4961 1278.0 188
263.8422 1278.0 188
264.1827 1278.0 188
264.5288 1278.0 188
264.8749 1280.0 188
265.2319 1280.0 188
265.5780 1278.0 188
265.9186 1282.0 188
266.2152 1296.0 188
266.6052 1292.0 188
266.9678 1282.0 188
267.3083 1286.0 188
267.6544 1286.0 188
267.9950 1288.0 188
268.3411 1288.0 188
268.6871 1290.0 188
269.0277 1292.0 188
269.3738 1294.0 188
270.0769 1280.0 188
271.4996 1192.0 188
271.8567 1214.0 188
272.2028 1228.0 188
273.4662 1304.0 188
273.8123 1308.0 188
274.1528 1310.0 188
274.4989 1314.0 188
274.8395 1314.0 188
275.1855 1316.0 188
275.5426 1316.0 188
275.8887 1320.0 188
276.2292 1324.0 188
276.5753 1324.0 188
276.9214 1326.0 188
277.2620 1328.0 188
277.6080 1332.0 188
277.9486 1334.0 188
278.2947 1338.0 188
278.6517 1344.0 188
278.9978 1356.0 188
279.3384 1352.0 188
279.6844 1344.0 188
280.0305 1352.0 188
280.3711 1354.0 188
280.7172 1356.0 188
281.0577 1360.0 188
281.4038 1362.0 188
281.7499 1366.0 188
282.0465 1368.0 188
282.3871 1372.0 188
282.7332 1374.0 188
283.0737 1378.0 188
283.4198 1380.0 188
283.7604 1382.0 188
284.1229 1386.0 188
284.4635 1394.0 188
284.8096 1404.0 188
285.1556 1404.0 188
285.4962 1404.0 188
285.8423 1406.0 188
286.1829 1408.0 188
286.5289 1414.0 188
286.8750 1418.0 188
287.2321 1422.0 188
287.5781 1426.0 188
287.9187 1432.0 188
288.2648 1436.0 188
288.6053 1446.0 188
289.9182 1070.0 188
290.3247 1062.0 188
290.9509 1086.0 188
291.9946 1074.0 188
294.0765 1530.0 188
294.4171 1528.0 188
294.7137 1538.0 188
295.8124 1456.0 188
296.1530 1458.0 188
296.4990 1460.0 188
296.8396 1464.0 188
297.4658 1582.0 188
297.8229 1592.0 188
298.1689 1600.0 188
298.5150 1608.0 188
298.8556 1618.0 188
299.2017 1630.0 188
299.5422 1636.0 188
299.8389 1640.0 188
300.1849 1650.0 188
300.5310 1658.0 188
300.8716 1664.0 188
301.2177 1674.0 188
301.5582 1682.0 188
301.9208 1694.0 188
302.2614 1706.0 188
302.6074 1714.0 188
302.9480 1726.0 188
303.2941 1738.0 188
303.9972 1724.0 188
304.6838 1710.0 188
305.0299 1696.0 188
305.3705 1684.0 188
305.7166 1672.0 188
306.0736 1662.0 188
306.4197 1652.0 188
306.7603 1642.0 188
307.1667 1632.0 188
307.5128 1622.0 188
307.8589 1612.0 188
308.1995 1602.0 188
308.5455 1594.0 188
308.9026 1586.0 188
309.2487 1578.0 188
309.5892 1570.0 188
309.9353 1560.0 188
310.2759 1550.0 188
310.6219 1542.0 188
311.0284 1534.0 188
311.3745 1526.0 188
311.7151 1518.0 188
312.0776 1510.0 188
312.4182 1502.0 188
312.7643 1494.0 188
313.1049 1488.0 188
313.4509 1482.0 188
313.7915 1476.0 188
314.1541 1468.0 188
314.4946 1462.0 188
314.8407 1456.0 188
315.1868 1448.0 188
315.5933 1440.0 188
315.9338 1432.0 188
316.2799 1426.0 188
316.6205 1420.0 188
316.9830 1414.0 188
317.3236 1408.0 188
317.6697 1404.0 188
318.0103 1398.0 188
318.3563 1392.0 188
318.7024 1386.0 188
319.0594 1382.0 188
319.4055 1376.0 188
319.7461 1370.0 188
320.1526 1366.0 188
320.4987 1360.0 188
320.8392 1354.0 188
321.1853 1350.0 188
321.5259 1346.0 188
321.8719 1340.0 188
322.2290 1336.0 188
322.5751 1332.0 188
322.9211 1328.0 188
323.2617 1324.0 188
323.6078 1318.0 188
323.9484 1316.0 188
324.3109 1312.0 188
324.6515 1308.0 188
324.9976 1304.0 188
325.3436 1298.0 188
325.7446 1294.0 188
326.0907 1292.0 188
326.4368 1294.0 188
326.7334 1296.0 188
327.0740 1300.0 188
327.4200 1316.0 188
327.7606 1342.0 188
328.1067 1358.0 188
328.4033 1370.0 188
328.7494 1386.0 188
329.0900 1402.0 188
329.4525 1422.0 188
329.7931 1446.0 188
330.0732 1468.0 188
330.4193 1488.0 188
330.7764 1514.0 188
331.1224 1536.0 188
331.4026 1558.0 188
331.7651 1580.0 188
332.1057 1608.0 188
332.4518 1636.0 188
332.7319 1666.0 188
333.0890 1696.0 188
333.4351 1730.0 188
333.7152 1762.0 188
334.0778 1792.0 188
334.4183 1828.0 188
334.7644 1862.0 188
335.0446 1902.0 188
335.4016 1944.0 188
335.7477 1978.0 188
336.0938 2016.0 188
336.3739 2060.0 188
336.7310 2108.0 188
337.0770 2160.0 188
337.4176 2212.0 188
337.7142 2268.0 188
338.0603 2324.0 188
338.4009 2388.0 188
339.0436 2552.0 188
339.7302 2704.0 188
340.0104 2748.0 188
341.0596 2896.0 188
344.0149 4312.0 188
345.0421 4328.0 188
350.1233 7976.0 188
350.4639 7920.0 188
350.8264 7944.0 188
351.1670 7968.0 188
