#RPLIDAR SCAN DATA
#COUNT=741
#Angule	Distance	Quality
351.9525 5016.0 188
352.3096 4976.0 188
352.6556 4952.0 188
352.9962 4928.0 188
353.4027 4912.0 188
353.6993 4920.0 188
354.0454 4936.0 188
354.3860 4944.0 188
354.7321 4968.0 188
355.0781 4992.0 188
355.4352 5032.0 188
356.0614 6488.0 188
356.4185 6432.0 188
356.7645 6384.0 188
357.1051 6352.0 188
357.4512 6320.0 188
357.7917 6288.0 188
358.1543 6224.0 188
358.4949 6216.0 188
358.8409 6272.0 188
359.1870 6296.0 188
359.5276 6328.0 188
0.2307 6368.0 188
0.5768 6400.0 188
0.9174 6448.0 188
1.2799 6448.0 188
1.6205 6488.0 188
1.9666 6584.0 188
2.3071 6656.0 188
2.6532 6712.0 188
3.0103 6744.0 188
3.3563 6808.0 188
3.7024 6760.0 188
4.3890 6952.0 188
4.7461 6976.0 188
5.4327 6408.0 188
5.7788 6392.0 188
6.4819 7048.0 188
7.1686 7272.0 188
7.5146 7352.0 188
7.8552 7440.0 188
8.2178 7520.0 188
8.5583 7592.0 188
8.9044 7672.0 188
9.5911 7648.0 188
9.9481 7712.0 188
10.2942 7848.0 188
10.6403 7912.0 188
10.9808 7984.0 188
11.3434 8016.0 188
11.6840 8064.0 188
12.7167 7528.0 188
13.0737 8168.0 188
13.3594 8216.0 188
13.7604 8192.0 188
14.1064 8176.0 188
14.4525 8136.0 188
14.8096 8104.0 188
15.1556 8064.0 188
15.4962 8040.0 188
15.8423 8016.0 188
16.1993 7992.0 188
16.5454 7976.0 188
16.8860 7968.0 188
17.2321 7952.0 188
17.5891 7928.0 188
17.9352 7912.0 188
18.2813 7888.0 188
18.6383 7880.0 188
18.9844 7856.0 188
19.3250 7832.0 188
19.6875 7824.0 188
20.0281 7808.0 188
20.3741 7792.0 188
20.7147 7784.0 188
21.0773 7760.0 188
21.4178 7744.0 188
21.7639 7720.0 188
22.1210 7696.0 188
22.4670 7728.0 188
22.8076 7872.0 188
23.1702 8024.0 188
23.5107 8128.0 188
23.8074 8224.0 188
24.1534 8336.0 188
24.4995 8464.0 188
24.8566 8544.0 188
25.2026 8584.0 188
25.5432 8568.0 188
25.8893 8536.0 188
26.2463 8520.0 188
27.0593 5440.0 188
27.4054 5408.0 188
27.7460 5376.0 188
28.0920 5360.0 188
28.4491 5360.0 188
28.7952 5368.0 188
29.1357 5368.0 188
29.4983 5384.0 188
29.8389 5408.0 188
30.5420 5448.0 188
36.5625 1928.0 188
37.2656 1924.0 188
38.3093 1924.0 188
39.3420 1930.0 188
45.2802 3520.0 188
45.6866 3496.0 188
46.0437 3484.0 188
46.3898 3500.0 188
47.3730 3524.0 188
49.2462 10808.0 188
49.5923 10704.0 188
50.3394 7320.0 188
50.6854 7296.0 188
51.0425 7272.0 188
51.3885 7264.0 188
51.7291 7272.0 188
52.4323 7280.0 188
53.4045 2972.0 188
53.7451 2960.0 188
54.1077 2944.0 188
54.4482 2932.0 188
54.7943 2920.0 188
55.1514 2904.0 188
55.4974 2888.0 188
55.8435 2876.0 188
56.1841 2864.0 188
56.5466 2848.0 188
56.8872 2836.0 188
57.9199 1722.0 188
58.2605 1724.0 188
58.6066 1720.0 188
58.9636 1714.0 188
59.3097 1706.0 188
59.6558 1698.0 188
60.0128 1692.0 188
60.3589 1684.0 188
60.6995 1686.0 188
61.0455 1680.0 188
61.4026 1664.0 188
61.7487 1660.0 188
62.0892 1650.0 188
62.4353 1646.0 188
62.7924 1640.0 188
63.1989 1632.0 188
63.5449 1628.0 188
63.8855 1620.0 188
64.2316 1618.0 188
64.5886 1620.0 188
64.9347 1610.0 188
65.2808 1600.0 188
65.6213 1596.0 188
65.9839 1590.0 188
66.3245 1584.0 188
66.6705 1578.0 188
67.0276 1572.0 188
67.3737 1568.0 188
67.7142 1562.0 188
68.0603 1568.0 188
68.4174 1582.0 188
68.7634 1588.0 188
69.1040 1598.0 188
69.4501 1590.0 188
69.8071 1574.0 188
70.1532 1574.0 188
70.4993 1570.0 188
70.8398 1562.0 188
71.2024 1556.0 188
71.8890 1554.0 188
72.5922 1570.0 188
72.9327 1586.0 188
73.2788 1580.0 188
73.6359 1578.0 188
73.9819 1574.0 188
74.3280 1570.0 188
74.6686 1566.0 188
75.0311 1564.0 188
75.3717 1562.0 188
75.7178 1556.0 188
76.0748 1556.0 188
76.4209 1554.0 188
76.7615 1550.0 188
77.1075 1546.0 188
77.4646 1542.0 188
77.8107 1540.0 188
78.1512 1538.0 188
78.5577 1536.0 188
78.9038 1532.0 188
79.2609 1530.0 188
79.6069 1526.0 188
79.9530 1526.0 188
80.2936 1524.0 188
80.6561 1522.0 188
80.9967 1518.0 188
81.3428 1514.0 188
81.6833 1514.0 188
82.0459 1512.0 188
82.3865 1510.0 188
82.7325 1508.0 188
83.0896 1506.0 188
83.4357 1504.0 188
83.7762 1502.0 188
84.1223 1500.0 188
84.4684 1498.0 188
84.8254 1498.0 188
85.1715 1498.0 188
85.5121 1496.0 188
85.8582 1494.0 188
86.1987 1492.0 188
86.5613 1490.0 188
86.9019 1488.0 188
87.2479 1488.0 188
87.5885 1486.0 188
87.9510 1486.0 188
88.2916 1486.0 188
88.6377 1486.0 188
88.9838 1482.0 188
89.3243 1480.0 188
89.6869 1482.0 188
90.0275 1480.0 188
90.3735 1478.0 188
90.7141 1478.0 188
91.0602 1476.0 188
91.4172 1476.0 188
91.7633 1476.0 188
92.1094 1474.0 188
92.4500 1476.0 188
92.7960 1474.0 188
93.1531 1472.0 188
93.4991 1472.0 188
93.8397 1474.0 188
94.1858 1472.0 188
94.5264 1472.0 188
94.8889 1474.0 188
95.2295 1474.0 188
95.5756 1478.0 188
95.9216 1478.0 188
96.2787 1478.0 188
96.6248 1480.0 188
96.9653 1480.0 188
97.3114 1482.0 188
97.6520 1480.0 188
98.0145 1478.0 188
98.3551 1480.0 188
98.7012 1480.0 188
99.0417 1480.0 188
99.3878 1482.0 188
99.7449 1484.0 188
100.0909 1486.0 188
101.1237 1486.0 188
101.8707 1436.0 188
102.1674 1466.0 188
102.5134 1466.0 188
102.8540 1454.0 188
103.2166 1454.0 188
103.5571 1456.0 188
103.9032 1466.0 188
104.2493 1474.0 188
104.6063 1476.0 188
104.9524 1462.0 188
105.3589 1434.0 188
105.6995 1424.0 188
106.0455 1428.0 188
106.3861 1430.0 188
106.7322 1434.0 188
107.0892 1434.0 188
107.4353 1436.0 188
107.7759 1438.0 188
108.1219 1440.0 188
108.4680 1442.0 188
108.8251 1444.0 188
109.1052 1448.0 188
109.4513 1450.0 188
109.8083 1452.0 188
110.1544 1456.0 188
110.4950 1466.0 188
110.8411 1470.0 188
111.1871 1462.0 188
111.5442 1464.0 188
111.8903 1466.0 188
112.2308 1472.0 188
112.5769 1476.0 188
112.9340 1478.0 188
113.2800 1480.0 188
113.6206 1484.0 188
113.9667 1488.0 188
114.3073 1490.0 188
114.6698 1492.0 188
115.0104 1494.0 188
115.3564 1498.0 188
115.7025 1504.0 188
116.0431 1518.0 188
116.4056 1520.0 188
116.7462 1514.0 188
117.0923 1518.0 188
117.4329 1522.0 188
117.7789 1526.0 188
118.1360 1528.0 188
118.4821 1534.0 188
118.7622 1538.0 188
119.1083 1542.0 188
119.4653 1548.0 188
119.8114 1554.0 188
120.1520 1556.0 188
120.4980 1560.0 188
120.8386 1572.0 188
121.2012 1580.0 188
121.5417 1580.0 188
121.8878 1582.0 188
122.2339 1586.0 188
122.5745 1590.0 188
122.9205 1596.0 188
123.2776 1600.0 188
123.6237 1606.0 188
123.9642 1612.0 188
124.3103 1618.0 188
124.6509 1624.0 188
124.9969 1630.0 188
125.3540 1636.0 188
125.6396 1646.0 188
125.9802 1652.0 188
126.3428 1656.0 188
126.6833 1660.0 188
127.0294 1666.0 188
127.3700 1672.0 188
127.7161 1678.0 188
128.0621 1686.0 188
128.4192 1694.0 188
128.7653 1700.0 188
129.1058 1708.0 188
129.4519 1716.0 188
129.7925 1724.0 188
130.1550 1734.0 188
130.4956 1740.0 188
130.8417 1748.0 188
131.1823 1756.0 188
131.4844 1762.0 188
131.8250 1768.0 188
132.1710 1776.0 188
132.5116 1784.0 188
132.8577 1796.0 188
133.2147 1806.0 188
133.5608 1814.0 188
133.9014 1826.0 188
134.2474 1838.0 188
134.5935 1844.0 188
134.9341 1854.0 188
135.2966 1864.0 188
135.6372 1874.0 188
135.9833 1882.0 188
136.3239 1890.0 188
136.6205 1900.0 188
136.9666 1912.0 188
137.3071 1926.0 188
137.6532 1936.0 188
137.9993 1948.0 188
138.3563 1958.0 188
138.7024 1966.0 188
139.0430 1980.0 188
139.3890 1994.0 188
139.7296 2006.0 188
140.0922 2020.0 188
140.4327 2034.0 188
140.7788 2046.0 188
141.0590 2056.0 188
141.4215 2068.0 188
141.7621 2084.0 188
142.1082 2096.0 188
142.4487 2112.0 188
142.7948 2128.0 188
143.1519 2144.0 188
143.4979 2160.0 188
143.8385 2172.0 188
144.1846 2188.0 188
144.5306 2200.0 188
144.8712 2216.0 188
145.2338 2232.0 188
145.5139 2248.0 188
145.8545 2268.0 188
146.2170 2284.0 188
146.5576 2300.0 188
146.9037 2320.0 188
147.2498 2340.0 188
147.5903 2364.0 188
147.9364 2380.0 188
148.2935 2396.0 188
148.6395 2420.0 188
148.9801 2444.0 188
149.2767 2460.0 188
149.6228 2480.0 188
149.9634 2496.0 188
150.3094 2520.0 188
150.6555 2544.0 188
151.0126 2564.0 188
151.3586 2588.0 188
151.6992 2616.0 188
152.0453 2640.0 188
152.3859 2664.0 188
152.7319 2692.0 188
153.0890 2728.0 188
153.3746 2756.0 188
153.7152 2780.0 188
154.0778 2816.0 188
154.7644 2844.0 188
155.5774 5016.0 188
155.9180 5000.0 188
156.2805 4984.0 188
156.6211 4960.0 188
156.9672 4944.0 188
157.3077 4928.0 188
157.7142 4904.0 188
158.0603 4896.0 188
158.4009 4872.0 188
158.7469 4856.0 188
159.1040 4840.0 188
159.4501 4832.0 188
159.7961 4824.0 188
160.1367 4816.0 188
160.4828 4808.0 188
160.8398 4784.0 188
161.1859 4776.0 188
161.5265 4760.0 188
161.8726 4752.0 188
162.2186 4736.0 188
162.5757 4712.0 188
162.9218 4704.0 188
163.2623 4688.0 188
163.6084 4672.0 188
163.9490 4672.0 188
164.2950 4656.0 188
164.6521 4640.0 188
164.9982 4616.0 188
165.3387 4592.0 188
165.6848 4584.0 188
166.0309 4584.0 188
166.3879 4624.0 188
166.7340 4712.0 188
167.0746 4800.0 188
167.4207 4888.0 188
167.7173 5000.0 188
168.0579 5104.0 188
168.4039 5216.0 188
168.7500 5304.0 188
169.1071 5400.0 188
169.8431 4696.0 188
170.2002 4696.0 188
170.5463 4712.0 188
170.8868 4704.0 188
171.2329 4672.0 188
171.5735 4664.0 188
171.9360 4656.0 188
172.2766 4648.0 188
172.6227 4648.0 188
172.9688 4640.0 188
173.3093 4632.0 188
173.6719 4632.0 188
174.0125 4624.0 188
174.3585 4616.0 188
174.6991 4608.0 188
175.0452 4608.0 188
175.3857 4616.0 188
175.7483 4640.0 188
176.4349 4680.0 188
178.2916 13160.0 188
178.6377 13040.0 188
179.3243 13040.0 188
180.7141 18576.0 188
181.0602 18752.0 188
181.4172 18752.0 188
181.7633 18736.0 188
182.1094 18688.0 188
182.4500 18640.0 188
182.7960 18640.0 188
183.1366 18656.0 188
183.4991 18448.0 188
184.5923 9912.0 188
184.9329 9976.0 188
185.2789 10080.0 188
185.6250 10120.0 188
185.9656 10128.0 188
186.3281 10168.0 188
186.6687 10168.0 188
187.0148 10160.0 188
187.3553 10152.0 188
187.7014 10152.0 188
188.0585 10176.0 188
188.7451 10080.0 188
189.0912 10088.0 188
189.8438 7712.0 188
190.1843 7616.0 188
190.8875 7544.0 188
195.3259 2796.0 188
195.6665 2776.0 188
196.0126 2776.0 188
196.3586 2780.0 188
196.6992 2780.0 188
197.0453 2780.0 188
197.4023 2784.0 188
197.7484 2788.0 188
198.0890 2792.0 188
198.4351 2792.0 188
198.7811 2796.0 188
199.1217 2804.0 188
199.4843 2804.0 188
199.8248 2808.0 188
200.1709 2816.0 188
200.5115 2820.0 188
200.8575 2828.0 188
201.2146 2832.0 188
201.5607 2836.0 188
201.9012 2840.0 188
202.2473 2844.0 188
202.5934 2848.0 188
202.9340 2856.0 188
203.2965 2864.0 188
203.6371 2868.0 188
203.9832 2872.0 188
204.3237 2876.0 188
204.6698 2880.0 188
205.0104 2884.0 188
205.3729 2892.0 188
205.7135 2900.0 188
206.0596 2908.0 188
206.4056 2916.0 188
206.7462 2924.0 188
207.1088 2936.0 188
207.4493 2944.0 188
207.7954 2948.0 188
208.8281 2956.0 188
209.8553 1208.0 188
210.2014 1210.0 188
210.5420 1216.0 188
211.5747 1228.0 188
214.4806 1500.0 188
215.1068 1146.0 188
215.4529 1140.0 188
215.7935 1140.0 188
216.1395 1142.0 188
216.8427 1148.0 188
222.7643 1540.0 188
223.1049 1554.0 188
223.4509 1570.0 188
223.7915 1602.0 188
228.6530 1138.0 188
228.9990 1152.0 188
229.3396 1144.0 188
229.7021 1128.0 188
230.0427 1126.0 188
230.3888 1124.0 188
231.4325 1122.0 188
233.2947 1438.0 188
233.6353 1430.0 188
233.9813 1420.0 188
234.3384 1410.0 188
237.6837 1120.0 188
238.5571 1334.0 188
238.9032 1328.0 188
239.2603 1324.0 188
239.6063 1316.0 188
239.9524 1310.0 188
240.6390 1306.0 188
243.6548 1070.0 188
243.9954 1070.0 188
246.0278 1136.0 188
247.0770 1138.0 188
250.3235 1402.0 188
251.0156 1400.0 188
253.3118 1126.0 188
254.1852 1364.0 188
254.5313 1362.0 188
254.8718 1360.0 188
255.2179 1356.0 188
255.5750 1352.0 188
255.9210 1350.0 188
256.2616 1348.0 188
256.6077 1346.0 188
256.9482 1344.0 188
257.2943 1344.0 188
257.9974 1314.0 188
258.3435 1332.0 188
258.6841 1330.0 188
259.0302 1328.0 188
259.3707 1326.0 188
259.7333 1326.0 188
260.0739 1322.0 188
260.4199 1320.0 188
260.7605 1318.0 188
261.1066 1316.0 188
261.4526 1314.0 188
261.8097 1314.0 188
262.1558 1314.0 188
262.4963 1310.0 188
262.8424 1308.0 188
263.1830 1306.0 188
263.5291 1306.0 188
263.8861 1306.0 188
264.2322 1304.0 188
264.5728 1302.0 188
264.9188 1300.0 188
265.2649 1298.0 188
265.6055 1296.0 188
265.9680 1296.0 188
266.3580 1294.0 188
266.7151 1292.0 188
267.0612 1294.0 188
267.4017 1294.0 188
267.7478 1292.0 188
268.0884 1290.0 188
268.4344 1290.0 188
268.7915 1290.0 188
269.1376 1288.0 188
269.4836 1286.0 188
269.8242 1286.0 188
270.1703 1284.0 188
270.5109 1284.0 188
270.8734 1282.0 188
271.2140 1282.0 188
271.5601 1284.0 188
271.9061 1284.0 188
272.9498 1286.0 188
281.6840 8744.0 188
282.0300 8760.0 188
282.3871 8816.0 188
282.7332 8832.0 188
283.0737 8864.0 188
283.4198 8840.0 188
283.7769 8672.0 188
284.1229 8552.0 188
284.4635 8536.0 188
284.8096 8512.0 188
285.1556 8512.0 188
285.5127 8504.0 188
285.8588 8504.0 188
286.1993 8504.0 188
286.5454 8488.0 188
286.8860 8480.0 188
287.2485 8480.0 188
287.5891 8464.0 188
287.9352 8432.0 188
288.2813 8424.0 188
288.6218 8408.0 188
288.9844 8400.0 188
289.3250 8400.0 188
289.6710 8392.0 188
290.0116 8384.0 188
290.3577 8384.0 188
290.7147 8384.0 188
291.7474 8392.0 188
296.6089 8672.0 188
296.9495 8696.0 188
297.3120 8736.0 188
297.6526 8744.0 188
297.9987 8760.0 188
298.3392 8760.0 188
298.6853 8760.0 188
299.0424 8768.0 188
299.3884 8768.0 188
299.7290 8776.0 188
300.0751 8800.0 188
300.4321 8800.0 188
300.7782 8792.0 188
301.1243 8808.0 188
301.4648 8840.0 188
301.8109 8840.0 188
302.1680 8840.0 188
302.5140 8848.0 188
302.8546 8736.0 188
303.2007 8704.0 188
303.5468 8840.0 188
303.9038 8792.0 188
304.2499 8696.0 188
304.5905 8752.0 188
304.9365 8784.0 188
305.2771 8768.0 188
305.6396 8800.0 188
305.9802 8832.0 188
306.3263 8824.0 188
306.6669 8856.0 188
307.0129 8880.0 188
307.3700 8912.0 188
307.7161 8936.0 188
308.0621 8944.0 188
308.4027 8960.0 188
308.7653 8984.0 188
309.1058 9024.0 188
309.4519 9048.0 188
309.7925 9064.0 188
310.1385 9080.0 188
310.4956 9096.0 188
310.8417 9112.0 188
311.1823 9128.0 188
311.5283 9152.0 188
311.8744 9176.0 188
312.5775 9216.0 188
312.9181 8456.0 188
313.6047 9408.0 188
313.9673 9464.0 188
314.3079 9520.0 188
314.6539 9576.0 188
315.3406 8872.0 188
315.7031 9104.0 188
316.3898 9976.0 188
316.7303 10032.0 188
317.0929 10088.0 188
317.4335 10128.0 188
317.7795 10192.0 188
318.8232 10264.0 188
319.8724 10456.0 188
320.2185 10504.0 188
320.9052 9704.0 188
321.9489 10800.0 188
323.4045 6392.0 188
323.7451 6352.0 188
324.0912 6328.0 188
324.4482 6312.0 188
324.7943 6312.0 188
325.1404 6336.0 188
325.4810 6368.0 188
326.1841 6392.0 188
343.9215 7792.0 188
344.2621 7744.0 188
344.6082 7680.0 188
344.9487 7616.0 188
345.3113 7512.0 188
345.6519 7416.0 188
345.9979 7336.0 188
346.3385 7256.0 188
346.7010 7184.0 188
347.0416 7120.0 188
347.3877 7072.0 188
347.7338 7024.0 188
348.0908 6968.0 188
348.4369 6920.0 188
348.7775 6856.0 188
349.1235 6784.0 188
349.4641 6688.0 188
349.8267 6600.0 188
350.1672 6520.0 188
350.5133 6464.0 188
350.8594 6416.0 188
351.2000 6368.0 188
