#RPLIDAR SCAN DATA
#COUNT=733
#Angule	Distance	Quality
352.7161 6848.0 188
353.0127 8832.0 188
353.6993 8808.0 188
354.0894 6552.0 188
354.4354 6544.0 188
354.7760 6536.0 188
355.1221 6544.0 188
355.4681 6544.0 188
355.8087 6544.0 188
356.1383 6536.0 188
356.4844 6528.0 188
356.8250 6528.0 188
357.1710 6520.0 188
357.5116 6512.0 188
357.8577 6512.0 188
358.1982 6520.0 188
358.5443 6520.0 188
358.8904 6520.0 188
359.2310 6528.0 188
359.5605 6528.0 188
359.9011 6520.0 188
0.2472 6528.0 188
0.5933 6520.0 188
0.9338 6512.0 188
1.2799 6512.0 188
1.6205 6512.0 188
1.9666 6520.0 188
2.3071 6512.0 188
2.6532 6512.0 188
2.9993 6520.0 188
3.3234 6528.0 188
4.0155 6536.0 188
4.7021 8152.0 188
5.0427 8168.0 188
5.3888 8184.0 188
5.7294 8184.0 188
6.0754 8184.0 188
6.4215 8184.0 188
6.7017 8208.0 188
7.0422 8224.0 188
7.3883 8224.0 188
7.7344 8240.0 188
8.0750 8240.0 188
8.4210 8240.0 188
8.7616 8248.0 188
9.1077 8272.0 188
9.4482 8280.0 188
9.7943 8264.0 188
10.1404 8224.0 188
11.2170 8192.0 188
13.6670 5768.0 188
14.0131 5728.0 188
14.3591 5712.0 188
14.6997 5704.0 188
15.0458 5696.0 188
15.3864 5688.0 188
15.7324 5696.0 188
16.0730 5728.0 188
16.4191 5768.0 188
16.7651 5800.0 188
17.3859 7928.0 188
17.7319 7824.0 188
18.0780 7720.0 188
18.4186 7568.0 188
18.7646 7384.0 188
19.1052 7296.0 188
19.4348 7312.0 188
19.7809 7328.0 188
20.1215 7344.0 188
20.4675 7352.0 188
20.8081 7360.0 188
21.1542 7376.0 188
21.4948 7392.0 188
21.8408 7416.0 188
22.1869 7448.0 188
22.5275 7472.0 188
22.8735 7496.0 188
23.2141 7512.0 188
23.5602 7520.0 188
23.9063 7544.0 188
24.2468 7560.0 188
24.5929 7576.0 188
24.9170 7600.0 188
25.2631 7600.0 188
25.6091 7624.0 188
25.9497 7664.0 188
26.2958 7696.0 188
26.6364 7720.0 188
26.9824 7744.0 188
27.3230 7768.0 188
27.6691 7784.0 188
28.0151 7816.0 188
28.3557 7848.0 188
28.7018 7880.0 188
29.0424 7904.0 188
29.3884 7928.0 188
29.7290 7888.0 188
30.0751 7800.0 188
30.4047 7744.0 188
30.7452 7728.0 188
31.0913 7752.0 188
31.7780 7776.0 188
32.1240 8152.0 188
32.4207 8208.0 188
32.7448 8240.0 188
33.0908 8264.0 188
33.4369 8312.0 188
33.7775 8352.0 188
34.1235 8392.0 188
34.4641 8400.0 188
34.8102 8432.0 188
35.1563 8488.0 188
35.4968 8544.0 188
35.8429 8600.0 188
36.1835 8624.0 188
36.5295 8664.0 188
36.8701 8728.0 188
37.2162 8752.0 188
37.9028 8784.0 188
38.2928 7344.0 188
38.6389 7280.0 188
38.9795 7280.0 188
39.3256 7280.0 188
39.6716 7272.0 188
40.0122 7288.0 188
41.0449 7312.0 188
41.6821 11672.0 188
42.0282 11648.0 188
42.3743 11608.0 188
42.7148 11480.0 188
43.0609 11360.0 188
43.3905 11312.0 188
44.0771 9752.0 188
44.4177 9824.0 188
44.7638 9960.0 188
45.1044 10072.0 188
45.4504 10160.0 188
45.7965 10232.0 188
46.1371 10288.0 188
46.4832 10344.0 188
46.8237 10408.0 188
47.1698 10464.0 188
47.5104 10520.0 188
47.8564 10552.0 188
48.2025 10552.0 188
48.5431 10552.0 188
48.8892 10528.0 188
49.2297 10520.0 188
49.5758 10488.0 188
49.9219 10416.0 188
50.2625 10368.0 188
50.6085 10320.0 188
50.9491 10280.0 188
51.2952 10216.0 188
51.6357 10160.0 188
51.9818 10120.0 188
52.3279 10064.0 188
52.6685 10016.0 188
53.0145 9960.0 188
53.3551 9888.0 188
53.7012 9840.0 188
54.0417 9776.0 188
54.3878 9720.0 188
54.7339 9712.0 188
55.0745 9704.0 188
55.4205 9656.0 188
55.7611 9576.0 188
56.1072 9536.0 188
56.4478 9536.0 188
56.7938 9512.0 188
57.1399 9440.0 188
57.4805 9384.0 188
57.8265 9336.0 188
58.1671 9312.0 188
58.5132 9312.0 188
58.8593 9296.0 188
59.1998 9264.0 188
59.5459 9216.0 188
60.5731 9216.0 188
61.2653 9120.0 188
61.6058 8992.0 188
61.9519 8952.0 188
62.2925 8928.0 188
62.6385 8920.0 188
62.9791 8904.0 188
63.6713 8944.0 188
73.9655 8512.0 188
74.3555 7104.0 188
74.7015 7072.0 188
75.0421 7032.0 188
75.3882 6992.0 188
75.7343 6952.0 188
76.0748 6920.0 188
76.4209 6888.0 188
76.7615 6856.0 188
77.1075 6824.0 188
77.4371 6792.0 188
77.7777 6768.0 188
78.1238 6736.0 188
78.4644 6704.0 188
78.8104 6680.0 188
79.1510 6640.0 188
79.4971 6592.0 188
79.8431 6584.0 188
80.1837 6672.0 188
84.5728 8264.0 188
85.3088 6488.0 188
85.6549 6464.0 188
85.9955 6440.0 188
86.3416 6416.0 188
86.6821 6376.0 188
87.0282 6344.0 188
87.3743 6312.0 188
87.7148 6296.0 188
88.0609 6264.0 188
88.4015 6232.0 188
88.7476 6200.0 188
89.0936 6184.0 188
89.4177 6184.0 188
89.7638 6224.0 188
90.1044 6280.0 188
90.4504 6344.0 188
90.7965 6400.0 188
91.1371 6432.0 188
91.4832 6480.0 188
91.8237 6552.0 188
92.1698 6640.0 188
92.5104 6712.0 188
92.8564 6792.0 188
93.2025 6864.0 188
93.5266 6960.0 188
94.2188 8096.0 188
94.5593 8120.0 188
94.9054 8192.0 188
95.5261 8328.0 188
96.5588 8312.0 188
97.5916 8312.0 188
98.6682 7088.0 188
99.0143 6896.0 188
99.3549 6704.0 188
99.7009 6592.0 188
100.4974 4896.0 188
100.8435 4848.0 188
101.8707 4832.0 188
105.1831 6752.0 188
105.8698 6760.0 188
106.8860 7736.0 188
108.6987 1422.0 188
109.7314 1408.0 188
110.7642 1428.0 188
113.4503 2456.0 188
114.9335 2004.0 188
115.6091 2012.0 188
120.8551 1716.0 188
121.2012 1708.0 188
121.8384 1852.0 188
122.8546 1852.0 188
123.2611 1668.0 188
123.6072 1658.0 188
123.9478 1664.0 188
124.9640 1674.0 188
125.2606 1838.0 188
125.6067 1852.0 188
125.9528 1858.0 188
126.2769 1864.0 188
126.6229 1868.0 188
126.9635 1876.0 188
127.3096 1886.0 188
127.6062 1898.0 188
127.9358 1914.0 188
128.2764 1940.0 188
128.9685 1980.0 188
131.4185 1276.0 188
133.8904 11104.0 188
134.2310 11008.0 188
134.5770 10976.0 188
136.9666 10784.0 188
137.3071 10872.0 188
137.6532 10944.0 188
138.6859 11000.0 188
143.4650 1722.0 188
145.1404 3212.0 188
146.1511 3240.0 188
146.6840 5720.0 188
147.0135 5592.0 188
147.3541 5480.0 188
147.7002 5384.0 188
148.0463 5280.0 188
148.3868 5208.0 188
149.0735 5112.0 188
150.3864 2620.0 188
151.5289 4468.0 188
152.3254 3388.0 188
152.6715 3388.0 188
153.3582 3376.0 188
155.3577 3816.0 188
155.6982 3776.0 188
156.0443 3716.0 188
156.3904 3664.0 188
156.7310 3628.0 188
157.0605 3584.0 188
157.4011 3536.0 188
157.8076 3488.0 188
158.1537 3452.0 188
158.4998 3420.0 188
158.8403 3384.0 188
159.1864 3348.0 188
159.5270 3300.0 188
159.8566 3264.0 188
160.2026 3232.0 188
160.5432 3204.0 188
160.8893 3168.0 188
161.2299 3128.0 188
161.5759 3092.0 188
161.9824 3064.0 188
162.3230 3040.0 188
162.6526 3012.0 188
162.9987 3000.0 188
163.3392 3008.0 188
163.6853 3020.0 188
164.0259 3028.0 188
164.3719 3040.0 188
164.7180 3056.0 188
165.0586 3072.0 188
165.3387 3088.0 188
165.6848 3096.0 188
166.0309 3112.0 188
166.3715 3132.0 188
166.7175 3140.0 188
167.0581 3152.0 188
167.4042 3160.0 188
167.7448 3176.0 188
168.0908 3188.0 188
168.4369 3208.0 188
168.7775 3224.0 188
169.1071 3240.0 188
169.4531 3256.0 188
169.7937 3276.0 188
170.1398 3320.0 188
170.4803 3312.0 188
170.8264 3256.0 188
171.8591 3216.0 188
172.1832 3124.0 188
172.5293 3096.0 188
172.8699 3120.0 188
173.2159 3124.0 188
173.5620 3084.0 188
173.9520 3056.0 188
174.2926 3032.0 188
174.6387 3016.0 188
174.9792 3004.0 188
175.3253 3000.0 188
175.6714 3012.0 188
176.0120 3024.0 188
176.3580 3040.0 188
176.6986 3056.0 188
176.9843 3080.0 188
177.3248 3100.0 188
177.6709 3120.0 188
177.9950 3144.0 188
178.3411 3164.0 188
178.6871 3184.0 188
179.0277 3156.0 188
181.4172 3364.0 188
181.7633 3388.0 188
182.1094 3416.0 188
182.4500 3440.0 188
182.7960 3464.0 188
183.1366 3492.0 188
183.4167 3528.0 188
183.7628 3564.0 188
184.1089 3568.0 188
184.4495 3568.0 188
184.7955 3576.0 188
185.1196 3560.0 188
185.4657 3544.0 188
185.8118 3532.0 188
186.1523 3524.0 188
186.5588 3508.0 188
186.8884 3496.0 188
187.2290 3484.0 188
187.5751 3476.0 188
187.9211 3460.0 188
188.2617 3448.0 188
188.6078 3436.0 188
188.9484 3416.0 188
189.2944 3400.0 188
189.6405 3380.0 188
189.9646 3376.0 188
190.3107 3376.0 188
190.6512 3360.0 188
190.9973 3348.0 188
191.3434 3336.0 188
191.6840 3328.0 188
192.0300 3320.0 188
192.3706 3312.0 188
192.7167 3304.0 188
193.0463 3300.0 188
193.3868 3288.0 188
193.7329 3276.0 188
194.0735 3260.0 188
194.4196 3256.0 188
194.7656 3240.0 188
195.1062 3224.0 188
195.4523 3220.0 188
195.7764 3208.0 188
196.1224 3196.0 188
196.4685 3188.0 188
196.8091 3180.0 188
197.1552 3172.0 188
197.4957 3168.0 188
197.8418 3184.0 188
198.1824 3220.0 188
198.5284 3260.0 188
198.8580 3312.0 188
199.1986 3376.0 188
199.5447 3428.0 188
199.8853 3472.0 188
200.1709 3524.0 188
200.5115 3588.0 188
200.8575 3652.0 188
201.1981 3716.0 188
201.5442 3776.0 188
201.8903 3848.0 188
202.2308 3924.0 188
202.5769 3992.0 188
202.9175 4072.0 188
203.2031 4144.0 188
203.5437 4208.0 188
203.8898 4288.0 188
204.5764 4384.0 188
206.1530 1558.0 188
206.4990 1580.0 188
207.1857 1578.0 188
209.6521 6096.0 188
210.6848 5560.0 188
212.4481 2108.0 188
213.1403 2112.0 188
215.4803 2340.0 188
215.8264 2332.0 188
216.1670 2316.0 188
217.1997 2296.0 188
221.5778 1160.0 188
221.9183 1162.0 188
228.0927 1554.0 188
228.7793 1554.0 188
229.1199 1550.0 188
229.7626 1754.0 188
230.1086 1752.0 188
230.4327 1752.0 188
230.7788 1754.0 188
231.1249 1752.0 188
231.4655 1748.0 188
231.8115 1752.0 188
233.2452 1564.0 188
233.5748 1568.0 188
233.9209 1580.0 188
235.1843 1784.0 188
235.5304 1794.0 188
235.8710 1808.0 188
236.2170 1818.0 188
236.5576 1836.0 188
236.9037 1864.0 188
237.9199 1888.0 188
239.9799 1882.0 188
241.4191 8936.0 188
241.7651 8904.0 188
242.1057 8880.0 188
242.4518 8920.0 188
245.3906 1298.0 188
246.4178 1304.0 188
248.2635 9752.0 188
248.6041 9848.0 188
248.9502 9832.0 188
249.2963 9816.0 188
249.6368 9792.0 188
252.3120 1828.0 188
253.5754 4736.0 188
253.9215 4728.0 188
254.2621 4720.0 188
254.5917 4720.0 188
254.9323 4704.0 188
255.2783 4712.0 188
255.6244 4720.0 188
255.9650 4736.0 188
256.3110 4752.0 188
256.9977 4776.0 188
257.5140 9240.0 188
257.8546 9216.0 188
258.2007 9192.0 188
258.5468 9184.0 188
258.8873 9160.0 188
259.2334 9152.0 188
259.5575 9136.0 188
259.9036 9112.0 188
260.2496 9104.0 188
260.5902 9104.0 188
260.9363 9080.0 188
261.2769 9040.0 188
261.6229 9032.0 188
261.9635 9040.0 188
262.3096 9024.0 188
262.6556 9008.0 188
262.9962 8992.0 188
263.3423 8992.0 188
263.6719 8984.0 188
264.0125 8960.0 188
264.3585 8952.0 188
264.6991 8984.0 188
265.0452 9000.0 188
265.3857 8952.0 188
265.7318 8888.0 188
266.0779 8896.0 188
267.1545 7920.0 188
267.4951 7944.0 188
267.8412 7928.0 188
268.1873 7920.0 188
268.5278 7936.0 188
268.8739 7936.0 188
269.2145 7920.0 188
269.5441 7920.0 188
269.8901 7936.0 188
270.2307 7928.0 188
270.5768 7928.0 188
270.9174 7920.0 188
271.2634 7928.0 188
271.6040 7936.0 188
271.9501 7920.0 188
272.2961 7920.0 188
272.6202 7944.0 188
272.9663 7944.0 188
273.3124 7944.0 188
274.3396 7928.0 188
274.6857 6760.0 188
275.3723 7968.0 188
275.7019 7992.0 188
276.0425 8000.0 188
276.3885 7992.0 188
276.7291 8016.0 188
277.0752 8032.0 188
277.4213 8024.0 188
277.7618 8024.0 188
278.1079 8040.0 188
278.4375 8048.0 188
279.4647 8016.0 188
280.8435 6784.0 188
281.5137 8096.0 188
281.8542 8080.0 188
282.2003 8120.0 188
282.5464 8152.0 188
282.8870 8152.0 188
283.5736 8152.0 188
283.9197 7424.0 188
284.5459 8200.0 188
284.8865 8232.0 188
285.2325 8272.0 188
285.5621 8264.0 188
285.9027 8256.0 188
286.2488 8280.0 188
286.5894 8280.0 188
286.9354 8304.0 188
287.6715 7552.0 188
288.3087 8392.0 188
288.6383 8400.0 188
290.0116 8496.0 188
290.3577 8496.0 188
290.6982 8512.0 188
291.0443 8600.0 188
291.3904 8648.0 188
291.7145 8632.0 188
292.8076 7752.0 188
293.0933 8704.0 188
293.4338 8760.0 188
293.7799 8736.0 188
294.7961 8736.0 188
295.8234 8944.0 188
296.6858 4400.0 188
297.0154 4304.0 188
297.3560 4224.0 188
297.7020 4168.0 188
298.0426 4112.0 188
298.4491 4072.0 188
298.7787 4048.0 188
299.1248 4008.0 188
299.4653 3972.0 188
299.8114 3916.0 188
300.1520 3848.0 188
300.4980 3812.0 188
300.8386 3784.0 188
301.1847 3760.0 188
301.5308 3728.0 188
301.8713 3700.0 188
302.2174 3680.0 188
302.5580 3652.0 188
302.9041 3620.0 188
303.2446 3592.0 188
303.5742 3568.0 188
303.9203 3548.0 188
304.2609 3528.0 188
304.6069 3516.0 188
305.0134 3504.0 188
305.3540 3492.0 188
305.7001 3480.0 188
306.0461 3468.0 188
306.3867 3448.0 188
306.7328 3428.0 188
307.0734 3416.0 188
307.4030 3412.0 188
307.7490 3416.0 188
308.0896 3392.0 188
308.4357 3372.0 188
308.7762 3364.0 188
309.1223 3352.0 188
309.4684 3340.0 188
309.8090 3328.0 188
310.1550 3316.0 188
310.4956 3304.0 188
310.8417 3296.0 188
311.1823 3284.0 188
311.5283 3276.0 188
311.8744 3272.0 188
312.2150 3264.0 188
312.5610 3260.0 188
312.9016 3260.0 188
313.2477 3256.0 188
313.5938 3248.0 188
313.9178 3244.0 188
314.2639 3240.0 188
314.6045 3240.0 188
314.9506 3236.0 188
315.2966 3236.0 188
315.6372 3236.0 188
315.9833 3236.0 188
316.3239 3236.0 188
316.6699 3236.0 188
317.0105 3236.0 188
317.3566 3232.0 188
317.7026 3232.0 188
318.0432 3236.0 188
318.3893 3236.0 188
318.7299 3240.0 188
319.0759 3236.0 188
319.4165 3236.0 188
319.7626 3240.0 188
320.1086 3228.0 188
320.4327 3240.0 188
320.7788 3252.0 188
321.1249 3248.0 188
321.4655 3252.0 188
321.8115 3256.0 188
322.1521 3260.0 188
322.4982 3260.0 188
322.8387 3260.0 188
323.1848 3260.0 188
323.5309 3268.0 188
323.8715 3276.0 188
324.2175 3276.0 188
324.5581 3284.0 188
324.9042 3292.0 188
325.2448 3296.0 188
325.5908 3308.0 188
325.9369 3320.0 188
326.2775 3324.0 188
326.6235 3332.0 188
326.9531 3344.0 188
327.2937 3356.0 188
327.6398 3364.0 188
327.9803 3376.0 188
328.3264 3384.0 188
328.6670 3392.0 188
329.0131 3404.0 188
329.3591 3420.0 188
329.6997 3440.0 188
330.0458 3456.0 188
330.3864 3468.0 188
330.7324 3484.0 188
331.0730 3496.0 188
331.4191 3508.0 188
331.6992 3524.0 188
332.0453 3544.0 188
332.3859 3560.0 188
332.7319 3576.0 188
333.0780 3608.0 188
333.4186 3628.0 188
333.7646 3644.0 188
334.1052 3672.0 188
334.4513 3696.0 188
334.7919 3708.0 188
335.1215 3736.0 188
335.4675 3772.0 188
335.8081 3796.0 188
336.1542 3828.0 188
336.4948 3868.0 188
336.8408 3908.0 188
337.1869 3948.0 188
337.5275 3992.0 188
337.8735 4048.0 188
338.2141 4092.0 188
338.4998 4144.0 188
339.1864 4432.0 188
339.5270 4400.0 188
339.8730 4368.0 188
340.2026 4344.0 188
340.5432 4328.0 188
340.8893 4312.0 188
341.2299 4296.0 188
341.5759 4288.0 188
341.9165 4272.0 188
342.2626 4256.0 188
342.6086 4248.0 188
342.9492 4256.0 188
343.2953 4264.0 188
343.6359 4272.0 188
343.9655 4288.0 188
344.3115 4304.0 188
344.6521 4312.0 188
344.9982 4344.0 188
345.3387 4392.0 188
346.2616 6632.0 188
346.6077 6640.0 188
346.9373 6632.0 188
347.2778 6616.0 188
347.6239 6616.0 188
347.9645 6616.0 188
348.3105 6608.0 188
348.6511 6600.0 188
348.9972 6608.0 188
349.3433 6600.0 188
349.6838 6592.0 188
350.0299 6584.0 188
350.3540 6568.0 188
350.7001 6584.0 188
351.3867 6648.0 188
