#RPLIDAR SCAN DATA
#COUNT=1002
#Angule	Distance	Quality
355.5286 371.0 188
355.8746 371.0 188
356.2152 371.0 188
356.5613 371.0 188
356.9019 371.0 188
357.2479 371.0 188
357.5885 371.0 188
357.9346 371.0 188
358.2806 371.0 188
358.6212 372.0 188
358.9838 372.0 188
359.3243 372.0 188
359.6704 372.0 188
0.0110 372.0 188
0.3571 372.0 188
0.6537 373.0 188
1.0437 372.0 188
1.3403 373.0 188
1.6864 373.0 188
2.0270 373.0 188
2.3730 373.0 188
2.7136 374.0 188
3.0597 374.0 188
3.4058 375.0 188
3.7463 375.0 188
4.1089 375.0 188
4.4495 375.0 188
4.7955 375.0 188
5.1361 376.0 188
5.4822 376.0 188
5.8228 376.0 188
6.1688 377.0 188
6.5149 378.0 188
6.8555 378.0 188
7.1521 379.0 188
7.4982 379.0 188
7.8387 380.0 188
8.1848 380.0 188
8.5309 381.0 188
8.8715 381.0 188
9.2340 382.0 188
9.5746 382.0 188
9.9207 383.0 188
10.2612 384.0 188
10.6073 384.0 188
10.8875 385.0 188
11.2500 386.0 188
11.5906 386.0 188
11.9366 387.0 188
12.2772 387.0 188
12.6233 388.0 188
12.9639 388.0 188
13.3099 389.0 188
13.6560 390.0 188
13.9526 391.0 188
14.2932 391.0 188
14.6393 392.0 188
14.9799 393.0 188
15.3259 394.0 188
15.6665 395.0 188
16.0126 396.0 188
16.3092 397.0 188
16.6553 397.0 188
16.9958 398.0 188
17.3419 399.0 188
17.6825 400.0 188
18.0286 401.0 188
18.3856 401.0 188
18.7317 403.0 188
19.0118 404.0 188
19.3579 405.0 188
19.6985 406.0 188
20.0610 407.0 188
20.4016 408.0 188
20.7477 409.0 188
21.0278 410.0 188
21.3739 412.0 188
21.7145 412.0 188
22.0770 414.0 188
22.4176 415.0 188
22.7637 416.0 188
23.0438 417.0 188
23.4009 418.0 188
23.7469 420.0 188
24.0930 421.0 188
24.4336 423.0 188
24.7302 424.0 188
25.0763 426.0 188
25.4169 427.0 188
25.7629 428.0 188
26.1200 430.0 188
26.4661 430.0 188
26.8121 431.0 188
27.1088 433.0 188
27.4493 436.0 188
27.7954 437.0 188
28.1360 439.0 188
28.4326 441.0 188
28.7787 442.0 188
29.1248 444.0 188
29.4818 445.0 188
29.8279 446.0 188
30.1245 448.0 188
30.4651 451.0 188
30.8112 452.0 188
31.1517 454.0 188
31.4484 456.0 188
31.7944 458.0 188
32.1405 461.0 188
32.4976 463.0 188
32.7777 465.0 188
33.1238 467.0 188
33.4808 469.0 188
33.8269 470.0 188
34.1675 472.0 188
34.4641 475.0 188
34.8102 477.0 188
35.1563 479.0 188
35.4968 481.0 188
35.7935 483.0 188
36.1395 486.0 188
36.4801 489.0 188
36.8427 491.0 188
37.1228 493.0 188
37.4634 496.0 188
37.8259 499.0 188
38.1061 502.0 188
38.4686 504.0 188
38.8092 507.0 188
39.1553 510.0 188
39.4958 512.0 188
39.7925 516.0 188
40.1385 518.0 188
40.4791 520.0 188
40.8252 522.0 188
41.1218 526.0 188
41.4679 530.0 188
41.8250 534.0 188
42.1051 536.0 188
42.4512 540.0 188
42.8082 542.0 188
43.1543 546.0 188
43.4344 550.0 188
43.7915 552.0 188
44.1376 556.0 188
44.4342 560.0 188
44.7803 564.0 188
45.1208 568.0 188
45.4669 570.0 188
45.7635 574.0 188
46.1041 580.0 188
46.4502 584.0 188
46.7468 588.0 188
47.0929 592.0 188
47.4335 596.0 188
47.7301 600.0 188
48.0762 604.0 188
48.4167 608.0 188
48.7793 612.0 188
49.0594 618.0 188
49.4055 622.0 188
49.7626 626.0 188
50.1086 630.0 188
50.4053 636.0 188
50.7458 642.0 188
51.0260 648.0 188
51.3885 652.0 188
51.7291 658.0 188
52.0752 664.0 188
52.3718 670.0 188
52.7179 676.0 188
53.0585 680.0 188
53.3551 686.0 188
53.7012 694.0 188
54.0417 700.0 188
54.3384 706.0 188
54.6844 712.0 188
55.0305 718.0 188
55.3271 726.0 188
55.6677 732.0 188
56.0138 740.0 188
56.3104 748.0 188
56.6510 756.0 188
56.9971 764.0 188
57.2937 774.0 188
57.6398 782.0 188
57.9803 790.0 188
58.2770 800.0 188
58.9636 810.0 188
60.7489 3976.0 188
61.0895 3672.0 188
61.7157 4208.0 188
62.0728 4200.0 188
62.4188 4184.0 188
62.7649 4184.0 188
63.1055 4168.0 188
63.4515 4160.0 188
63.7921 4152.0 188
64.1547 4136.0 188
64.8413 4128.0 188
65.2917 3376.0 188
65.9949 3400.0 188
66.2805 4064.0 188
66.9672 3740.0 188
67.6703 4020.0 188
68.0109 4020.0 188
68.3569 4008.0 188
68.7030 4008.0 188
69.0436 4004.0 188
69.4061 3988.0 188
69.7467 3976.0 188
70.0928 3968.0 188
70.4333 3968.0 188
70.7794 3972.0 188
71.1200 3972.0 188
71.4825 3948.0 188
71.8231 3944.0 188
72.1692 3940.0 188
72.5153 3940.0 188
72.8558 3936.0 188
73.2019 3924.0 188
73.5590 3920.0 188
73.9050 3924.0 188
74.2456 3916.0 188
74.5917 3908.0 188
74.9323 3904.0 188
75.2783 3892.0 188
75.6354 3884.0 188
75.9814 3884.0 188
76.3275 3876.0 188
76.6681 3868.0 188
77.0142 3868.0 188
77.3547 3868.0 188
77.7173 3860.0 188
78.0579 3848.0 188
78.4039 3848.0 188
79.4971 3476.0 188
79.8431 3456.0 188
80.1837 3452.0 188
80.5463 3452.0 188
80.8868 3448.0 188
81.2329 3444.0 188
81.5735 3448.0 188
81.9196 3456.0 188
82.2656 3460.0 188
82.6227 3456.0 188
82.9688 3448.0 188
83.3093 3440.0 188
83.6554 3440.0 188
83.9960 3440.0 188
84.3420 3436.0 188
84.6991 3436.0 188
85.0452 3436.0 188
85.3857 3440.0 188
85.7318 3440.0 188
86.0779 3440.0 188
86.4185 3440.0 188
86.7810 3436.0 188
87.1216 3432.0 188
87.4677 3436.0 188
87.8082 3436.0 188
88.1543 3432.0 188
88.4949 3436.0 188
88.8409 3440.0 188
89.1980 3440.0 188
89.5441 3444.0 188
89.8901 3440.0 188
90.2307 3436.0 188
90.5768 3440.0 188
90.9174 3448.0 188
91.2634 3456.0 188
91.6040 3452.0 188
91.9666 3444.0 188
92.3071 3448.0 188
92.6532 3456.0 188
92.9993 3460.0 188
93.3398 3456.0 188
93.6859 3460.0 188
94.0265 3460.0 188
94.3890 3460.0 188
94.7296 3464.0 188
95.0757 3472.0 188
95.4218 3476.0 188
95.7623 3484.0 188
96.1084 3492.0 188
96.4490 3492.0 188
96.8115 3492.0 188
97.1521 3500.0 188
97.4982 3508.0 188
98.1244 3520.0 188
98.4814 3856.0 188
98.8275 3864.0 188
99.1681 3868.0 188
99.5142 3884.0 188
100.2008 3876.0 188
101.5137 1402.0 188
101.8542 1394.0 188
102.2003 1386.0 188
102.5464 1380.0 188
102.8870 1372.0 188
103.9362 1368.0 188
104.4525 1188.0 188
104.8425 1166.0 188
105.1996 1142.0 188
105.5457 1120.0 188
105.9357 1098.0 188
106.2927 1078.0 188
106.6827 1058.0 188
107.0288 1038.0 188
107.4353 1022.0 188
107.7759 1002.0 188
108.1219 986.0 188
108.5284 970.0 188
108.8745 954.0 188
109.2810 938.0 188
109.6216 924.0 188
110.0281 908.0 188
110.3741 894.0 188
110.7147 882.0 188
111.1212 868.0 188
111.4673 856.0 188
111.8738 844.0 188
112.2144 832.0 188
112.5604 822.0 188
112.9669 810.0 188
113.3075 798.0 188
113.7140 788.0 188
114.0601 778.0 188
114.4501 768.0 188
114.8071 758.0 188
115.1532 748.0 188
115.5432 742.0 188
115.8893 734.0 188
116.2958 722.0 188
116.6364 714.0 188
116.9824 706.0 188
117.3889 698.0 188
117.7295 690.0 188
118.1360 682.0 188
118.4821 674.0 188
118.8281 668.0 188
119.2291 660.0 188
119.5752 652.0 188
119.9817 646.0 188
120.3278 640.0 188
120.6683 634.0 188
121.0748 626.0 188
121.4209 620.0 188
121.7615 616.0 188
122.1680 610.0 188
122.5140 604.0 188
122.9205 598.0 188
123.2611 592.0 188
123.6072 586.0 188
124.0137 582.0 188
124.3542 576.0 188
124.7607 570.0 188
125.1068 566.0 188
125.4529 560.0 188
125.8594 556.0 188
126.2000 552.0 188
126.5460 548.0 188
126.9525 544.0 188
127.2931 540.0 188
127.6831 534.0 188
128.0457 530.0 188
128.3862 526.0 188
128.7762 522.0 188
129.1388 518.0 188
129.4794 514.0 188
129.8749 510.0 188
130.2319 507.0 188
130.5780 504.0 188
130.9680 501.0 188
131.3251 498.0 188
131.6711 494.0 188
132.0612 491.0 188
132.4182 487.0 188
132.7643 484.0 188
133.1543 480.0 188
133.5114 477.0 188
133.8574 474.0 188
134.2474 471.0 188
134.6045 468.0 188
134.9506 465.0 188
135.3406 462.0 188
135.7031 459.0 188
136.0437 457.0 188
136.4337 455.0 188
136.7798 452.0 188
137.1368 450.0 188
137.5269 447.0 188
137.8729 445.0 188
138.2300 442.0 188
138.5760 440.0 188
138.9661 437.0 188
139.3231 435.0 188
139.6692 432.0 188
140.0592 431.0 188
140.4218 429.0 188
140.7623 427.0 188
141.1084 425.0 188
141.5149 422.0 188
141.8555 420.0 188
142.2015 418.0 188
142.6080 416.0 188
142.9486 414.0 188
143.2947 413.0 188
143.6353 411.0 188
144.0417 408.0 188
144.3878 407.0 188
144.7339 405.0 188
145.0745 404.0 188
145.4810 402.0 188
145.8270 401.0 188
146.1676 399.0 188
146.5137 397.0 188
146.9202 396.0 188
147.2607 394.0 188
147.6068 393.0 188
147.9529 391.0 188
148.3594 389.0 188
148.7000 388.0 188
149.0460 387.0 188
149.3866 386.0 188
149.7491 385.0 188
150.1392 383.0 188
150.4797 382.0 188
150.8423 381.0 188
151.1829 379.0 188
151.5729 378.0 188
151.9354 377.0 188
152.2760 376.0 188
152.6221 375.0 188
153.3087 374.0 188
154.2920 379.0 188
154.7479 370.0 188
155.0885 368.0 188
155.4950 367.0 188
155.8411 366.0 188
156.1871 365.0 188
156.5442 364.0 188
156.8903 363.0 188
157.2308 362.0 188
157.6373 361.0 188
157.9834 360.0 188
158.3240 359.0 188
158.6700 359.0 188
159.0106 358.0 188
159.3567 358.0 188
159.7028 357.0 188
160.1093 356.0 188
160.4498 355.0 188
160.7959 355.0 188
161.1530 354.0 188
161.4990 353.0 188
161.8396 352.0 188
162.1857 352.0 188
162.5922 351.0 188
162.9327 351.0 188
163.2788 350.0 188
163.6249 350.0 188
163.9655 349.0 188
164.3115 349.0 188
164.6521 348.0 188
165.0146 348.0 188
165.3552 347.0 188
165.7452 346.0 188
166.1078 346.0 188
166.4484 346.0 188
166.7944 345.0 188
167.1405 345.0 188
167.4811 344.0 188
167.8271 344.0 188
168.1677 344.0 188
168.5303 343.0 188
168.8708 343.0 188
169.2169 343.0 188
169.5575 342.0 188
169.9036 342.0 188
170.2496 342.0 188
170.6561 341.0 188
170.9967 341.0 188
171.3428 341.0 188
171.6833 341.0 188
172.0294 340.0 188
172.3865 340.0 188
172.7325 340.0 188
173.0731 340.0 188
173.4192 340.0 188
173.7653 339.0 188
174.1058 339.0 188
174.4519 339.0 188
174.8090 339.0 188
175.1550 339.0 188
175.4956 339.0 188
175.8417 339.0 188
176.1823 339.0 188
176.5283 339.0 188
176.8744 339.0 188
177.2150 339.0 188
177.5775 339.0 188
177.9181 339.0 188
178.2642 339.0 188
178.6047 339.0 188
178.9508 339.0 188
179.2969 339.0 188
179.6375 339.0 188
180.0000 339.0 188
180.3406 339.0 188
180.6866 339.0 188
181.0272 339.0 188
181.3733 339.0 188
181.7139 339.0 188
182.0599 340.0 188
182.4170 340.0 188
182.7631 340.0 188
183.1091 340.0 188
183.4497 340.0 188
183.7958 341.0 188
184.1364 341.0 188
184.4824 341.0 188
184.8230 341.0 188
185.1855 341.0 188
185.4657 342.0 188
185.8118 342.0 188
186.1523 342.0 188
186.5149 343.0 188
186.8555 343.0 188
187.2015 343.0 188
187.5421 344.0 188
187.8882 344.0 188
188.2343 344.0 188
188.5748 344.0 188
188.9209 345.0 188
189.2780 346.0 188
189.6240 346.0 188
189.9646 346.0 188
190.2612 347.0 188
190.6073 347.0 188
190.9479 348.0 188
191.2939 348.0 188
191.6400 349.0 188
191.9806 349.0 188
192.3267 350.0 188
192.6837 350.0 188
193.0298 351.0 188
193.3704 351.0 188
193.6560 352.0 188
194.0131 352.0 188
194.3591 353.0 188
194.6997 354.0 188
195.0458 355.0 188
195.3864 355.0 188
195.7324 356.0 188
196.0730 356.0 188
196.3696 357.0 188
196.7157 358.0 188
197.0618 359.0 188
197.4023 360.0 188
197.7649 360.0 188
198.1055 361.0 188
198.3856 362.0 188
198.7317 362.0 188
199.0887 364.0 188
199.4348 365.0 188
199.7809 365.0 188
200.1215 366.0 188
200.4675 367.0 188
200.7642 368.0 188
201.1047 369.0 188
201.4508 370.0 188
201.7969 371.0 188
202.1375 372.0 188
202.4341 373.0 188
202.7802 374.0 188
203.1207 375.0 188
203.4668 376.0 188
203.8074 377.0 188
204.1699 378.0 188
204.4501 379.0 188
204.7961 381.0 188
205.1367 382.0 188
205.4993 383.0 188
205.8398 384.0 188
206.1200 386.0 188
206.4661 387.0 188
206.8231 388.0 188
207.1692 389.0 188
207.4493 391.0 188
207.7954 392.0 188
208.1525 393.0 188
208.4985 395.0 188
208.8391 396.0 188
209.1248 398.0 188
209.4818 399.0 188
209.8279 401.0 188
210.1685 402.0 188
210.4486 404.0 188
210.8112 405.0 188
211.1517 407.0 188
211.4978 408.0 188
211.7780 410.0 188
212.1405 412.0 188
212.4811 413.0 188
212.8271 415.0 188
213.1073 417.0 188
213.4479 419.0 188
213.8104 421.0 188
214.1510 423.0 188
214.4366 425.0 188
214.7772 426.0 188
215.1398 429.0 188
215.4803 430.0 188
215.7605 432.0 188
216.1066 434.0 188
216.4636 436.0 188
216.8097 438.0 188
217.0898 440.0 188
217.4359 443.0 188
217.7930 445.0 188
218.1390 447.0 188
218.4192 450.0 188
218.7653 452.0 188
219.1223 455.0 188
219.4025 457.0 188
219.7485 459.0 188
220.0891 461.0 188
220.4517 463.0 188
220.7318 466.0 188
221.0779 469.0 188
221.4185 472.0 188
221.7151 474.0 188
222.0612 477.0 188
222.4017 480.0 188
222.6984 484.0 188
223.0444 487.0 188
223.3905 489.0 188
223.6871 492.0 188
224.0277 494.0 188
224.3738 498.0 188
224.7144 501.0 188
225.0110 504.0 188
225.3571 507.0 188
225.7031 510.0 188
225.9998 514.0 188
226.3403 518.0 188
226.6864 520.0 188
226.9666 524.0 188
227.3236 528.0 188
227.6697 532.0 188
228.0103 534.0 188
228.2959 538.0 188
228.6530 542.0 188
228.9990 546.0 188
229.2792 550.0 188
229.6198 554.0 188
229.9823 558.0 188
230.2625 564.0 188
230.6085 568.0 188
230.9052 572.0 188
231.2457 576.0 188
231.5918 580.0 188
231.9324 584.0 188
232.2290 590.0 188
232.5751 594.0 188
232.9211 598.0 188
233.2178 604.0 188
233.5583 610.0 188
233.9044 614.0 188
234.2010 620.0 188
234.5416 626.0 188
234.8273 632.0 188
235.1678 638.0 188
235.5304 644.0 188
235.8105 650.0 188
236.1511 656.0 188
236.4972 662.0 188
236.7938 668.0 188
237.1399 674.0 188
237.4805 680.0 188
237.7771 686.0 188
238.1232 694.0 188
238.4637 700.0 188
238.7604 708.0 188
239.1064 716.0 188
239.4525 722.0 188
239.7491 732.0 188
240.0897 740.0 188
240.3699 748.0 188
240.7159 758.0 188
241.0730 766.0 188
241.3586 772.0 188
241.6992 782.0 188
242.0453 792.0 188
242.3419 800.0 188
242.6825 810.0 188
242.9791 822.0 188
243.3252 832.0 188
243.6713 844.0 188
243.9679 854.0 188
244.3085 864.0 188
244.6545 876.0 188
244.9347 888.0 188
245.2917 900.0 188
245.5774 912.0 188
245.9180 926.0 188
246.2640 938.0 188
246.5607 952.0 188
246.9012 966.0 188
247.2473 982.0 188
247.5439 1000.0 188
247.8900 1016.0 188
248.1866 1030.0 188
248.5272 1044.0 188
248.8733 1060.0 188
249.1534 1078.0 188
249.5105 1096.0 188
249.8566 1114.0 188
250.1367 1134.0 188
250.4828 1154.0 188
250.7794 1176.0 188
251.1200 1198.0 188
251.4661 1220.0 188
251.7627 1242.0 188
252.1088 1268.0 188
252.4493 1292.0 188
252.7460 1320.0 188
253.0920 1352.0 188
253.3722 1378.0 188
253.7292 1406.0 188
254.0753 1440.0 188
254.3555 1472.0 188
255.6848 1570.0 188
256.3715 1576.0 188
257.8271 2392.0 188
258.1677 2416.0 188
258.5138 2416.0 188
258.8544 2416.0 188
259.2004 2416.0 188
259.5465 2412.0 188
260.2332 2412.0 188
260.8099 1744.0 188
261.1560 1746.0 188
261.4966 1750.0 188
261.8427 1754.0 188
262.1832 1752.0 188
262.5293 1744.0 188
262.8699 1740.0 188
263.2159 1742.0 188
263.5620 1742.0 188
263.9191 1742.0 188
264.2651 1738.0 188
264.6057 1738.0 188
264.9518 1742.0 188
265.2924 1744.0 188
265.6384 1748.0 188
265.9790 1748.0 188
266.3251 1744.0 188
266.6711 1742.0 188
267.0117 1736.0 188
267.3743 1732.0 188
267.7148 1730.0 188
268.0609 1732.0 188
268.4015 1736.0 188
268.7476 1744.0 188
269.0936 1750.0 188
269.3738 1764.0 188
269.7308 1776.0 188
270.0769 1784.0 188
270.4175 1802.0 188
270.7635 1814.0 188
271.1041 1812.0 188
271.4502 1808.0 188
271.7963 1812.0 188
273.0597 2056.0 188
273.4058 2056.0 188
273.7628 2052.0 188
274.1089 2056.0 188
274.4495 2052.0 188
274.7955 2056.0 188
275.1361 2056.0 188
275.4822 2056.0 188
275.8228 2056.0 188
276.1688 2056.0 188
276.5149 2056.0 188
276.8555 2056.0 188
277.2015 2060.0 188
277.9047 2064.0 188
278.3551 1796.0 188
279.1077 1746.0 188
279.4482 1644.0 188
279.8438 1600.0 188
280.2008 1556.0 188
280.5908 1512.0 188
280.9369 1476.0 188
281.3434 1440.0 188
281.6840 1406.0 188
282.0300 1376.0 188
282.4365 1346.0 188
282.7771 1314.0 188
283.1836 1284.0 188
283.5297 1258.0 188
283.8702 1236.0 188
284.2603 1212.0 188
284.6228 1186.0 188
285.0128 1164.0 188
285.3589 1142.0 188
285.6995 1122.0 188
286.1060 1102.0 188
286.4520 1080.0 188
286.8585 1062.0 188
287.1991 1046.0 188
287.5452 1028.0 188
287.9517 1012.0 188
288.2922 996.0 188
288.6987 980.0 188
289.0448 964.0 188
289.3854 950.0 188
289.7919 936.0 188
290.1379 922.0 188
290.5444 910.0 188
290.8905 898.0 188
291.2311 884.0 188
291.6376 872.0 188
291.9836 862.0 188
292.3242 852.0 188
292.7307 844.0 188
293.0768 832.0 188
293.4338 822.0 188
293.8239 810.0 188
294.1699 800.0 188
294.5764 790.0 188
294.9170 780.0 188
295.2795 772.0 188
295.6696 762.0 188
296.0266 754.0 188
296.3727 748.0 188
296.7627 740.0 188
297.1198 730.0 188
297.5153 722.0 188
297.8723 714.0 188
298.2184 706.0 188
298.6249 700.0 188
298.9655 692.0 188
299.3115 686.0 188
299.7180 678.0 188
300.0586 674.0 188
300.4651 664.0 188
300.8112 658.0 188
301.1517 654.0 188
301.4978 648.0 188
301.9043 642.0 188
302.2449 636.0 188
302.5909 632.0 188
302.9974 628.0 188
303.3435 622.0 188
303.6841 616.0 188
304.0906 612.0 188
304.4366 606.0 188
304.7772 602.0 188
305.1837 598.0 188
305.5298 592.0 188
305.8868 588.0 188
306.2769 584.0 188
306.6229 578.0 188
306.9800 574.0 188
307.3700 570.0 188
307.7325 568.0 188
308.0731 564.0 188
308.4192 560.0 188
308.8257 556.0 188
309.1718 552.0 188
309.5123 548.0 188
309.9188 546.0 188
310.2649 542.0 188
310.6055 538.0 188
311.0120 534.0 188
311.3580 528.0 188
311.6986 526.0 188
312.0447 524.0 188
312.4512 522.0 188
312.7917 518.0 188
313.1543 514.0 188
313.5443 512.0 188
313.9014 509.0 188
314.2474 505.0 188
314.5935 502.0 188
315.0000 501.0 188
315.3406 498.0 188
315.6866 494.0 188
316.0272 492.0 188
316.4337 490.0 188
316.7798 487.0 188
317.1204 485.0 188
317.5269 482.0 188
317.8729 479.0 188
318.2135 476.0 188
318.5760 474.0 188
318.9661 471.0 188
319.3231 469.0 188
319.6692 467.0 188
320.0153 464.0 188
320.4218 461.0 188
320.7623 460.0 188
321.1084 459.0 188
321.4490 456.0 188
321.8555 454.0 188
322.2015 452.0 188
322.5421 450.0 188
322.8882 449.0 188
323.2947 447.0 188
323.6353 445.0 188
323.9813 443.0 188
324.3274 440.0 188
324.7339 438.0 188
325.0745 437.0 188
325.4205 435.0 188
325.7611 435.0 188
326.1072 433.0 188
326.5137 431.0 188
326.8542 429.0 188
327.2003 428.0 188
327.5574 426.0 188
327.9034 425.0 188
328.2495 424.0 188
328.6395 422.0 188
328.9966 421.0 188
329.3427 419.0 188
329.6832 418.0 188
330.0293 417.0 188
330.4358 416.0 188
330.7764 414.0 188
331.1224 413.0 188
331.4685 412.0 188
331.8091 411.0 188
332.2156 409.0 188
332.5616 408.0 188
332.9022 407.0 188
333.2483 405.0 188
333.5889 404.0 188
333.9954 403.0 188
334.3414 402.0 188
334.6875 401.0 188
335.0281 400.0 188
335.3741 399.0 188
335.7312 398.0 188
336.0773 397.0 188
336.4673 396.0 188
336.8079 395.0 188
337.1704 394.0 188
337.5110 394.0 188
337.8571 392.0 188
338.2031 391.0 188
338.5437 391.0 188
338.9502 390.0 188
339.2963 389.0 188
339.6368 388.0 188
339.9829 388.0 188
340.3235 387.0 188
340.6696 386.0 188
341.0156 386.0 188
341.3727 385.0 188
341.7627 384.0 188
342.1088 384.0 188
342.4493 383.0 188
342.8119 383.0 188
343.1525 382.0 188
343.4985 382.0 188
343.8391 381.0 188
344.1852 380.0 188
344.5313 380.0 188
344.8718 379.0 188
345.2783 378.0 188
345.5585 379.0 188
345.9650 378.0 188
346.3110 378.0 188
346.6516 377.0 188
347.0142 376.0 188
347.3547 376.0 188
347.7008 376.0 188
348.0469 376.0 188
348.3875 376.0 188
348.7335 375.0 188
349.0741 374.0 188
349.4202 374.0 188
349.7607 374.0 188
350.1233 373.0 188
350.4639 373.0 188
350.8099 373.0 188
351.2000 372.0 188
351.5625 372.0 188
351.9031 372.0 188
352.2491 372.0 188
352.5897 372.0 188
352.9358 372.0 188
353.2764 372.0 188
353.6224 372.0 188
353.9685 372.0 188
354.3256 372.0 188
354.6716 371.0 188
355.0122 371.0 188
