#RPLIDAR SCAN DATA
#COUNT=732
#Angule	Distance	Quality
356.4844 8360.0 188
8.3551 4952.0 188
9.1077 4904.0 188
9.8547 3840.0 188
10.2008 3824.0 188
10.5469 3812.0 188
10.8875 3796.0 188
11.2335 3780.0 188
11.5906 3768.0 188
11.9366 3752.0 188
12.2772 3740.0 188
12.6233 3724.0 188
12.9639 3712.0 188
13.3099 3696.0 188
13.6560 3684.0 188
14.0131 3672.0 188
14.3591 3660.0 188
14.6997 3648.0 188
15.0458 3636.0 188
15.3864 3620.0 188
15.7324 3604.0 188
16.0730 3584.0 188
16.4355 3580.0 188
16.7761 3580.0 188
17.1222 3564.0 188
17.4683 3552.0 188
17.8088 3540.0 188
18.1549 3528.0 188
18.4955 3520.0 188
18.9020 3512.0 188
19.2480 3508.0 188
19.5886 3496.0 188
19.9512 3488.0 188
20.2917 3484.0 188
20.6378 3476.0 188
20.9839 3468.0 188
21.3245 3460.0 188
21.6705 3448.0 188
22.0111 3436.0 188
22.3737 3424.0 188
22.7142 3412.0 188
23.0603 3400.0 188
23.4009 3392.0 188
23.7469 3384.0 188
24.0930 3376.0 188
24.4336 3368.0 188
24.7961 3360.0 188
25.1367 3352.0 188
25.4828 3344.0 188
25.8234 3340.0 188
26.1694 3336.0 188
26.5155 3336.0 188
26.8726 3328.0 188
27.2186 3324.0 188
27.5592 3320.0 188
27.9053 3316.0 188
28.2458 3312.0 188
28.5919 3304.0 188
28.9325 3304.0 188
29.2950 3296.0 188
29.6356 3288.0 188
29.9817 3284.0 188
30.3278 3280.0 188
30.6683 3272.0 188
31.0144 3264.0 188
31.3550 3260.0 188
31.7175 3252.0 188
32.0581 3248.0 188
32.4042 3248.0 188
32.7448 3240.0 188
33.0908 3232.0 188
33.4369 3232.0 188
33.7775 3228.0 188
34.1400 3220.0 188
34.4806 3216.0 188
34.8267 3216.0 188
35.1672 3212.0 188
35.5298 3212.0 188
35.8704 3208.0 188
36.2164 3204.0 188
36.5625 3204.0 188
36.9196 3204.0 188
37.2656 3200.0 188
37.6062 3200.0 188
37.9523 3196.0 188
38.2928 3192.0 188
38.6554 3192.0 188
38.9960 3192.0 188
39.3420 3232.0 188
40.3253 3724.0 188
40.6824 3700.0 188
41.0284 3700.0 188
41.3745 3696.0 188
41.7151 3696.0 188
42.0776 3696.0 188
42.4182 3692.0 188
42.7643 3692.0 188
43.1049 3696.0 188
43.4509 3688.0 188
43.8080 3692.0 188
44.1541 3696.0 188
44.4946 3696.0 188
44.8407 3692.0 188
45.1978 3696.0 188
45.5438 3696.0 188
45.8899 3700.0 188
46.2305 3696.0 188
46.5930 3700.0 188
46.9336 3696.0 188
47.6202 3700.0 188
48.4991 6528.0 188
48.8562 6528.0 188
49.2023 6528.0 188
49.5428 6528.0 188
49.8889 6528.0 188
50.6360 5784.0 188
51.9818 6552.0 188
52.7783 4400.0 188
53.1354 4408.0 188
53.7177 6568.0 188
54.0582 6584.0 188
54.4043 6584.0 188
54.7614 6584.0 188
55.1074 6592.0 188
55.7941 6608.0 188
57.1838 2636.0 188
57.5299 2604.0 188
57.8705 2584.0 188
58.2166 2564.0 188
58.5736 2552.0 188
58.9197 2544.0 188
59.2603 2536.0 188
59.6063 2528.0 188
59.9524 2524.0 188
60.3094 2520.0 188
60.6555 2520.0 188
60.9961 2524.0 188
61.3422 2524.0 188
61.6992 2528.0 188
62.0453 2532.0 188
62.3859 2536.0 188
62.7319 2544.0 188
63.0890 2560.0 188
63.4351 2576.0 188
63.7811 2588.0 188
64.1217 2608.0 188
64.4843 2644.0 188
65.8246 11440.0 188
66.1707 11336.0 188
66.5112 11296.0 188
66.8573 11240.0 188
67.2144 11208.0 188
67.5604 11264.0 188
67.9010 11456.0 188
68.2471 11640.0 188
68.5931 11704.0 188
68.9502 11824.0 188
69.2963 11960.0 188
69.6368 11936.0 188
70.3235 11928.0 188
71.0266 11424.0 188
71.3727 11392.0 188
71.7188 11440.0 188
72.4054 10808.0 188
72.7460 10800.0 188
73.1085 10792.0 188
73.4491 10776.0 188
73.7952 10744.0 188
74.1357 10744.0 188
74.4818 10720.0 188
74.8279 10696.0 188
75.1849 10680.0 188
75.5310 10656.0 188
76.3275 5624.0 188
76.6681 5560.0 188
77.0306 5544.0 188
77.3712 5520.0 188
77.7173 5520.0 188
78.0579 5528.0 188
78.4039 5520.0 188
78.7500 5528.0 188
79.1071 5544.0 188
79.7937 5568.0 188
80.3705 12192.0 188
80.7166 12152.0 188
81.4197 11840.0 188
81.7603 11904.0 188
82.4524 8672.0 188
82.7930 8640.0 188
83.1390 8624.0 188
83.4796 8624.0 188
83.8422 8664.0 188
84.8749 8744.0 188
85.5615 10952.0 188
85.9186 10944.0 188
86.2646 10952.0 188
86.6052 10960.0 188
86.9513 10928.0 188
87.2919 11000.0 188
87.6379 11152.0 188
87.9950 11096.0 188
88.6871 11904.0 188
89.0277 11944.0 188
89.3738 11968.0 188
90.0769 11960.0 188
90.7635 11888.0 188
91.1041 11912.0 188
91.4502 11936.0 188
92.1533 11920.0 188
92.8400 11904.0 188
93.1860 11928.0 188
93.5266 11928.0 188
93.8727 11936.0 188
94.2297 11936.0 188
94.5758 11864.0 188
94.9219 11848.0 188
95.2625 11912.0 188
96.3116 11896.0 188
97.4048 6768.0 188
98.3881 11928.0 188
99.4208 11792.0 188
100.5139 7008.0 188
101.2170 6312.0 188
101.5576 6408.0 188
102.2937 5616.0 188
102.6563 5608.0 188
103.9801 8080.0 188
104.3262 7856.0 188
104.6667 7664.0 188
105.6995 7232.0 188
106.0455 6824.0 188
106.3861 6664.0 188
106.7487 6496.0 188
107.0892 6384.0 188
107.4353 6288.0 188
107.7759 6168.0 188
108.1824 6032.0 188
108.5284 5904.0 188
108.8745 5816.0 188
109.2151 5760.0 188
109.5612 5736.0 188
109.9017 5752.0 188
110.2478 5760.0 188
110.5884 5768.0 188
110.9509 5792.0 188
111.2915 5808.0 188
111.9836 5824.0 188
117.8558 5912.0 188
118.2019 5960.0 188
118.5425 5872.0 188
118.8885 5784.0 188
119.2456 5728.0 188
119.5917 5672.0 188
119.9323 5608.0 188
120.2783 5528.0 188
120.6244 5472.0 188
120.9650 5400.0 188
121.3110 5336.0 188
121.6516 5336.0 188
122.0142 5344.0 188
122.3547 5352.0 188
122.7008 5376.0 188
123.0469 5408.0 188
123.3875 5416.0 188
123.7335 5432.0 188
124.0741 5448.0 188
124.4202 5472.0 188
124.7772 5504.0 188
125.1233 5552.0 188
125.4639 5592.0 188
125.8099 5616.0 188
126.1560 5648.0 188
126.4966 5680.0 188
126.8427 5704.0 188
127.1832 5736.0 188
127.5458 5760.0 188
127.8864 5792.0 188
128.2324 5816.0 188
128.5730 5840.0 188
128.9191 5872.0 188
129.2651 5904.0 188
129.6057 5928.0 188
129.9518 5960.0 188
130.3088 5984.0 188
130.6549 6000.0 188
130.9955 5992.0 188
131.3416 6016.0 188
131.6821 6040.0 188
132.0282 6056.0 188
132.3743 6064.0 188
132.7148 6064.0 188
133.0774 6096.0 188
133.4180 6128.0 188
133.6981 6160.0 188
134.0442 6192.0 188
134.4012 6232.0 188
134.7473 6272.0 188
135.0934 6304.0 188
135.4340 6336.0 188
135.7800 6376.0 188
136.1206 6400.0 188
136.4667 6448.0 188
136.8073 6496.0 188
137.1698 6528.0 188
137.5104 6560.0 188
137.8564 6608.0 188
138.2025 6656.0 188
138.5431 6696.0 188
138.8892 6744.0 188
139.2297 6792.0 188
139.5758 6840.0 188
139.9329 6888.0 188
140.2789 6912.0 188
140.6250 6944.0 188
140.9656 6976.0 188
141.3116 7016.0 188
141.6522 7064.0 188
141.9983 7096.0 188
142.3389 7144.0 188
142.7014 7184.0 188
143.0420 7256.0 188
143.3881 7328.0 188
143.7341 7376.0 188
144.0747 7464.0 188
144.4208 7528.0 188
144.7614 7576.0 188
145.1074 7664.0 188
145.7446 9768.0 188
146.0907 9816.0 188
146.4368 9848.0 188
146.7773 9856.0 188
147.1399 9808.0 188
147.4805 9736.0 188
147.8265 9664.0 188
148.1671 9616.0 188
148.5132 9576.0 188
148.8593 9560.0 188
149.1998 9488.0 188
149.5459 9424.0 188
149.9030 9416.0 188
150.2490 9368.0 188
150.5896 9328.0 188
150.9357 9296.0 188
151.2762 9216.0 188
151.6223 9168.0 188
152.3090 9184.0 188
153.4680 5272.0 188
154.5612 4752.0 188
154.9017 4120.0 188
155.2478 4108.0 188
155.6543 4092.0 188
155.9949 4076.0 188
156.3409 4068.0 188
156.6870 4052.0 188
157.0276 4032.0 188
157.3901 4024.0 188
157.7307 4016.0 188
158.0768 4004.0 188
158.4174 3988.0 188
158.7634 3980.0 188
159.1040 3976.0 188
159.4501 3964.0 188
159.7961 3956.0 188
160.1532 3952.0 188
160.4993 3944.0 188
160.8398 3940.0 188
161.1859 3932.0 188
161.5265 3920.0 188
161.8726 3912.0 188
162.2186 3900.0 188
162.5592 3904.0 188
162.9218 3904.0 188
163.2623 3884.0 188
163.6084 3872.0 188
163.9490 3868.0 188
164.2950 3856.0 188
164.6356 3844.0 188
164.9817 3836.0 188
165.3278 3832.0 188
165.6848 3824.0 188
166.0309 3816.0 188
166.3715 3804.0 188
166.7175 3796.0 188
167.0581 3792.0 188
167.4042 3788.0 188
167.7448 3776.0 188
168.1073 3768.0 188
168.4479 3764.0 188
168.7939 3760.0 188
169.1400 3756.0 188
169.4806 3748.0 188
169.8267 3740.0 188
170.1837 3736.0 188
170.5298 3736.0 188
170.8704 3736.0 188
171.2164 3728.0 188
171.5625 3724.0 188
171.9031 3720.0 188
172.2656 3716.0 188
172.6062 3708.0 188
172.9523 3708.0 188
173.2928 3708.0 188
173.6389 3704.0 188
173.9960 3696.0 188
174.3420 3692.0 188
174.6826 3688.0 188
175.0287 3688.0 188
175.3748 3692.0 188
175.7153 3692.0 188
176.0779 3684.0 188
176.4185 3684.0 188
176.7645 3676.0 188
177.1051 3664.0 188
177.4512 3664.0 188
177.7917 3664.0 188
178.1543 3664.0 188
178.4949 3664.0 188
178.8409 3668.0 188
179.1870 3664.0 188
179.5276 3652.0 188
179.8901 3648.0 188
180.2307 3652.0 188
180.5768 3660.0 188
180.9174 3664.0 188
181.2634 3660.0 188
181.6040 3664.0 188
181.9666 3664.0 188
182.3071 3664.0 188
182.6532 3664.0 188
182.9993 3668.0 188
183.3398 3664.0 188
183.7024 3660.0 188
184.0430 3660.0 188
184.3890 3664.0 188
184.7296 3664.0 188
185.0757 3660.0 188
185.4218 3660.0 188
185.7788 3664.0 188
186.1249 3672.0 188
186.4655 3676.0 188
186.8115 3672.0 188
187.1521 3672.0 188
187.4982 3680.0 188
187.8552 3692.0 188
188.2013 3692.0 188
188.5419 3696.0 188
188.8879 3704.0 188
189.2340 3704.0 188
189.5911 3700.0 188
189.9371 3704.0 188
194.0295 4400.0 188
194.3701 4400.0 188
195.0732 4416.0 188
198.1824 4440.0 188
204.3567 5120.0 188
204.7137 5184.0 188
205.0598 5176.0 188
205.4059 5168.0 188
205.7465 5176.0 188
206.0925 5168.0 188
206.4331 5152.0 188
206.7792 5136.0 188
207.1362 5136.0 188
207.4823 5136.0 188
207.8229 5152.0 188
208.1689 5160.0 188
208.5150 5168.0 188
208.8556 5168.0 188
209.2017 5144.0 188
209.5422 5168.0 188
210.5914 5232.0 188
213.7006 5200.0 188
214.7498 5184.0 188
216.4636 5184.0 188
216.8097 5192.0 188
217.1558 5184.0 188
217.5128 5208.0 188
217.8589 5192.0 188
218.1995 5192.0 188
218.5455 5216.0 188
218.8861 5232.0 188
219.9353 5224.0 188
233.0750 5184.0 188
233.4210 5208.0 188
233.7616 5200.0 188
234.1077 5200.0 188
234.4482 5248.0 188
234.8108 5280.0 188
235.1514 5280.0 188
235.4974 5288.0 188
235.8435 5320.0 188
236.1841 5344.0 188
236.5302 5336.0 188
236.8872 5392.0 188
237.5739 5408.0 188
238.6066 5416.0 188
238.9636 5472.0 188
239.3097 5480.0 188
239.6558 5480.0 188
240.3424 5504.0 188
240.6830 5512.0 188
242.0728 5528.0 188
242.4188 5544.0 188
242.7649 5560.0 188
243.1219 5584.0 188
243.8086 5568.0 188
244.1547 5624.0 188
244.8413 5720.0 188
245.5444 5928.0 188
245.8905 5848.0 188
246.2311 5848.0 188
246.9177 5880.0 188
247.9669 5976.0 188
248.3075 5912.0 188
248.6536 5952.0 188
248.9996 5936.0 188
249.3402 5920.0 188
250.0433 5904.0 188
250.3894 5592.0 188
250.7300 5552.0 188
251.0760 5520.0 188
251.4166 5504.0 188
251.7792 5480.0 188
252.1198 5456.0 188
252.4658 5440.0 188
252.8119 5424.0 188
253.1525 5400.0 188
253.4985 5360.0 188
253.8556 5320.0 188
254.2017 5288.0 188
254.5422 5264.0 188
254.8883 5224.0 188
255.2344 5192.0 188
255.5750 5160.0 188
255.9375 5128.0 188
256.2781 5112.0 188
256.6241 5088.0 188
256.9647 5072.0 188
257.3108 5056.0 188
257.6514 5040.0 188
258.0139 5016.0 188
258.3545 5000.0 188
258.7006 4984.0 188
259.0466 4952.0 188
259.3872 4928.0 188
259.7333 4952.0 188
260.0903 4992.0 188
260.4364 5024.0 188
260.7770 5056.0 188
261.4636 5128.0 188
266.1987 9592.0 188
266.5613 9600.0 188
266.9019 9680.0 188
267.2479 9792.0 188
267.5885 9816.0 188
267.9346 9832.0 188
268.2806 9856.0 188
268.6212 9832.0 188
269.4836 4840.0 188
269.8407 4848.0 188
270.8734 4872.0 188
271.2140 4864.0 188
271.5601 4848.0 188
271.9061 4840.0 188
272.2467 4824.0 188
272.6093 4816.0 188
272.9498 4808.0 188
273.2959 4800.0 188
273.6365 4800.0 188
273.9825 4784.0 188
274.3231 4768.0 188
274.6692 4760.0 188
275.0153 4760.0 188
275.3723 4752.0 188
275.7184 4736.0 188
276.0590 4728.0 188
276.4050 4720.0 188
276.7456 4704.0 188
277.0917 4696.0 188
277.4323 4680.0 188
277.7783 4664.0 188
278.1354 4664.0 188
278.4814 4656.0 188
278.8275 4648.0 188
279.1681 4640.0 188
279.5142 4624.0 188
279.8547 4624.0 188
280.2008 4616.0 188
280.5469 4608.0 188
280.9039 4600.0 188
281.2500 4568.0 188
281.5906 4528.0 188
281.9366 4496.0 188
282.2772 4416.0 188
282.6233 4368.0 188
282.9639 4360.0 188
283.3099 4360.0 188
283.6670 4368.0 188
284.0131 4360.0 188
284.3591 4352.0 188
284.6997 4368.0 188
285.0458 4368.0 188
285.3864 4368.0 188
285.7324 4368.0 188
286.0730 4368.0 188
286.4355 4384.0 188
286.7761 4376.0 188
287.1222 4376.0 188
287.4683 4384.0 188
287.8088 4384.0 188
288.1549 4384.0 188
288.4955 4392.0 188
288.8416 4400.0 188
289.1986 4400.0 188
289.5447 4408.0 188
289.8853 4408.0 188
290.2313 4416.0 188
290.5774 4424.0 188
290.9180 4424.0 188
291.2640 4432.0 188
291.6046 4432.0 188
291.9672 4440.0 188
292.3077 4456.0 188
292.6538 4456.0 188
292.9999 4464.0 188
293.3405 4464.0 188
293.6865 4472.0 188
294.0271 4480.0 188
294.3732 4488.0 188
294.7302 4488.0 188
295.0763 4496.0 188
295.4169 4504.0 188
295.7629 4504.0 188
296.1090 4520.0 188
296.4496 4536.0 188
296.7957 4544.0 188
297.1362 4552.0 188
297.4988 4560.0 188
297.8394 4576.0 188
298.1854 4584.0 188
298.9325 3776.0 188
299.2786 3756.0 188
299.9652 3768.0 188
300.6079 4640.0 188
300.9485 4616.0 188
301.2946 4656.0 188
301.6406 4696.0 188
301.9812 4720.0 188
302.3438 4728.0 188
302.6843 4744.0 188
303.0304 4760.0 188
303.3710 4776.0 188
303.7170 4800.0 188
304.0741 4824.0 188
304.4202 4848.0 188
305.1672 3988.0 188
305.5133 4044.0 188
306.2000 3948.0 188
306.7767 4984.0 188
307.1393 5008.0 188
307.4799 5024.0 188
307.8259 5000.0 188
308.1665 4968.0 188
308.5126 5024.0 188
309.3256 3592.0 188
309.6716 3552.0 188
310.0122 3520.0 188
310.4187 3492.0 188
310.7648 3464.0 188
311.1053 3428.0 188
311.4514 3392.0 188
311.8085 3364.0 188
312.1545 3344.0 188
312.4951 3344.0 188
312.8412 3364.0 188
313.1873 3384.0 188
313.5278 3396.0 188
313.8904 3416.0 188
314.2310 3432.0 188
314.5770 3448.0 188
314.9176 3468.0 188
315.2637 3488.0 188
315.6207 3500.0 188
315.9668 3512.0 188
316.2469 3528.0 188
316.6040 3548.0 188
316.9501 3580.0 188
317.6367 3600.0 188
318.6200 4832.0 188
318.9166 5952.0 188
319.2627 6000.0 188
319.6088 6040.0 188
320.7623 3812.0 188
321.6248 6224.0 188
322.3718 5200.0 188
322.7344 5168.0 188
324.0308 1628.0 188
324.3713 1600.0 188
324.7339 1582.0 188
325.0745 1566.0 188
325.4205 1554.0 188
325.7611 1544.0 188
326.1676 1532.0 188
326.5137 1524.0 188
326.8542 1518.0 188
327.2003 1512.0 188
327.5574 1510.0 188
327.9034 1504.0 188
328.2495 1500.0 188
328.5901 1496.0 188
328.9362 1496.0 188
329.2767 1496.0 188
329.6393 1494.0 188
329.9799 1492.0 188
330.3259 1492.0 188
330.6665 1494.0 188
331.0126 1494.0 188
331.3696 1498.0 188
331.7157 1500.0 188
332.0618 1502.0 188
332.4023 1506.0 188
332.7484 1510.0 188
333.0890 1512.0 188
333.4515 1516.0 188
333.7921 1522.0 188
334.1382 1528.0 188
334.4843 1536.0 188
334.7809 1546.0 188
335.1215 1560.0 188
335.4675 1574.0 188
335.8081 1590.0 188
336.8573 1614.0 188
