#RPLIDAR SCAN DATA
#COUNT=872
#Angule	Distance	Quality
358.3246 3996.0 188
358.6707 3972.0 188
359.0112 3956.0 188
359.3573 3940.0 188
359.6979 3932.0 188
0.0439 3924.0 188
0.3900 3920.0 188
0.7306 3916.0 188
1.0931 3908.0 188
1.4337 3900.0 188
1.7798 3896.0 188
2.1204 3892.0 188
2.4664 3888.0 188
2.8125 3880.0 188
3.1531 3872.0 188
3.4991 3872.0 188
3.8397 3864.0 188
4.1858 3860.0 188
4.5264 3860.0 188
4.8889 3864.0 188
5.2295 3872.0 188
5.5756 3880.0 188
5.9216 3888.0 188
6.2622 3896.0 188
6.6083 3908.0 188
6.9489 3924.0 188
7.2949 3956.0 188
7.6520 3992.0 188
9.7339 3604.0 188
10.0745 3580.0 188
10.4205 3552.0 188
10.7611 3540.0 188
11.1072 3532.0 188
11.4478 3520.0 188
11.8542 3504.0 188
12.2003 3500.0 188
12.5464 3492.0 188
12.9034 3492.0 188
13.2495 3492.0 188
13.5901 3492.0 188
13.9362 3500.0 188
14.2767 3508.0 188
14.5734 3516.0 188
14.9194 3524.0 188
15.2655 3536.0 188
15.6061 3548.0 188
15.9686 3560.0 188
16.3092 3592.0 188
16.9958 3628.0 188
17.6385 4328.0 188
17.9791 4216.0 188
18.3252 4104.0 188
18.7317 4012.0 188
19.0778 3908.0 188
19.4183 3816.0 188
19.7644 3736.0 188
20.1050 3644.0 188
20.4675 3572.0 188
20.8575 3488.0 188
21.2146 3404.0 188
21.5607 3328.0 188
21.9012 3260.0 188
22.2473 3192.0 188
22.5934 3124.0 188
22.9999 3064.0 188
23.3405 3008.0 188
23.6865 2948.0 188
24.0271 2892.0 188
24.3896 2840.0 188
24.7302 2784.0 188
25.0763 2736.0 188
25.4828 2700.0 188
25.8234 2652.0 188
26.1694 2608.0 188
26.5155 2568.0 188
27.5592 2488.0 188
27.9492 2452.0 188
28.3118 2416.0 188
28.6523 2384.0 188
28.9984 2352.0 188
29.3390 2320.0 188
29.6851 2288.0 188
30.0311 2264.0 188
30.4321 2232.0 188
30.7782 2204.0 188
31.1353 2180.0 188
31.4813 2152.0 188
31.8274 2124.0 188
32.1680 2096.0 188
32.5140 2068.0 188
32.9205 2048.0 188
33.2611 2028.0 188
33.6072 2006.0 188
33.9478 1984.0 188
34.3103 1964.0 188
34.6509 1942.0 188
34.9969 1916.0 188
35.3430 1896.0 188
35.7495 1880.0 188
36.0901 1856.0 188
36.4362 1836.0 188
36.7767 1820.0 188
37.1393 1798.0 188
37.4799 1782.0 188
37.8259 1768.0 188
38.2324 1750.0 188
38.5730 1734.0 188
38.9191 1716.0 188
39.2651 1702.0 188
39.6057 1686.0 188
39.9518 1674.0 188
40.3088 1660.0 188
40.6549 1646.0 188
41.0449 1630.0 188
41.4020 1614.0 188
41.7480 1600.0 188
42.0886 1588.0 188
42.4347 1576.0 188
42.7808 1566.0 188
43.1213 1554.0 188
43.4674 1540.0 188
43.8739 1528.0 188
44.2145 1516.0 188
44.5605 1502.0 188
44.9011 1492.0 188
45.2472 1482.0 188
45.6042 1470.0 188
45.9503 1462.0 188
46.2964 1454.0 188
46.6864 1442.0 188
47.0435 1432.0 188
47.3895 1422.0 188
47.7301 1412.0 188
48.0762 1404.0 188
48.4167 1394.0 188
48.7628 1386.0 188
49.1089 1378.0 188
49.4495 1368.0 188
49.8560 1360.0 188
50.2020 1352.0 188
50.5426 1344.0 188
50.8887 1336.0 188
51.2457 1328.0 188
51.5918 1320.0 188
51.9324 1312.0 188
52.2784 1306.0 188
52.6245 1298.0 188
53.0310 1290.0 188
53.3716 1284.0 188
53.7177 1276.0 188
54.0582 1270.0 188
54.4043 1264.0 188
54.7449 1256.0 188
55.0909 1250.0 188
55.4370 1244.0 188
55.7941 1238.0 188
56.1401 1232.0 188
56.5302 1226.0 188
56.8872 1218.0 188
57.2333 1210.0 188
57.5739 1206.0 188
57.9199 1200.0 188
58.2605 1196.0 188
58.6066 1190.0 188
58.9526 1184.0 188
59.2932 1180.0 188
59.6393 1176.0 188
59.9963 1172.0 188
60.3864 1166.0 188
60.7324 1160.0 188
61.0730 1156.0 188
61.4355 1152.0 188
61.7761 1148.0 188
62.1222 1142.0 188
62.4683 1138.0 188
62.8088 1134.0 188
63.1549 1130.0 188
63.4955 1126.0 188
63.8416 1122.0 188
64.1986 1118.0 188
64.5886 1114.0 188
64.9347 1110.0 188
65.2808 1106.0 188
65.6378 1102.0 188
65.9839 1098.0 188
66.3245 1094.0 188
66.6705 1090.0 188
67.0111 1086.0 188
67.6978 1088.0 188
68.2800 916.0 188
68.6700 906.0 188
69.0106 904.0 188
69.3732 906.0 188
70.0598 908.0 188
70.4059 896.0 188
70.7465 890.0 188
71.0925 898.0 188
71.4331 898.0 188
71.7792 894.0 188
72.1362 886.0 188
72.5262 878.0 188
73.2184 872.0 188
73.5150 890.0 188
74.2621 876.0 188
74.6082 870.0 188
74.9487 864.0 188
75.2948 868.0 188
75.6354 872.0 188
76.3385 864.0 188
76.6846 860.0 188
77.0306 856.0 188
77.3712 856.0 188
77.7173 862.0 188
78.4039 854.0 188
78.7500 848.0 188
79.1510 844.0 188
79.4531 850.0 188
79.7937 856.0 188
80.5463 844.0 188
80.8868 836.0 188
81.2329 838.0 188
81.5735 844.0 188
81.9196 842.0 188
82.6062 842.0 188
83.3093 834.0 188
83.6554 834.0 188
83.9960 830.0 188
84.6826 836.0 188
85.7318 822.0 188
86.0779 826.0 188
86.4185 828.0 188
86.7645 830.0 188
87.7917 822.0 188
88.1982 818.0 188
88.5443 818.0 188
88.8409 824.0 188
89.1870 826.0 188
89.8737 820.0 188
90.2142 820.0 188
90.5603 820.0 188
90.9668 816.0 188
91.9501 822.0 188
92.3401 812.0 188
93.0432 816.0 188
93.3893 816.0 188
94.0265 822.0 188
94.4165 816.0 188
95.1086 814.0 188
95.4657 818.0 188
95.8118 816.0 188
96.0919 824.0 188
96.8390 818.0 188
97.1851 816.0 188
97.5311 818.0 188
97.8717 814.0 188
98.2343 818.0 188
98.5144 824.0 188
99.2615 810.0 188
99.5581 820.0 188
99.9481 816.0 188
100.2942 818.0 188
100.5908 820.0 188
100.9369 826.0 188
101.2775 822.0 188
101.6840 818.0 188
101.9641 824.0 188
102.3267 822.0 188
102.6672 824.0 188
103.3594 826.0 188
103.7000 824.0 188
104.0460 826.0 188
104.3866 828.0 188
104.7327 830.0 188
105.0897 832.0 188
105.4358 834.0 188
105.7764 826.0 188
106.1224 824.0 188
106.4685 834.0 188
106.8091 834.0 188
107.1552 836.0 188
107.4957 838.0 188
107.8418 840.0 188
108.1824 838.0 188
108.5449 838.0 188
109.2316 844.0 188
109.5776 846.0 188
109.8578 848.0 188
110.2643 842.0 188
110.6049 842.0 188
110.8905 850.0 188
111.2311 850.0 188
111.5771 854.0 188
111.9177 856.0 188
112.2638 852.0 188
112.6044 854.0 188
112.9504 858.0 188
113.2965 860.0 188
113.6536 862.0 188
113.9996 862.0 188
114.3402 862.0 188
114.6863 866.0 188
115.0269 866.0 188
115.7135 870.0 188
116.0596 874.0 188
116.4056 874.0 188
116.7462 878.0 188
117.7185 882.0 188
118.0591 886.0 188
118.4216 884.0 188
118.7622 890.0 188
119.4489 900.0 188
119.7949 902.0 188
120.1355 904.0 188
120.4816 902.0 188
120.8276 902.0 188
121.8549 904.0 188
122.1405 912.0 188
122.8271 920.0 188
123.1842 922.0 188
123.5303 928.0 188
123.8708 932.0 188
124.2169 932.0 188
124.5575 934.0 188
124.9036 938.0 188
125.2496 944.0 188
125.5298 950.0 188
125.8704 948.0 188
126.2164 950.0 188
126.9031 960.0 188
127.2491 966.0 188
127.5897 966.0 188
127.9523 966.0 188
128.6389 976.0 188
128.9191 984.0 188
129.2651 986.0 188
129.9518 986.0 188
130.2924 990.0 188
130.6384 998.0 188
130.9790 1010.0 188
131.6711 1018.0 188
132.0117 1020.0 188
132.3578 1024.0 188
132.9950 1030.0 188
133.3411 1030.0 188
133.6871 1034.0 188
134.0277 1046.0 188
134.7144 1048.0 188
135.0604 1056.0 188
135.4010 1068.0 188
135.7031 1076.0 188
136.0437 1078.0 188
136.3898 1080.0 188
137.0764 1088.0 188
137.4170 1090.0 188
137.7631 1102.0 188
138.1091 1112.0 188
138.7463 1118.0 188
139.0924 1134.0 188
139.7791 1138.0 188
140.1196 1144.0 188
141.1523 1168.0 188
141.4325 1180.0 188
142.1246 1188.0 188
142.4817 1200.0 188
143.1683 1212.0 188
143.5144 1226.0 188
144.1406 1240.0 188
144.4812 1254.0 188
145.1678 1268.0 188
145.5139 1280.0 188
146.2170 1292.0 188
147.1838 1316.0 188
147.8705 1342.0 188
148.2166 1360.0 188
149.1998 1380.0 188
149.5459 1400.0 188
150.2325 1424.0 188
150.5731 1442.0 188
150.8588 1454.0 188
151.2158 1468.0 188
152.2485 1490.0 188
152.5891 1514.0 188
153.2153 1540.0 188
153.5614 1570.0 188
153.9020 1584.0 188
154.2480 1598.0 188
155.2917 1626.0 188
156.2640 1658.0 188
157.2968 1742.0 188
157.5934 1772.0 188
158.2800 1806.0 188
158.6206 1842.0 188
159.3073 1870.0 188
161.3232 1992.0 188
163.2184 2556.0 188
164.0918 3744.0 188
164.3719 4224.0 188
164.7180 4240.0 188
165.0586 4240.0 188
165.4047 4232.0 188
165.7452 4224.0 188
166.0913 4224.0 188
166.4484 4216.0 188
166.7944 4216.0 188
167.1405 4208.0 188
167.4811 4200.0 188
167.8271 4200.0 188
168.1677 4200.0 188
168.5138 4200.0 188
168.8544 4208.0 188
169.2004 4224.0 188
172.0734 13552.0 188
172.8259 9112.0 188
173.1665 9056.0 188
173.5126 9032.0 188
173.8586 9032.0 188
174.1992 9072.0 188
175.2484 9088.0 188
175.8746 20128.0 188
176.2152 20160.0 188
176.5778 20032.0 188
176.9183 20032.0 188
177.2644 20112.0 188
178.2916 15456.0 188
179.3408 15480.0 188
183.0103 4752.0 188
183.3563 4752.0 188
183.7024 4744.0 188
184.0430 4744.0 188
184.3890 4744.0 188
184.7461 4744.0 188
185.0922 4744.0 188
185.4327 4744.0 188
185.7788 4736.0 188
186.1249 4744.0 188
186.4655 4744.0 188
186.8115 4744.0 188
187.1521 4736.0 188
187.4982 4736.0 188
187.8552 4744.0 188
188.2013 4744.0 188
188.5419 4744.0 188
188.8879 4744.0 188
189.2340 4752.0 188
189.5746 4752.0 188
189.9207 4752.0 188
190.2612 4760.0 188
190.6073 4760.0 188
190.9644 4760.0 188
191.3104 4760.0 188
191.6510 4768.0 188
191.9971 4808.0 188
192.3431 4832.0 188
192.6837 4808.0 188
193.0298 4792.0 188
193.3704 4792.0 188
193.7329 4800.0 188
194.0735 4800.0 188
194.4196 4800.0 188
194.7656 4808.0 188
195.1062 4808.0 188
195.4523 4816.0 188
195.7928 4816.0 188
196.1389 4824.0 188
196.4795 4832.0 188
196.8420 4840.0 188
197.1826 4840.0 188
197.5287 4848.0 188
197.8748 4856.0 188
198.2153 4864.0 188
198.5614 4880.0 188
198.9020 4888.0 188
199.2480 4904.0 188
199.5886 4904.0 188
200.2313 4920.0 188
201.2640 4928.0 188
201.6211 4920.0 188
202.0111 4840.0 188
202.3572 4744.0 188
203.4009 4416.0 188
203.7469 4424.0 188
204.6094 2956.0 188
204.9500 2956.0 188
205.6366 2980.0 188
206.2134 3848.0 188
206.5594 3872.0 188
206.9055 3820.0 188
207.2461 3748.0 188
207.6086 3700.0 188
207.9492 3652.0 188
208.2953 3592.0 188
208.6359 3556.0 188
209.0424 3508.0 188
209.7290 3092.0 188
210.0751 3080.0 188
210.7617 3232.0 188
211.1078 3228.0 188
211.4484 3176.0 188
211.7944 3148.0 188
212.1405 3120.0 188
212.4811 3076.0 188
212.8876 3040.0 188
213.7500 2072.0 188
214.0906 2072.0 188
215.1233 2076.0 188
215.6561 2780.0 188
215.9967 2760.0 188
216.3428 2736.0 188
216.7493 2700.0 188
217.0898 2676.0 188
217.4359 2656.0 188
218.3423 1810.0 188
218.6993 1808.0 188
219.0454 1806.0 188
219.3860 1814.0 188
220.2484 2236.0 188
220.5890 2236.0 188
221.2921 2244.0 188
221.6382 2376.0 188
221.9843 2360.0 188
222.3248 2340.0 188
222.6709 2316.0 188
223.0115 2296.0 188
223.3575 2284.0 188
223.6981 2268.0 188
224.0442 2252.0 188
224.4507 2228.0 188
225.5438 1978.0 188
225.8899 1980.0 188
226.5765 1990.0 188
226.8732 2118.0 188
227.2137 2104.0 188
227.5598 2092.0 188
227.9059 2076.0 188
228.2465 2064.0 188
228.6530 2048.0 188
228.9990 2036.0 188
229.3396 2036.0 188
229.6857 2026.0 188
230.0262 2008.0 188
230.3723 1998.0 188
230.7184 1984.0 188
231.0590 1968.0 188
231.4050 1958.0 188
231.7621 1948.0 188
232.1082 1934.0 188
232.4487 1936.0 188
232.7948 1924.0 188
233.1354 1902.0 188
233.4814 1892.0 188
233.8879 1886.0 188
234.2340 1876.0 188
234.5746 1868.0 188
234.9207 1860.0 188
235.2612 1850.0 188
235.6073 1838.0 188
235.9479 1838.0 188
236.2939 1828.0 188
236.6400 1808.0 188
236.9971 1804.0 188
237.3431 1796.0 188
237.6837 1786.0 188
238.0298 1778.0 188
238.3704 1772.0 188
238.7164 1762.0 188
239.1229 1754.0 188
239.4635 1746.0 188
239.8096 1742.0 188
240.1556 1732.0 188
240.4962 1720.0 188
240.8423 1714.0 188
241.1829 1708.0 188
241.5289 1704.0 188
242.5616 1172.0 188
242.9681 1166.0 188
243.3087 1162.0 188
243.6548 1164.0 188
243.9954 1166.0 188
244.3414 1170.0 188
244.6381 1174.0 188
245.7312 1626.0 188
246.0773 1620.0 188
246.4178 1614.0 188
246.7804 1608.0 188
247.1210 1604.0 188
247.4670 1600.0 188
248.4998 1596.0 188
248.9502 1418.0 188
249.2963 1414.0 188
249.6533 1414.0 188
249.9994 1418.0 188
250.6860 1424.0 188
250.9662 1536.0 188
251.2628 1546.0 188
251.6089 1542.0 188
252.0154 1536.0 188
252.3560 1532.0 188
252.7020 1530.0 188
253.0426 1528.0 188
253.7292 1526.0 188
254.3555 1160.0 188
254.7015 1150.0 188
255.0421 1142.0 188
255.3882 1134.0 188
255.7452 1132.0 188
256.0913 1128.0 188
256.4374 1126.0 188
256.7780 1124.0 188
257.1240 1122.0 188
257.4646 1120.0 188
257.8107 1118.0 188
258.2172 1116.0 188
258.5577 1114.0 188
258.9038 1112.0 188
259.2499 1110.0 188
259.5905 1110.0 188
259.9365 1108.0 188
260.2936 1106.0 188
260.6396 1106.0 188
260.9802 1104.0 188
261.3263 1102.0 188
261.6669 1100.0 188
262.0129 1100.0 188
262.3590 1098.0 188
262.6996 1096.0 188
263.0457 1094.0 188
263.3862 1094.0 188
263.7488 1092.0 188
264.0894 1092.0 188
264.4354 1090.0 188
264.7760 1090.0 188
265.1221 1090.0 188
265.4681 1088.0 188
265.8087 1086.0 188
266.1548 1086.0 188
266.4954 1084.0 188
266.8414 1084.0 188
267.1985 1084.0 188
267.5446 1082.0 188
267.8906 1082.0 188
268.2312 1082.0 188
268.5773 1080.0 188
268.9178 1080.0 188
269.2639 1080.0 188
269.6045 1080.0 188
269.9506 1078.0 188
270.3076 1078.0 188
270.6537 1078.0 188
270.9998 1078.0 188
271.3403 1076.0 188
271.6864 1076.0 188
272.0270 1076.0 188
272.3730 1076.0 188
272.7136 1076.0 188
273.0597 1076.0 188
273.4058 1076.0 188
273.7463 1076.0 188
274.0924 1076.0 188
274.4330 1076.0 188
274.7955 1076.0 188
275.1361 1076.0 188
275.4822 1076.0 188
275.8228 1076.0 188
276.1688 1076.0 188
276.5149 1078.0 188
276.8555 1078.0 188
277.2015 1078.0 188
277.5421 1078.0 188
277.8882 1080.0 188
278.2343 1080.0 188
278.5748 1080.0 188
278.9209 1082.0 188
279.2615 1082.0 188
279.6075 1082.0 188
279.9481 1082.0 188
280.2942 1082.0 188
280.6403 1084.0 188
280.9808 1086.0 188
281.3269 1086.0 188
281.6675 1088.0 188
282.0135 1088.0 188
282.3541 1090.0 188
282.7002 1090.0 188
283.0463 1090.0 188
283.3868 1090.0 188
283.7329 1092.0 188
284.0735 1094.0 188
284.4196 1096.0 188
284.7656 1096.0 188
285.1062 1098.0 188
285.4523 1100.0 188
285.8093 1102.0 188
286.1554 1104.0 188
286.4960 1104.0 188
286.8420 1106.0 188
287.1826 1106.0 188
287.5287 1108.0 188
287.8748 1110.0 188
288.2153 1110.0 188
288.5614 1112.0 188
288.9020 1116.0 188
289.1821 1118.0 188
289.5282 1118.0 188
289.8743 1122.0 188
290.2148 1124.0 188
290.5609 1124.0 188
290.9015 1126.0 188
291.2476 1128.0 188
291.5936 1130.0 188
291.9342 1132.0 188
292.2968 1134.0 188
292.6373 1138.0 188
292.9834 1140.0 188
293.3240 1142.0 188
293.6700 1144.0 188
294.0106 1148.0 188
294.3567 1150.0 188
294.7028 1152.0 188
295.0433 1152.0 188
295.3894 1156.0 188
295.7300 1160.0 188
296.0760 1162.0 188
296.4166 1164.0 188
296.7627 1168.0 188
297.0428 1172.0 188
297.3889 1174.0 188
297.7295 1178.0 188
298.0756 1180.0 188
298.4216 1182.0 188
298.7787 1186.0 188
299.1248 1190.0 188
299.4653 1192.0 188
299.8114 1194.0 188
300.1520 1198.0 188
300.4980 1202.0 188
300.8386 1206.0 188
301.1847 1210.0 188
301.5308 1214.0 188
301.8713 1216.0 188
302.2174 1220.0 188
302.5580 1226.0 188
302.8436 1230.0 188
303.1842 1234.0 188
303.5303 1238.0 188
303.8708 1242.0 188
304.2169 1244.0 188
304.5575 1248.0 188
304.9200 1254.0 188
305.2606 1258.0 188
305.6067 1262.0 188
305.9528 1268.0 188
306.2933 1274.0 188
306.6394 1280.0 188
306.9800 1284.0 188
307.3260 1288.0 188
307.6666 1294.0 188
308.6554 1306.0 188
309.1223 1718.0 188
309.4684 1724.0 188
309.8090 1734.0 188
310.1550 1752.0 188
310.4352 1762.0 188
310.7922 1760.0 188
311.1383 1764.0 188
311.4844 1770.0 188
311.8250 1778.0 188
312.1710 1784.0 188
312.5116 1794.0 188
312.8577 1804.0 188
313.1982 1810.0 188
313.5443 1820.0 188
314.5935 1832.0 188
314.9341 3316.0 188
315.2802 3316.0 188
315.6372 3324.0 188
316.2634 3524.0 188
316.6040 3552.0 188
316.9501 3564.0 188
317.2961 3580.0 188
317.6367 3600.0 188
317.9993 3616.0 188
318.3398 3640.0 188
318.6859 3656.0 188
319.0265 3668.0 188
319.3726 3688.0 188
319.7186 3704.0 188
320.0592 3716.0 188
320.4053 3724.0 188
320.7458 3736.0 188
321.0919 3752.0 188
321.4490 3772.0 188
321.7950 3792.0 188
322.1356 3812.0 188
322.4817 3820.0 188
322.8278 3848.0 188
323.1683 3892.0 188
323.5144 3912.0 188
323.8550 3928.0 188
324.2010 3940.0 188
324.5416 3956.0 188
324.8877 3972.0 188
325.2448 3992.0 188
325.5908 4016.0 188
325.9369 4044.0 188
326.6235 4072.0 188
327.2607 4128.0 188
327.6068 4136.0 188
327.9529 4160.0 188
328.2935 4184.0 188
328.6395 4200.0 188
328.9801 4232.0 188
329.3262 4256.0 188
329.6667 4280.0 188
330.0128 4304.0 188
330.3589 4328.0 188
330.6995 4368.0 188
331.0620 4400.0 188
331.4026 4432.0 188
331.7487 4464.0 188
332.0892 4480.0 188
332.4353 4512.0 188
332.7759 4552.0 188
333.1219 4584.0 188
333.4680 4616.0 188
333.8086 4648.0 188
334.1547 4680.0 188
334.4952 4704.0 188
334.8578 4760.0 188
335.1984 4768.0 188
335.5444 4728.0 188
335.8905 4728.0 188
336.2311 4712.0 188
336.5771 4688.0 188
336.9177 4672.0 188
337.2638 4648.0 188
337.6044 4632.0 188
337.9504 4616.0 188
338.3075 4592.0 188
338.6536 4568.0 188
338.9996 4552.0 188
339.3402 4536.0 188
339.6863 4512.0 188
340.0269 4496.0 188
340.3729 4480.0 188
340.7135 4472.0 188
341.0596 4456.0 188
341.4056 4440.0 188
341.7627 4424.0 188
342.1088 4408.0 188
342.4493 4384.0 188
342.7954 4368.0 188
343.1360 4352.0 188
343.4821 4328.0 188
343.8281 4312.0 188
344.1687 4304.0 188
344.5148 4288.0 188
344.8718 4280.0 188
345.2179 4288.0 188
345.5585 4328.0 188
345.9045 4392.0 188
346.2451 4464.0 188
346.5912 4552.0 188
346.9373 4632.0 188
347.2778 4672.0 188
347.9645 4680.0 188
348.3270 4672.0 188
348.6676 4664.0 188
349.0137 4672.0 188
349.3542 4664.0 188
349.7003 4656.0 188
350.0464 4624.0 188
350.3870 4592.0 188
