#RPLIDAR SCAN DATA
#COUNT=975
#Angule	Distance	Quality
353.9520 620.0 188
354.2926 620.0 188
354.6552 620.0 188
354.9957 620.0 188
355.3418 618.0 188
355.6824 618.0 188
356.0449 618.0 188
356.3855 616.0 188
356.7316 616.0 188
357.0776 616.0 188
357.4182 616.0 188
357.7808 616.0 188
358.1213 616.0 188
358.4674 616.0 188
358.8739 614.0 188
359.2145 614.0 188
359.5605 614.0 188
359.9011 614.0 188
0.2637 614.0 188
0.6042 614.0 188
0.9503 614.0 188
1.2964 614.0 188
1.6370 614.0 188
1.9995 614.0 188
2.3401 614.0 188
2.6862 614.0 188
3.0267 614.0 188
3.3728 614.0 188
3.7299 614.0 188
4.0759 614.0 188
4.4165 614.0 188
4.7626 614.0 188
5.1086 614.0 188
5.4053 616.0 188
5.7458 616.0 188
6.1084 616.0 188
6.4490 616.0 188
6.7950 616.0 188
7.1356 616.0 188
7.4817 618.0 188
7.8387 618.0 188
8.1848 618.0 188
8.5309 618.0 188
8.8715 618.0 188
9.2175 620.0 188
10.9039 632.0 188
11.2500 634.0 188
11.5906 634.0 188
11.9366 634.0 188
12.2937 636.0 188
12.6398 636.0 188
12.9803 636.0 188
13.3264 638.0 188
13.6835 638.0 188
14.0295 640.0 188
14.3701 640.0 188
14.7162 642.0 188
15.0623 642.0 188
15.4193 644.0 188
15.7654 644.0 188
16.1060 646.0 188
16.4520 646.0 188
16.8091 646.0 188
17.0892 648.0 188
17.4353 650.0 188
17.7924 650.0 188
18.1384 652.0 188
18.4790 652.0 188
18.8251 654.0 188
19.1821 656.0 188
19.5282 658.0 188
19.8743 658.0 188
20.2148 660.0 188
20.5609 662.0 188
20.9180 664.0 188
21.2640 664.0 188
21.5607 666.0 188
21.9012 666.0 188
22.2473 668.0 188
22.5934 670.0 188
22.9340 672.0 188
23.2965 674.0 188
23.6371 674.0 188
23.9832 676.0 188
24.3237 678.0 188
24.6863 680.0 188
25.0269 682.0 188
25.3125 684.0 188
25.6696 686.0 188
26.0156 688.0 188
26.3562 690.0 188
26.7023 692.0 188
27.0593 694.0 188
27.4054 696.0 188
27.7460 698.0 188
28.0920 700.0 188
28.4491 702.0 188
28.7292 704.0 188
29.0753 706.0 188
29.4324 708.0 188
29.7784 712.0 188
30.1245 714.0 188
30.4651 716.0 188
30.8276 718.0 188
31.1682 720.0 188
31.4484 724.0 188
31.8109 726.0 188
32.1515 728.0 188
32.4976 730.0 188
32.8436 734.0 188
33.2007 736.0 188
33.5468 738.0 188
33.8873 742.0 188
34.2334 744.0 188
34.5300 748.0 188
34.8706 752.0 188
35.2167 754.0 188
35.5737 758.0 188
35.9198 760.0 188
36.2604 764.0 188
36.6064 768.0 188
36.9031 770.0 188
37.2491 772.0 188
37.5897 776.0 188
37.9523 780.0 188
38.2928 782.0 188
38.6389 786.0 188
38.9795 790.0 188
39.2761 794.0 188
39.6222 798.0 188
39.9683 802.0 188
40.3253 806.0 188
40.6714 810.0 188
41.0120 814.0 188
41.3580 818.0 188
41.6547 822.0 188
41.9952 826.0 188
42.3413 830.0 188
42.6984 834.0 188
43.0444 840.0 188
43.3905 844.0 188
43.6871 848.0 188
44.0277 854.0 188
44.3738 858.0 188
44.7144 864.0 188
45.0769 870.0 188
45.4175 874.0 188
45.7141 880.0 188
46.0602 884.0 188
46.4063 888.0 188
46.7468 892.0 188
47.0929 898.0 188
47.4500 904.0 188
47.7960 910.0 188
48.0927 916.0 188
48.4332 922.0 188
48.7793 928.0 188
49.1199 934.0 188
49.4824 940.0 188
49.7626 948.0 188
50.1196 954.0 188
50.4657 962.0 188
50.8118 970.0 188
51.1523 974.0 188
51.5149 980.0 188
51.7950 988.0 188
52.1521 996.0 188
52.4982 1002.0 188
52.8387 1010.0 188
53.1848 1018.0 188
53.4814 1026.0 188
53.8275 1034.0 188
54.1846 1042.0 188
54.5306 1050.0 188
54.8712 1058.0 188
55.2173 1068.0 188
55.5139 1078.0 188
55.8545 1086.0 188
56.2170 1094.0 188
56.5576 1104.0 188
56.9037 1114.0 188
57.2003 1124.0 188
57.5464 1134.0 188
57.8870 1144.0 188
58.2495 1156.0 188
58.5901 1166.0 188
58.8702 1176.0 188
59.2328 1188.0 188
59.5734 1200.0 188
59.9194 1212.0 188
60.2765 1226.0 188
60.5621 1238.0 188
60.9027 1252.0 188
61.2653 1264.0 188
61.6058 1274.0 188
61.9519 1288.0 188
62.2485 1302.0 188
62.5891 1316.0 188
62.9352 1330.0 188
63.2922 1346.0 188
63.6383 1362.0 188
63.9349 1378.0 188
64.2810 1394.0 188
64.6216 1410.0 188
64.9677 1430.0 188
65.2643 1448.0 188
65.6049 1466.0 188
65.9674 1486.0 188
66.3080 1504.0 188
66.6541 1520.0 188
66.9507 1540.0 188
67.2968 1562.0 188
67.6373 1584.0 188
67.9999 1606.0 188
68.3405 1630.0 188
68.6371 1652.0 188
68.9832 1676.0 188
69.3237 1698.0 188
69.6698 1726.0 188
70.2631 1954.0 188
70.6091 1954.0 188
70.9497 1958.0 188
71.2958 1962.0 188
71.6528 1968.0 188
71.9989 1976.0 188
72.3395 1984.0 188
73.3887 1998.0 188
74.0424 4424.0 188
74.3884 4416.0 188
74.7290 4416.0 188
75.0751 4400.0 188
75.4321 4392.0 188
75.7782 4392.0 188
76.1243 4376.0 188
76.4813 4368.0 188
76.8274 4376.0 188
77.1680 4368.0 188
77.5140 4352.0 188
77.8711 4344.0 188
78.2172 4336.0 188
78.9038 4184.0 188
79.2609 4176.0 188
79.6069 4168.0 188
79.9530 4128.0 188
80.2936 4104.0 188
80.6561 4104.0 188
80.9967 4112.0 188
81.3428 4128.0 188
81.6833 4152.0 188
82.0294 4144.0 188
82.3865 4144.0 188
82.7325 4144.0 188
83.0731 4136.0 188
83.4192 4128.0 188
83.7653 4128.0 188
84.1223 4136.0 188
84.4684 4120.0 188
84.8749 4080.0 188
85.2155 4056.0 188
85.5615 4052.0 188
85.9021 4052.0 188
86.2482 4080.0 188
86.5448 4112.0 188
86.8854 4112.0 188
87.2314 4104.0 188
87.5885 4128.0 188
87.9346 4200.0 188
88.2806 4224.0 188
88.6212 4224.0 188
88.9673 4240.0 188
89.6045 5872.0 188
90.6537 5952.0 188
91.2305 11240.0 188
91.5765 11272.0 188
91.9171 11312.0 188
92.2797 11288.0 188
92.6202 11304.0 188
92.9663 11352.0 188
93.3124 11328.0 188
93.6530 11376.0 188
94.0155 11504.0 188
94.3561 11512.0 188
94.7021 11408.0 188
95.0427 11416.0 188
95.3888 11504.0 188
95.7458 11360.0 188
100.0140 5152.0 188
101.0577 5232.0 188
102.3267 2888.0 188
103.3594 2896.0 188
104.1064 2656.0 188
104.4525 2632.0 188
104.8096 2636.0 188
105.1556 2648.0 188
105.4962 2664.0 188
106.6553 2068.0 188
108.1549 1834.0 188
108.4955 1794.0 188
108.8416 1758.0 188
109.2480 1722.0 188
109.5886 1692.0 188
109.9347 1664.0 188
110.3412 1632.0 188
110.6873 1606.0 188
111.0278 1578.0 188
111.3904 1550.0 188
111.7804 1522.0 188
112.1375 1498.0 188
112.4835 1472.0 188
112.8241 1450.0 188
113.2306 1426.0 188
113.5767 1404.0 188
113.9172 1384.0 188
114.3237 1364.0 188
114.6698 1344.0 188
115.0104 1326.0 188
115.3564 1308.0 188
115.7629 1288.0 188
116.1090 1272.0 188
116.4496 1256.0 188
116.8121 1236.0 188
117.2021 1222.0 188
117.5427 1208.0 188
117.9053 1192.0 188
118.2458 1178.0 188
118.6359 1164.0 188
118.9984 1150.0 188
119.3390 1136.0 188
119.6851 1124.0 188
120.0916 1114.0 188
120.4321 1102.0 188
120.7782 1088.0 188
121.1243 1078.0 188
121.5308 1066.0 188
121.8713 1054.0 188
122.2174 1042.0 188
122.5580 1032.0 188
122.9645 1022.0 188
123.3105 1012.0 188
123.6511 1002.0 188
123.9972 992.0 188
124.4037 982.0 188
124.7498 974.0 188
125.0903 968.0 188
125.4529 958.0 188
125.7935 950.0 188
126.1835 940.0 188
126.5460 932.0 188
126.8866 924.0 188
127.2327 916.0 188
127.6392 908.0 188
127.9797 900.0 188
128.3258 894.0 188
128.6719 886.0 188
129.0125 880.0 188
129.4189 872.0 188
129.7650 868.0 188
130.1056 860.0 188
130.4517 854.0 188
130.8582 846.0 188
131.1987 840.0 188
131.5448 834.0 188
131.9019 828.0 188
132.2479 822.0 188
132.6379 816.0 188
132.9950 810.0 188
133.3411 804.0 188
133.6871 800.0 188
134.0277 798.0 188
134.4342 792.0 188
134.7803 784.0 188
135.1208 778.0 188
135.4669 774.0 188
135.8734 768.0 188
136.2140 764.0 188
136.5601 758.0 188
136.9061 754.0 188
137.2467 750.0 188
137.6093 746.0 188
137.9993 742.0 188
138.3398 738.0 188
138.7024 734.0 188
139.0430 730.0 188
139.3890 724.0 188
139.7955 720.0 188
140.1361 718.0 188
140.4822 714.0 188
140.8228 710.0 188
141.1688 706.0 188
141.5753 702.0 188
141.9214 698.0 188
142.2620 696.0 188
142.6080 692.0 188
142.9651 690.0 188
143.3112 686.0 188
143.7012 682.0 188
144.0582 680.0 188
144.4043 676.0 188
144.7449 672.0 188
145.0909 670.0 188
145.4370 668.0 188
145.8435 664.0 188
146.1841 660.0 188
146.5302 658.0 188
146.8707 656.0 188
147.2168 652.0 188
147.5739 650.0 188
147.9199 648.0 188
148.3099 646.0 188
148.6670 644.0 188
149.0131 640.0 188
149.3591 638.0 188
149.6997 636.0 188
150.0458 634.0 188
150.4523 630.0 188
150.7928 628.0 188
151.1389 626.0 188
151.4960 624.0 188
151.8420 622.0 188
152.1826 620.0 188
152.5287 618.0 188
152.8748 616.0 188
153.2813 614.0 188
153.6218 612.0 188
153.9679 610.0 188
154.3250 608.0 188
154.6710 606.0 188
155.0116 604.0 188
155.3577 602.0 188
155.6982 602.0 188
156.0443 600.0 188
156.4508 598.0 188
156.7969 596.0 188
157.1539 594.0 188
157.5000 592.0 188
157.8406 592.0 188
158.1866 590.0 188
158.5272 588.0 188
158.8733 588.0 188
159.2303 586.0 188
159.6204 584.0 188
159.9829 582.0 188
160.3235 582.0 188
160.6696 580.0 188
161.0156 578.0 188
161.3562 578.0 188
161.7023 576.0 188
162.0593 574.0 188
162.4054 574.0 188
162.7460 572.0 188
163.0920 572.0 188
163.4985 570.0 188
163.8391 570.0 188
164.1852 568.0 188
164.5313 568.0 188
164.8883 566.0 188
165.2344 566.0 188
165.5750 564.0 188
165.9210 564.0 188
166.2616 562.0 188
166.6241 562.0 188
166.9647 562.0 188
167.3108 560.0 188
167.6514 560.0 188
168.0579 558.0 188
168.4039 558.0 188
168.7500 556.0 188
169.0906 556.0 188
169.4531 556.0 188
169.7937 554.0 188
170.1398 554.0 188
170.4803 554.0 188
170.8264 554.0 188
171.1670 552.0 188
171.5295 552.0 188
171.8701 552.0 188
172.2162 550.0 188
172.5623 550.0 188
172.9028 550.0 188
173.2489 550.0 188
173.6060 548.0 188
173.9520 548.0 188
174.2926 548.0 188
174.6387 548.0 188
174.9792 548.0 188
175.3418 548.0 188
175.7318 546.0 188
176.0779 546.0 188
176.4349 546.0 188
176.7810 546.0 188
177.1216 546.0 188
177.4677 546.0 188
177.8082 544.0 188
178.1708 544.0 188
178.5114 546.0 188
178.8574 546.0 188
179.1980 544.0 188
179.5441 544.0 188
179.8901 544.0 188
180.2472 544.0 188
180.5933 544.0 188
180.9338 544.0 188
181.2799 544.0 188
181.6205 544.0 188
181.9666 544.0 188
182.3236 546.0 188
182.6697 544.0 188
183.3124 548.0 188
184.0594 546.0 188
184.4055 546.0 188
184.7461 546.0 188
185.0922 546.0 188
185.3888 548.0 188
185.7294 548.0 188
186.0754 548.0 188
186.4215 548.0 188
186.7621 548.0 188
187.1082 548.0 188
187.4652 550.0 188
187.8113 550.0 188
188.1519 550.0 188
188.4979 550.0 188
188.8385 552.0 188
189.1846 552.0 188
189.5416 552.0 188
189.8877 552.0 188
190.2338 554.0 188
190.5743 554.0 188
190.9204 554.0 188
191.2610 554.0 188
191.6235 556.0 188
191.9641 556.0 188
192.3102 558.0 188
192.6563 558.0 188
192.9968 558.0 188
193.2935 560.0 188
193.6395 560.0 188
193.9801 560.0 188
194.3262 562.0 188
194.6667 562.0 188
195.0293 564.0 188
195.3699 564.0 188
195.7159 566.0 188
196.0620 566.0 188
196.4026 566.0 188
196.7487 568.0 188
197.1057 570.0 188
197.4518 570.0 188
197.7924 570.0 188
198.0890 572.0 188
198.4351 574.0 188
198.7811 574.0 188
199.1217 576.0 188
199.4678 576.0 188
199.8083 578.0 188
200.1709 580.0 188
200.5115 580.0 188
200.8575 582.0 188
201.1981 582.0 188
201.5442 584.0 188
201.8408 586.0 188
202.1869 588.0 188
202.5275 588.0 188
202.8735 590.0 188
203.2141 590.0 188
203.5767 592.0 188
203.9172 594.0 188
204.2633 596.0 188
204.6094 598.0 188
204.9060 600.0 188
205.2466 600.0 188
205.5927 602.0 188
205.9332 604.0 188
206.2793 606.0 188
206.6364 608.0 188
206.9824 610.0 188
207.3230 612.0 188
207.6691 612.0 188
208.0151 614.0 188
208.3118 616.0 188
208.6523 618.0 188
208.9984 620.0 188
209.3390 622.0 188
209.6851 624.0 188
210.0421 626.0 188
210.3882 630.0 188
210.6683 632.0 188
211.0309 634.0 188
211.3715 636.0 188
211.7175 638.0 188
212.0581 640.0 188
212.4042 642.0 188
212.7448 644.0 188
213.1073 646.0 188
213.3875 650.0 188
213.7335 652.0 188
214.0741 654.0 188
214.4366 658.0 188
214.7772 660.0 188
215.1233 664.0 188
215.4199 666.0 188
215.7605 670.0 188
216.1066 672.0 188
216.4526 674.0 188
216.7932 676.0 188
217.1393 680.0 188
217.4963 682.0 188
217.7765 686.0 188
218.1226 690.0 188
218.4686 692.0 188
218.8257 696.0 188
219.1718 700.0 188
219.4519 704.0 188
219.7925 706.0 188
220.1550 710.0 188
220.4956 714.0 188
220.8417 716.0 188
221.1823 720.0 188
221.5283 722.0 188
221.8250 726.0 188
222.1710 732.0 188
222.5116 736.0 188
222.8577 740.0 188
223.1982 744.0 188
223.4949 748.0 188
223.8409 752.0 188
224.1870 756.0 188
224.5276 762.0 188
224.8901 766.0 188
225.2307 768.0 188
225.5109 772.0 188
225.8734 778.0 188
226.2140 782.0 188
226.5601 786.0 188
226.9061 792.0 188
227.2028 798.0 188
227.5433 802.0 188
227.8894 808.0 188
228.2300 814.0 188
228.5760 818.0 188
228.8727 824.0 188
229.2188 830.0 188
229.5593 836.0 188
229.9054 838.0 188
230.2460 844.0 188
230.5426 850.0 188
230.8887 856.0 188
231.2292 862.0 188
231.5753 870.0 188
231.9324 876.0 188
232.2180 882.0 188
232.5586 890.0 188
232.9047 896.0 188
233.2617 904.0 188
233.6078 910.0 188
233.8879 914.0 188
234.2450 922.0 188
234.5911 930.0 188
234.9371 936.0 188
235.2777 944.0 188
235.5743 952.0 188
235.9204 962.0 188
236.2610 970.0 188
236.6071 978.0 188
236.9037 988.0 188
237.2498 998.0 188
237.5903 1006.0 188
237.9364 1014.0 188
238.2770 1022.0 188
238.5736 1030.0 188
238.9197 1040.0 188
239.2603 1052.0 188
239.6063 1062.0 188
239.9030 1072.0 188
240.2490 1082.0 188
240.5896 1094.0 188
240.9357 1108.0 188
241.2323 1118.0 188
241.5729 1130.0 188
241.9189 1142.0 188
242.2650 1154.0 188
242.6221 1166.0 188
242.9022 1178.0 188
243.2483 1192.0 188
243.5889 1206.0 188
243.9514 1220.0 188
244.2316 1234.0 188
244.5776 1248.0 188
244.9182 1264.0 188
245.2808 1282.0 188
245.5609 1298.0 188
246.2640 1314.0 188
247.0770 1750.0 188
247.7637 1676.0 188
248.1042 1670.0 188
248.4503 1672.0 188
248.7964 1674.0 188
249.1534 1682.0 188
249.7797 1770.0 188
250.1202 1788.0 188
250.4828 1786.0 188
250.8234 1792.0 188
251.1694 1802.0 188
251.5155 1810.0 188
252.3724 1506.0 188
252.7185 1500.0 188
253.0591 1494.0 188
253.4216 1486.0 188
253.7622 1482.0 188
254.1083 1498.0 188
254.4489 1526.0 188
255.4321 1548.0 188
255.8386 2244.0 188
256.2012 2236.0 188
256.5417 2236.0 188
256.9373 2232.0 188
257.2943 2232.0 188
257.6404 2228.0 188
257.9810 2228.0 188
258.3270 2224.0 188
258.6676 2220.0 188
259.0137 2216.0 188
259.3707 2212.0 188
259.7168 2208.0 188
260.0574 2204.0 188
260.4034 2200.0 188
260.7495 2200.0 188
261.0901 2200.0 188
261.4362 2196.0 188
261.7932 2192.0 188
262.1393 2188.0 188
262.4799 2188.0 188
262.8259 2184.0 188
263.1665 2180.0 188
263.5126 2176.0 188
263.8696 2180.0 188
264.2157 2176.0 188
264.5618 2176.0 188
264.9023 2172.0 188
265.2484 2172.0 188
265.5890 2168.0 188
265.9515 2168.0 188
266.2921 2168.0 188
266.6382 2172.0 188
266.9843 2168.0 188
267.3248 2164.0 188
267.6709 2160.0 188
268.0115 2160.0 188
268.3740 2164.0 188
268.7146 2164.0 188
269.0607 2164.0 188
269.4012 2164.0 188
269.7473 2164.0 188
270.0934 2160.0 188
270.4504 2164.0 188
270.7965 2164.0 188
271.1371 2160.0 188
271.4832 2160.0 188
271.8237 2164.0 188
272.1698 2164.0 188
272.5104 2164.0 188
272.8729 2164.0 188
273.2135 2164.0 188
273.5596 2164.0 188
273.9056 2164.0 188
274.2462 2168.0 188
274.5923 2168.0 188
274.9493 2172.0 188
275.2954 2176.0 188
275.6360 2172.0 188
275.9821 2172.0 188
276.3281 2172.0 188
276.6687 2172.0 188
277.0313 2176.0 188
277.3718 2176.0 188
277.7179 2176.0 188
278.0585 2176.0 188
278.4045 2180.0 188
278.7451 2184.0 188
279.0912 2196.0 188
279.7943 2120.0 188
280.1404 2124.0 188
280.4810 2124.0 188
281.4038 1580.0 188
282.3871 1640.0 188
282.7936 1636.0 188
283.1396 1630.0 188
283.4802 1626.0 188
283.8263 1628.0 188
284.1669 1632.0 188
284.5129 1634.0 188
284.8700 1636.0 188
285.5621 1638.0 188
285.9027 1582.0 188
286.2488 1580.0 188
286.6058 1592.0 188
286.9519 1602.0 188
287.2925 1610.0 188
287.6385 1626.0 188
287.9352 1642.0 188
288.2813 1656.0 188
288.6218 1674.0 188
288.9679 1692.0 188
289.3250 1710.0 188
289.6710 1710.0 188
290.0116 1722.0 188
290.3577 1724.0 188
290.6982 1702.0 188
291.0443 1716.0 188
291.6870 1830.0 188
292.9010 1536.0 188
293.1866 1538.0 188
293.5272 1546.0 188
293.8898 1550.0 188
294.2303 1550.0 188
294.5764 1558.0 188
294.9170 1566.0 188
295.2631 1556.0 188
295.6091 1546.0 188
295.9662 1546.0 188
297.1692 1346.0 188
298.3887 1586.0 188
299.0753 1578.0 188
299.4818 1512.0 188
300.1245 1582.0 188
300.4651 1582.0 188
300.8112 1586.0 188
301.1517 1592.0 188
302.1405 1184.0 188
302.4811 1178.0 188
302.8876 1166.0 188
303.2336 1156.0 188
303.5742 1146.0 188
303.9203 1136.0 188
304.2609 1126.0 188
304.6674 1114.0 188
305.0134 1104.0 188
305.3705 1094.0 188
305.7166 1084.0 188
306.0571 1074.0 188
306.4636 1066.0 188
306.8097 1058.0 188
307.1558 1050.0 188
307.4963 1040.0 188
307.8589 1030.0 188
308.2489 1022.0 188
308.5895 1014.0 188
308.9520 1006.0 188
309.2926 998.0 188
309.6387 992.0 188
309.9792 984.0 188
310.3857 976.0 188
310.7318 970.0 188
311.0779 962.0 188
311.4349 956.0 188
311.7810 950.0 188
312.1875 944.0 188
312.5281 938.0 188
312.8741 930.0 188
313.2147 924.0 188
313.5608 916.0 188
313.9673 910.0 188
314.3079 906.0 188
314.6539 898.0 188
315.0110 892.0 188
315.3571 888.0 188
315.7031 882.0 188
316.1041 878.0 188
316.4502 874.0 188
316.7963 868.0 188
317.1368 862.0 188
317.4829 856.0 188
317.8400 852.0 188
318.1860 848.0 188
318.5925 842.0 188
318.9331 838.0 188
319.2792 832.0 188
319.6198 828.0 188
319.9658 824.0 188
320.3229 820.0 188
320.7184 814.0 188
321.0754 812.0 188
321.4215 808.0 188
321.7621 804.0 188
322.1082 800.0 188
322.4487 794.0 188
322.8552 790.0 188
323.2013 788.0 188
323.5419 784.0 188
323.9044 780.0 188
324.2450 776.0 188
324.5911 772.0 188
324.9371 770.0 188
325.3436 766.0 188
325.6842 764.0 188
326.0303 760.0 188
326.3708 758.0 188
326.7334 754.0 188
327.0740 750.0 188
327.4200 748.0 188
327.8265 744.0 188
328.1671 742.0 188
328.5132 740.0 188
328.8593 734.0 188
329.2163 732.0 188
329.5624 730.0 188
329.9030 726.0 188
330.3094 722.0 188
330.6555 720.0 188
330.9961 718.0 188
331.3422 716.0 188
331.6827 714.0 188
332.0453 710.0 188
332.3859 708.0 188
332.7319 706.0 188
333.1384 702.0 188
333.4790 700.0 188
333.8251 698.0 188
334.1711 696.0 188
334.5282 694.0 188
334.8743 690.0 188
335.2148 688.0 188
335.5609 688.0 188
335.9015 686.0 188
336.2476 684.0 188
336.6541 680.0 188
336.9946 678.0 188
337.3572 676.0 188
337.6978 674.0 188
338.0438 672.0 188
338.3899 670.0 188
338.7305 668.0 188
339.0930 668.0 188
339.4830 664.0 188
339.8401 664.0 188
340.1862 662.0 188
340.5267 662.0 188
340.8728 660.0 188
341.2134 658.0 188
341.5594 656.0 188
341.9165 654.0 188
342.2626 654.0 188
342.6086 652.0 188
342.9492 650.0 188
343.2953 648.0 188
343.6523 648.0 188
344.0424 646.0 188
344.4049 644.0 188
344.7455 644.0 188
345.0916 642.0 188
345.4321 640.0 188
345.7782 640.0 188
346.1243 640.0 188
346.4813 638.0 188
346.8274 636.0 188
347.1680 636.0 188
347.5140 634.0 188
347.8546 634.0 188
348.2172 632.0 188
348.5577 632.0 188
348.9642 630.0 188
349.3103 630.0 188
349.6509 630.0 188
349.9969 628.0 188
350.3430 626.0 188
350.6836 626.0 188
351.0461 626.0 188
351.3867 624.0 188
351.7328 624.0 188
352.0734 624.0 188
352.4194 622.0 188
352.7655 622.0 188
353.1226 622.0 188
353.4686 620.0 188
353.8092 620.0 188
