#RPLIDAR SCAN DATA
#COUNT=995
#Angule	Distance	Quality
352.0624 4832.0 188
352.3260 4960.0 188
353.4027 24928.0 188
354.1058 16800.0 188
355.0891 16816.0 188
355.9955 25008.0 188
356.9843 25024.0 188
357.9510 25072.0 188
358.7805 7576.0 188
359.1046 7568.0 188
359.4177 7544.0 188
359.7473 7512.0 188
0.0769 7504.0 188
0.4010 7504.0 188
0.7306 7528.0 188
1.0437 7528.0 188
1.3733 7520.0 188
1.7029 7520.0 188
2.0270 7512.0 188
2.3566 7512.0 188
2.6697 7520.0 188
2.9993 7528.0 188
3.3234 7520.0 188
3.6530 7536.0 188
3.9825 7536.0 188
4.3121 7536.0 188
4.6198 7528.0 188
4.9493 7536.0 188
6.2457 7528.0 188
6.5753 7504.0 188
6.9049 7512.0 188
7.2290 7512.0 188
7.5586 7536.0 188
7.8717 7544.0 188
8.2013 7536.0 188
8.5309 7544.0 188
8.8550 7536.0 188
9.1846 7552.0 188
9.8273 7504.0 188
10.1514 7888.0 188
10.4810 7872.0 188
10.8105 7864.0 188
11.1401 7864.0 188
11.7773 7904.0 188
13.4033 7800.0 188
13.7329 7800.0 188
14.0625 7800.0 188
14.7162 7816.0 188
16.1829 3860.0 188
16.8256 3644.0 188
17.1552 3580.0 188
17.5287 3504.0 188
17.8583 3420.0 188
18.1824 3352.0 188
18.5120 3292.0 188
18.8416 3236.0 188
19.1547 3196.0 188
19.4843 3152.0 188
19.8083 3092.0 188
20.1984 3040.0 188
20.5280 3012.0 188
20.8411 2988.0 188
21.1707 2944.0 188
21.4948 2900.0 188
21.8243 2864.0 188
22.1539 2836.0 188
22.4835 2812.0 188
22.8076 2776.0 188
23.1372 2740.0 188
23.5107 2708.0 188
23.8403 2688.0 188
24.1699 2668.0 188
24.4995 2636.0 188
24.8236 2604.0 188
25.1532 2580.0 188
25.4663 2556.0 188
25.7959 2536.0 188
26.1200 2516.0 188
26.4496 2496.0 188
26.7792 2496.0 188
27.1088 2504.0 188
27.4329 2516.0 188
27.7625 2524.0 188
28.0920 2532.0 188
28.7292 2544.0 188
29.6082 3460.0 188
29.9323 3444.0 188
30.2618 3432.0 188
30.5750 3420.0 188
30.9045 3408.0 188
31.2341 3396.0 188
31.5582 3384.0 188
31.8878 3372.0 188
32.2174 3360.0 188
32.5415 3348.0 188
32.8711 3336.0 188
33.2007 3320.0 188
33.5138 3304.0 188
33.8434 3288.0 188
34.1675 3280.0 188
34.4971 3272.0 188
34.8267 3260.0 188
35.1563 3252.0 188
35.4803 3244.0 188
35.8099 3236.0 188
36.1230 3232.0 188
36.4526 3224.0 188
36.7767 3216.0 188
37.1063 3204.0 188
37.4359 3196.0 188
37.7655 3184.0 188
38.0896 3172.0 188
38.4192 3164.0 188
38.7488 3152.0 188
39.0619 3144.0 188
39.3860 3132.0 188
39.7156 3120.0 188
40.6549 1940.0 188
40.9790 1936.0 188
41.3086 1930.0 188
41.6382 1924.0 188
41.9513 1918.0 188
42.2809 1912.0 188
42.6050 1904.0 188
42.9346 1896.0 188
43.3246 1888.0 188
43.6377 1882.0 188
43.9673 1876.0 188
44.2969 1872.0 188
44.6210 1868.0 188
44.9506 1862.0 188
45.2802 1856.0 188
45.6042 1850.0 188
45.9338 1846.0 188
46.2634 1840.0 188
46.5765 1834.0 188
46.9061 1828.0 188
47.2302 1824.0 188
47.5598 1822.0 188
47.8894 1816.0 188
48.2135 1810.0 188
48.5431 1804.0 188
48.8727 1802.0 188
49.1858 1798.0 188
49.5154 1792.0 188
49.8395 1786.0 188
50.1691 1784.0 188
50.4987 1780.0 188
50.8228 1776.0 188
51.1523 1774.0 188
51.4819 1770.0 188
51.8115 1764.0 188
52.1356 1762.0 188
52.4652 1758.0 188
52.8387 1756.0 188
53.1683 1752.0 188
53.4979 1748.0 188
53.8275 1746.0 188
54.1516 1744.0 188
54.4812 1742.0 188
54.8108 1738.0 188
55.1404 1736.0 188
55.4645 1734.0 188
55.7941 1732.0 188
56.1237 1730.0 188
56.4478 1728.0 188
56.7773 1726.0 188
57.1069 1722.0 188
57.4365 1718.0 188
57.7606 1716.0 188
58.0737 1714.0 188
58.4033 1712.0 188
58.7329 1710.0 188
59.0625 1706.0 188
59.3866 1704.0 188
59.7162 1704.0 188
60.0458 1702.0 188
60.3699 1702.0 188
60.6995 1700.0 188
61.0291 1698.0 188
61.3586 1698.0 188
61.6827 1696.0 188
62.0123 1696.0 188
62.3419 1694.0 188
62.6715 1694.0 188
62.9956 1692.0 188
63.3252 1692.0 188
63.6548 1690.0 188
63.9844 1692.0 188
64.2920 1692.0 188
64.6216 1690.0 188
64.9512 1690.0 188
65.2808 1690.0 188
65.6049 1688.0 188
65.9344 1690.0 188
66.2640 1690.0 188
66.5936 1688.0 188
66.9177 1688.0 188
67.2473 1688.0 188
67.5769 1690.0 188
67.9010 1690.0 188
68.2306 1690.0 188
68.5602 1690.0 188
68.8898 1690.0 188
69.2139 1690.0 188
69.5435 1690.0 188
69.8730 1690.0 188
70.2026 1690.0 188
70.5103 1690.0 188
70.8398 1692.0 188
71.1694 1692.0 188
71.4990 1694.0 188
71.8231 1694.0 188
72.1527 1694.0 188
72.4823 1696.0 188
72.8119 1698.0 188
73.1360 1698.0 188
73.4656 1700.0 188
73.7952 1702.0 188
74.1248 1704.0 188
74.4489 1706.0 188
74.7784 1708.0 188
75.1080 1708.0 188
75.4321 1710.0 188
75.7617 1712.0 188
76.0913 1714.0 188
76.4044 1718.0 188
77.0581 1720.0 188
77.8271 1500.0 188
78.1512 1492.0 188
78.4808 1488.0 188
78.8104 1484.0 188
79.1400 1486.0 188
79.4641 1492.0 188
79.7937 1496.0 188
80.1233 1500.0 188
81.1066 1506.0 188
81.3263 1754.0 188
81.5900 1760.0 188
81.9196 1766.0 188
82.2491 1770.0 188
82.5732 1774.0 188
82.8864 1776.0 188
83.2159 1780.0 188
83.5455 1784.0 188
83.8696 1788.0 188
84.1992 1792.0 188
84.5123 1796.0 188
84.8419 1800.0 188
85.1715 1806.0 188
85.4956 1810.0 188
85.8252 1816.0 188
86.1383 1820.0 188
86.4679 1824.0 188
86.7920 1828.0 188
87.1216 1836.0 188
87.4512 1842.0 188
87.7643 1846.0 188
88.0884 1850.0 188
88.4180 1856.0 188
88.7476 1864.0 188
89.0607 1868.0 188
89.3903 1872.0 188
89.7144 1876.0 188
90.0439 1882.0 188
90.3735 1888.0 188
90.6372 1896.0 188
90.9668 1904.0 188
91.2799 1910.0 188
91.6040 1916.0 188
91.9336 1924.0 188
92.2632 1930.0 188
92.5928 1936.0 188
92.9059 1942.0 188
93.2300 1950.0 188
93.5596 1958.0 188
93.8892 1968.0 188
94.2188 1978.0 188
94.5264 1984.0 188
94.8560 1990.0 188
95.1855 2000.0 188
95.5151 2008.0 188
95.8392 2018.0 188
96.1523 2024.0 188
96.4819 2034.0 188
96.8115 2044.0 188
97.0752 2052.0 188
97.4048 2060.0 188
97.7344 2072.0 188
98.0420 2084.0 188
98.3716 2092.0 188
98.7012 2100.0 188
99.0308 2112.0 188
99.3549 2124.0 188
99.6680 2136.0 188
99.9976 2148.0 188
100.3271 2160.0 188
100.6512 2168.0 188
100.9808 2184.0 188
101.2939 2192.0 188
101.6235 2208.0 188
101.9531 2220.0 188
102.2168 2236.0 188
102.5464 2248.0 188
102.8705 2264.0 188
103.2001 2276.0 188
103.5132 2288.0 188
103.8428 2304.0 188
104.1669 2324.0 188
104.4965 2340.0 188
104.8260 2352.0 188
105.1392 2368.0 188
105.4688 2384.0 188
105.7928 2404.0 188
106.1224 2424.0 188
106.4355 2440.0 188
106.7651 2456.0 188
107.0288 2472.0 188
107.3584 2492.0 188
107.6825 2512.0 188
108.0121 2532.0 188
108.3417 2556.0 188
108.6548 2576.0 188
108.9844 2600.0 188
109.3085 2628.0 188
109.6381 2652.0 188
109.9677 2672.0 188
110.9344 2696.0 188
111.0278 4176.0 188
111.3574 4192.0 188
111.6870 4224.0 188
112.0111 4248.0 188
112.3407 4264.0 188
112.6538 4288.0 188
112.9834 4320.0 188
113.3075 4352.0 188
113.6371 4376.0 188
114.7302 3448.0 188
115.0433 3440.0 188
115.3729 3436.0 188
115.7025 3436.0 188
116.0266 3448.0 188
116.3562 3488.0 188
116.6199 3568.0 188
116.9495 3644.0 188
117.2791 3724.0 188
117.5922 3820.0 188
118.5754 3920.0 188
119.6521 9736.0 188
119.9817 9744.0 188
120.2948 9736.0 188
120.6244 9760.0 188
120.9485 9800.0 188
121.2781 9832.0 188
121.6077 9856.0 188
121.9373 9896.0 188
122.2449 9960.0 188
122.5745 10040.0 188
122.9041 10104.0 188
123.2336 10136.0 188
123.5577 10160.0 188
124.2004 10200.0 188
125.8264 10312.0 188
126.1560 10488.0 188
126.4801 10520.0 188
126.8097 10488.0 188
127.1393 10496.0 188
127.4634 10528.0 188
127.7765 10544.0 188
128.1061 10552.0 188
128.4357 10576.0 188
128.7653 10600.0 188
129.0894 10608.0 188
129.4025 10624.0 188
129.7321 10640.0 188
130.0616 10656.0 188
130.3857 10688.0 188
131.0449 10704.0 188
131.4185 6632.0 188
131.7480 6528.0 188
132.0776 6440.0 188
132.3853 6352.0 188
132.7148 6296.0 188
133.0444 6240.0 188
133.3740 6152.0 188
133.7476 6080.0 188
134.0771 6008.0 188
134.4012 5928.0 188
134.7308 5864.0 188
135.0604 5800.0 188
135.3735 5720.0 188
135.7031 5656.0 188
136.0272 5600.0 188
136.3568 5552.0 188
136.6864 5496.0 188
137.0105 5440.0 188
137.3236 5384.0 188
137.6532 5328.0 188
137.9828 5264.0 188
138.3124 5208.0 188
138.6365 5152.0 188
138.9496 5096.0 188
139.2792 5056.0 188
139.6088 5024.0 188
139.9329 4992.0 188
140.2625 4944.0 188
140.6360 4888.0 188
140.9656 4824.0 188
141.2952 4776.0 188
141.6248 4744.0 188
141.9324 4704.0 188
142.2620 4672.0 188
142.9211 4640.0 188
143.6243 3932.0 188
143.9484 3900.0 188
144.2780 3868.0 188
144.6075 3832.0 188
144.9371 3804.0 188
145.2448 3776.0 188
145.5743 3752.0 188
145.9039 3720.0 188
146.2335 3696.0 188
146.5576 3676.0 188
146.8872 3652.0 188
147.2003 3620.0 188
147.5299 3584.0 188
147.8540 3560.0 188
148.1836 3540.0 188
148.5132 3520.0 188
148.8867 3500.0 188
149.2163 3488.0 188
149.5459 3464.0 188
149.8700 3440.0 188
150.1831 3416.0 188
150.5127 3388.0 188
150.8423 3364.0 188
151.1719 3344.0 188
151.4960 3332.0 188
151.8256 3312.0 188
152.1387 3296.0 188
152.4683 3276.0 188
152.7924 3252.0 188
153.1219 3236.0 188
153.4515 3216.0 188
153.7811 3196.0 188
154.8083 1704.0 188
155.1379 1700.0 188
155.4675 1696.0 188
155.7916 1692.0 188
156.1212 1688.0 188
156.4343 1684.0 188
156.7639 1680.0 188
157.0935 1676.0 188
157.4176 1672.0 188
157.7472 1666.0 188
158.0768 1660.0 188
158.3899 1658.0 188
158.7140 1654.0 188
159.0436 1650.0 188
159.3732 1646.0 188
159.7028 1642.0 188
160.0763 1638.0 188
160.4059 1636.0 188
160.7300 1632.0 188
161.0596 1626.0 188
161.3892 1622.0 188
161.7023 1620.0 188
162.0264 1616.0 188
162.3560 1612.0 188
162.6855 1608.0 188
163.0151 1606.0 188
163.3392 1604.0 188
163.6523 1600.0 188
163.9819 1596.0 188
164.3115 1590.0 188
164.6356 1586.0 188
164.9652 1584.0 188
165.2948 1580.0 188
165.6079 1580.0 188
165.9375 1588.0 188
166.2616 1612.0 188
166.5308 1642.0 188
166.8549 1674.0 188
167.8436 1678.0 188
168.5468 1632.0 188
168.8104 1654.0 188
169.1400 1670.0 188
169.4641 1670.0 188
169.7937 1684.0 188
170.1068 1684.0 188
170.4364 1668.0 188
170.7605 1654.0 188
171.1560 1630.0 188
171.7932 1630.0 188
179.6869 4728.0 188
180.0110 4720.0 188
180.6702 4712.0 188
180.9833 4712.0 188
181.3074 4720.0 188
181.6370 4712.0 188
181.9666 4728.0 188
182.2961 4784.0 188
182.6093 4808.0 188
182.9333 4792.0 188
183.2629 4800.0 188
183.5925 4800.0 188
183.9166 4792.0 188
184.2297 4800.0 188
184.5593 4800.0 188
184.8889 4808.0 188
185.2185 4816.0 188
185.5261 4816.0 188
185.8557 4800.0 188
186.1853 4800.0 188
186.5149 4808.0 188
186.8390 4808.0 188
187.1521 4816.0 188
187.4817 4808.0 188
187.8113 4808.0 188
188.1354 4816.0 188
188.4485 4824.0 188
188.7781 4832.0 188
189.1077 4832.0 188
189.4373 4832.0 188
189.7614 4840.0 188
190.0745 4832.0 188
190.4041 4824.0 188
190.7336 4792.0 188
191.0577 4808.0 188
191.3708 4872.0 188
191.7004 4880.0 188
192.0300 4880.0 188
192.3541 4888.0 188
192.6837 4904.0 188
192.9968 4904.0 188
193.3264 4912.0 188
193.6560 4912.0 188
193.9801 4912.0 188
194.2493 4928.0 188
194.5734 4928.0 188
194.9030 4928.0 188
195.2161 4936.0 188
195.5457 4944.0 188
195.8698 4960.0 188
196.1993 4992.0 188
196.5125 5016.0 188
196.8420 5016.0 188
197.4957 5032.0 188
197.8253 5048.0 188
198.1384 5048.0 188
198.4680 5056.0 188
199.4348 5048.0 188
199.7644 5008.0 188
200.4181 4952.0 188
203.0109 4992.0 188
203.3405 5016.0 188
203.6700 4952.0 188
204.0436 4896.0 188
204.3732 4832.0 188
204.7028 4760.0 188
205.0104 4736.0 188
205.3400 4744.0 188
205.6696 4752.0 188
205.9991 4760.0 188
206.3123 4776.0 188
206.6364 4800.0 188
206.9659 4808.0 188
207.2955 4816.0 188
207.6196 4824.0 188
207.9327 4832.0 188
208.2623 4856.0 188
208.5919 4872.0 188
208.9215 4888.0 188
209.2456 4904.0 188
209.5148 4920.0 188
210.1685 4928.0 188
210.9210 3744.0 188
211.2451 3696.0 188
211.5747 3648.0 188
211.9043 3612.0 188
212.2339 3588.0 188
212.5415 3552.0 188
212.9370 3504.0 188
213.2611 3464.0 188
213.5742 3428.0 188
213.9038 3400.0 188
214.2334 3376.0 188
214.5575 3336.0 188
214.8871 3304.0 188
215.2167 3284.0 188
215.5298 3256.0 188
215.8594 3216.0 188
216.1835 3184.0 188
216.5131 3160.0 188
216.8427 3140.0 188
217.1558 3112.0 188
217.4799 3080.0 188
217.8699 3048.0 188
218.1830 3024.0 188
218.5126 3008.0 188
218.8422 2988.0 188
219.1718 2964.0 188
219.4958 2936.0 188
219.8090 2916.0 188
220.1385 2892.0 188
220.4681 2864.0 188
220.7922 2844.0 188
221.1218 2824.0 188
221.4514 2804.0 188
221.7645 2780.0 188
222.0886 2756.0 188
222.4182 2740.0 188
222.7917 2720.0 188
223.1213 2700.0 188
223.4509 2684.0 188
223.7805 2668.0 188
224.1046 2652.0 188
224.4177 2628.0 188
224.7473 2608.0 188
225.0769 2588.0 188
225.4010 2572.0 188
225.7306 2564.0 188
226.0602 2556.0 188
226.3733 2536.0 188
226.7029 2516.0 188
227.0270 2500.0 188
227.3566 2484.0 188
227.6862 2476.0 188
227.9993 2464.0 188
228.3893 2448.0 188
228.7134 2428.0 188
229.0265 2416.0 188
229.3561 2400.0 188
229.6857 2384.0 188
230.0153 2376.0 188
230.3394 2364.0 188
230.6525 2348.0 188
230.9821 2340.0 188
231.3116 2328.0 188
231.6357 2316.0 188
231.9653 2300.0 188
232.2949 2292.0 188
232.6080 2280.0 188
232.9321 2268.0 188
233.2617 2256.0 188
233.5913 2248.0 188
233.9209 2236.0 188
234.2944 2228.0 188
234.6240 2220.0 188
234.9481 2208.0 188
235.2612 2208.0 188
235.5908 2196.0 188
235.9204 2176.0 188
236.2500 2168.0 188
236.5741 2160.0 188
236.8872 2152.0 188
237.2168 2140.0 188
237.5464 2132.0 188
237.8705 2124.0 188
238.2001 2120.0 188
238.5297 2112.0 188
238.8428 2096.0 188
239.1669 2088.0 188
239.4965 2084.0 188
239.8260 2072.0 188
240.1556 2064.0 188
240.4688 2056.0 188
240.8588 2048.0 188
241.1829 2040.0 188
241.4960 2046.0 188
241.8256 2034.0 188
242.1552 2018.0 188
242.4792 2014.0 188
242.8088 2008.0 188
243.1384 2004.0 188
243.4515 1996.0 188
243.7811 1988.0 188
244.1052 1982.0 188
244.4348 1978.0 188
244.7644 1976.0 188
245.0775 1984.0 188
245.4016 1972.0 188
245.7312 1950.0 188
246.0608 1946.0 188
246.3904 1940.0 188
246.6980 1936.0 188
247.0276 1930.0 188
247.3572 1924.0 188
247.6868 1918.0 188
248.0109 1914.0 188
248.3405 1910.0 188
248.6536 1918.0 188
248.9832 1908.0 188
249.3732 1890.0 188
249.6863 1886.0 188
250.0104 1882.0 188
250.3400 1878.0 188
250.6696 1876.0 188
250.9991 1872.0 188
251.3123 1868.0 188
251.6364 1862.0 188
251.9659 1858.0 188
252.2955 1856.0 188
252.6196 1868.0 188
252.9327 1858.0 188
253.2623 1838.0 188
253.5919 1838.0 188
253.9215 1834.0 188
254.2456 1830.0 188
254.5752 1826.0 188
254.8883 1824.0 188
255.2179 1820.0 188
255.5420 1816.0 188
255.8716 1814.0 188
256.2012 1810.0 188
256.5143 1812.0 188
256.8384 1814.0 188
257.1680 1802.0 188
257.4976 1794.0 188
257.8271 1794.0 188
258.1403 1792.0 188
258.4644 1790.0 188
258.7939 1788.0 188
259.1235 1786.0 188
259.4531 1782.0 188
259.7772 1780.0 188
260.0903 1776.0 188
260.4199 1774.0 188
260.7495 1774.0 188
261.0736 1776.0 188
261.4032 1768.0 188
261.7163 1760.0 188
262.0459 1758.0 188
262.4359 1756.0 188
262.7490 1756.0 188
263.0731 1756.0 188
263.4027 1754.0 188
263.7323 1752.0 188
264.0619 1750.0 188
264.3750 1750.0 188
264.6991 1748.0 188
265.0287 1746.0 188
265.3583 1746.0 188
265.6824 1756.0 188
266.0120 1752.0 188
266.3251 1740.0 188
266.6547 1742.0 188
266.9843 1740.0 188
267.3083 1738.0 188
267.6379 1738.0 188
268.2806 1744.0 188
268.6047 1658.0 188
268.9343 1642.0 188
269.2639 1654.0 188
269.5770 1668.0 188
270.2307 1658.0 188
270.5603 1746.0 188
270.8899 1738.0 188
271.2030 1728.0 188
271.5271 1728.0 188
271.8567 1728.0 188
272.1863 1728.0 188
272.4994 1730.0 188
272.8235 1728.0 188
273.1531 1728.0 188
273.4827 1728.0 188
273.8123 1730.0 188
274.1199 1728.0 188
274.4495 1728.0 188
274.7791 1728.0 188
275.1086 1730.0 188
275.4327 1740.0 188
275.7458 1740.0 188
276.0754 1730.0 188
276.4050 1728.0 188
276.7291 1728.0 188
277.0422 1730.0 188
277.3718 1732.0 188
277.7014 1732.0 188
278.0310 1732.0 188
278.3551 1732.0 188
278.6682 1736.0 188
278.9978 1736.0 188
279.9646 1736.0 188
280.4645 1386.0 188
280.7941 1378.0 188
281.1237 1396.0 188
282.0905 1408.0 188
282.5739 1748.0 188
282.8870 1750.0 188
283.2166 1752.0 188
283.5461 1754.0 188
283.8702 1754.0 188
284.1998 1756.0 188
284.4635 1760.0 188
284.7931 1762.0 188
285.1062 1770.0 188
285.4358 1770.0 188
285.7654 1766.0 188
286.0895 1770.0 188
286.4026 1774.0 188
286.7322 1776.0 188
287.0618 1778.0 188
287.3859 1780.0 188
287.7155 1782.0 188
288.0286 1784.0 188
288.3582 1788.0 188
288.6823 1790.0 188
291.2805 1814.0 188
291.6046 1816.0 188
291.9342 1820.0 188
292.2638 1824.0 188
292.5769 1826.0 188
292.9010 1830.0 188
293.2306 1834.0 188
293.5602 1838.0 188
293.8733 1842.0 188
294.2029 1850.0 188
294.5270 1852.0 188
294.8566 1852.0 188
295.1862 1860.0 188
295.4993 1866.0 188
295.8234 1868.0 188
296.1530 1872.0 188
296.4825 1876.0 188
296.7957 1882.0 188
297.1198 1886.0 188
297.4493 1888.0 188
297.7185 1894.0 188
298.0426 1902.0 188
298.3722 1914.0 188
298.7018 1916.0 188
299.0149 1914.0 188
299.3390 1922.0 188
299.6686 1926.0 188
299.9982 1932.0 188
300.3278 1916.0 188
300.7013 1876.0 188
301.0309 1848.0 188
301.3550 1826.0 188
301.6681 1802.0 188
301.9977 1786.0 188
302.3273 1766.0 188
302.7173 1750.0 188
303.0304 1734.0 188
303.3545 1712.0 188
303.6841 1696.0 188
304.0137 1680.0 188
304.3433 1666.0 188
304.6674 1650.0 188
305.0464 1632.0 188
305.3705 1618.0 188
305.7001 1602.0 188
306.0297 1590.0 188
306.3593 1580.0 188
306.6669 1564.0 188
306.9965 1548.0 188
307.3865 1534.0 188
307.7161 1524.0 188
308.0292 1512.0 188
308.3588 1498.0 188
308.6829 1484.0 188
309.0125 1472.0 188
309.3420 1460.0 188
309.6716 1450.0 188
310.0452 1440.0 188
310.3748 1428.0 188
310.6989 1416.0 188
311.0284 1404.0 188
311.3580 1398.0 188
311.6711 1388.0 188
311.9952 1376.0 188
312.3853 1364.0 188
312.7148 1356.0 188
313.0280 1348.0 188
313.3575 1340.0 188
313.6871 1330.0 188
314.0112 1320.0 188
314.3408 1312.0 188
314.6704 1306.0 188
315.0000 1296.0 188
315.3735 1292.0 188
315.7031 1292.0 188
316.0272 1294.0 188
316.2964 1296.0 188
316.6205 1302.0 188
316.9501 1308.0 188
317.2797 1324.0 188
317.5928 1338.0 188
317.9169 1340.0 188
318.2465 1344.0 188
318.5760 1350.0 188
318.9056 1356.0 188
319.2297 1364.0 188
319.4989 1370.0 188
319.8230 1376.0 188
320.1526 1386.0 188
320.4657 1394.0 188
320.7953 1404.0 188
321.1249 1414.0 188
321.4490 1420.0 188
321.7786 1430.0 188
322.1082 1438.0 188
322.3718 1450.0 188
322.7014 1458.0 188
323.0310 1468.0 188
323.3551 1478.0 188
323.6682 1488.0 188
323.9978 1498.0 188
324.3274 1508.0 188
324.6515 1520.0 188
324.9811 1530.0 188
325.2448 1540.0 188
325.5743 1552.0 188
325.9039 1566.0 188
326.2335 1578.0 188
326.5576 1590.0 188
326.8707 1600.0 188
327.2003 1614.0 188
327.5299 1626.0 188
327.7936 1640.0 188
328.1232 1654.0 188
328.4528 1668.0 188
328.7769 1682.0 188
329.1064 1694.0 188
329.4360 1708.0 188
329.7491 1726.0 188
330.0732 1740.0 188
330.4028 1754.0 188
330.6665 1770.0 188
330.9961 1786.0 188
331.3257 1804.0 188
331.6553 1818.0 188
331.9794 1834.0 188
332.3090 1854.0 188
332.6385 1874.0 188
332.9022 1892.0 188
333.2318 1908.0 188
333.5449 1928.0 188
333.8745 1950.0 188
334.1986 1972.0 188
334.5282 1992.0 188
334.8578 2016.0 188
335.1874 2036.0 188
335.4510 2056.0 188
335.7806 2076.0 188
336.0938 2104.0 188
336.4178 2132.0 188
336.7474 2152.0 188
337.0770 2176.0 188
337.4011 2204.0 188
337.7307 2232.0 188
337.9999 2264.0 188
338.3240 2292.0 188
338.6371 2320.0 188
338.9667 2352.0 188
339.2963 2392.0 188
339.6204 2428.0 188
339.9500 2448.0 188
340.2136 2472.0 188
340.5432 2504.0 188
340.8728 2532.0 188
341.1859 2556.0 188
341.5155 2592.0 188
341.8396 2620.0 188
342.1692 2652.0 188
342.4988 2692.0 188
342.7625 2736.0 188
343.0920 2776.0 188
343.4216 2820.0 188
343.7292 2864.0 188
344.0588 2908.0 188
344.3884 2948.0 188
344.7180 2996.0 188
345.0421 3044.0 188
345.3113 3096.0 188
345.6354 3156.0 188
345.9650 3212.0 188
346.2781 3272.0 188
346.6077 3332.0 188
346.9373 3392.0 188
347.2614 3448.0 188
347.5305 3520.0 188
347.8546 3604.0 188
348.1842 3684.0 188
348.8269 3880.0 188
349.1510 3952.0 188
349.4806 4040.0 188
349.7498 4112.0 188
350.0739 4184.0 188
350.4034 4288.0 188
350.7330 4392.0 188
351.0571 4480.0 188
351.3702 4584.0 188
351.6998 4720.0 188
