#RPLIDAR SCAN DATA
#COUNT=728
#Angule	Distance	Quality
352.2162 3992.0 188
352.5623 3992.0 188
352.9028 3996.0 188
353.5455 4256.0 188
353.8861 4256.0 188
354.2322 4256.0 188
354.5728 4256.0 188
354.9188 4248.0 188
355.2649 4240.0 188
355.6055 4240.0 188
355.9515 4240.0 188
356.2921 4248.0 188
356.6382 4248.0 188
356.9843 4240.0 188
357.6709 4240.0 188
358.1873 2960.0 188
358.5278 2936.0 188
358.8739 2908.0 188
359.2145 2888.0 188
359.5605 2876.0 188
359.9011 2856.0 188
0.2472 2848.0 188
0.5933 2848.0 188
0.9338 2840.0 188
1.2799 2840.0 188
1.6205 2840.0 188
1.9666 2836.0 188
2.3071 2844.0 188
2.6532 2848.0 188
2.9993 2852.0 188
3.3398 2864.0 188
3.6859 2876.0 188
4.0265 2900.0 188
5.0757 2920.0 188
5.5920 4232.0 188
5.9326 4232.0 188
6.2787 4232.0 188
6.6248 4240.0 188
6.9653 4240.0 188
7.3114 4240.0 188
7.6520 4240.0 188
7.9980 4240.0 188
8.3386 4248.0 188
8.6847 4248.0 188
9.0308 4248.0 188
9.3713 4248.0 188
9.7174 4248.0 188
10.0580 4256.0 188
10.4041 4264.0 188
10.7446 4264.0 188
11.0907 4264.0 188
11.4368 4272.0 188
11.7773 4288.0 188
12.1234 4288.0 188
12.4805 4288.0 188
12.8265 4296.0 188
13.1671 4296.0 188
13.5132 4312.0 188
13.8593 4312.0 188
14.1998 4320.0 188
14.5459 4320.0 188
14.8865 4328.0 188
15.2325 4328.0 188
16.2653 4336.0 188
17.5287 6424.0 188
18.2153 6416.0 188
19.8743 9984.0 188
20.2313 9920.0 188
20.5774 9872.0 188
21.2640 9808.0 188
22.6373 8976.0 188
22.9834 8768.0 188
23.3240 8616.0 188
23.6700 8544.0 188
24.0106 8488.0 188
24.3567 8416.0 188
24.7028 8296.0 188
25.1093 8128.0 188
25.4498 8032.0 188
25.7959 7896.0 188
26.1530 7752.0 188
26.4990 7672.0 188
26.8396 7592.0 188
27.5262 7472.0 188
28.3228 4744.0 188
28.6688 4720.0 188
29.0259 4752.0 188
29.3719 4800.0 188
29.7180 4824.0 188
30.0586 4840.0 188
30.4047 4856.0 188
30.7452 4880.0 188
31.0913 4904.0 188
31.3879 4928.0 188
31.7340 4936.0 188
32.0746 4944.0 188
32.4207 4968.0 188
32.7612 4992.0 188
33.1073 5008.0 188
33.4644 5016.0 188
33.8104 5032.0 188
34.1510 5048.0 188
34.4971 5080.0 188
34.8431 5096.0 188
35.1837 5104.0 188
35.5298 5120.0 188
35.8704 5144.0 188
36.2164 5160.0 188
36.5735 5184.0 188
36.9196 5208.0 188
37.2656 5240.0 188
37.6062 5272.0 188
37.9523 5312.0 188
38.2928 5296.0 188
38.6389 5264.0 188
38.9795 5304.0 188
39.3256 5288.0 188
39.6826 5216.0 188
40.0287 5176.0 188
40.3748 5128.0 188
40.7153 5088.0 188
41.0614 5064.0 188
41.4020 5032.0 188
41.7480 5008.0 188
42.0886 4976.0 188
42.4347 4936.0 188
42.8412 4888.0 188
43.1873 4856.0 188
43.5278 4824.0 188
43.8904 4784.0 188
44.2310 4752.0 188
44.5770 4728.0 188
44.9176 4704.0 188
45.2637 4680.0 188
45.6042 4648.0 188
45.9503 4616.0 188
46.2964 4600.0 188
46.6370 4568.0 188
46.9995 4536.0 188
47.3401 4496.0 188
47.6862 4472.0 188
48.0267 4448.0 188
48.3728 4424.0 188
48.7134 4392.0 188
49.0594 4336.0 188
49.4055 4256.0 188
49.7461 4216.0 188
50.1086 4200.0 188
50.4492 4184.0 188
50.7953 4168.0 188
51.1359 4152.0 188
51.4819 4136.0 188
51.8280 4120.0 188
52.1686 4100.0 188
52.5751 4072.0 188
52.9211 4052.0 188
53.2617 4036.0 188
53.6078 4024.0 188
53.9484 4008.0 188
54.3109 3992.0 188
54.6515 3980.0 188
54.9976 3968.0 188
55.3436 3960.0 188
55.6842 3948.0 188
56.0303 3944.0 188
56.3708 3940.0 188
56.7169 3924.0 188
57.0575 3912.0 188
57.4036 3900.0 188
57.7496 3884.0 188
58.0902 3872.0 188
58.4363 3856.0 188
58.7769 3848.0 188
59.1229 3832.0 188
59.4635 3816.0 188
59.8096 3808.0 188
60.1556 3792.0 188
60.4962 3780.0 188
60.8423 3768.0 188
61.1993 3764.0 188
61.5454 3752.0 188
61.8860 3736.0 188
62.9187 3720.0 188
64.0118 14056.0 188
64.3579 14016.0 188
64.6985 13912.0 188
65.7312 13952.0 188
66.6980 3536.0 188
67.1045 3484.0 188
67.4506 3480.0 188
67.7966 3468.0 188
68.1372 3456.0 188
68.4833 3452.0 188
68.8239 3444.0 188
69.1699 3432.0 188
69.5105 3424.0 188
69.8566 3420.0 188
70.2026 3416.0 188
70.5432 3408.0 188
70.8893 3396.0 188
71.2299 3392.0 188
71.5759 3412.0 188
71.9165 3472.0 188
72.2186 3536.0 188
72.5592 3584.0 188
72.9053 3600.0 188
73.2458 3600.0 188
83.9685 3432.0 188
84.3091 3416.0 188
84.6552 3412.0 188
84.9957 3412.0 188
85.3418 3412.0 188
85.6824 3428.0 188
86.0284 3452.0 188
86.3745 3452.0 188
86.7151 3440.0 188
87.0612 3444.0 188
87.4017 3448.0 188
87.7643 3444.0 188
88.1049 3436.0 188
88.4509 3436.0 188
88.7915 3444.0 188
89.1376 3444.0 188
89.4836 3444.0 188
89.8242 3448.0 188
90.1703 3448.0 188
90.5109 3448.0 188
90.8569 3448.0 188
91.2030 3440.0 188
91.5436 3432.0 188
91.8896 3448.0 188
92.2302 3452.0 188
92.5763 3440.0 188
92.9169 3444.0 188
93.2629 3444.0 188
93.6090 3452.0 188
93.9496 3452.0 188
94.2957 3444.0 188
94.6362 3448.0 188
94.9823 3448.0 188
95.3229 3444.0 188
95.6689 3444.0 188
96.0150 3444.0 188
96.3556 3444.0 188
96.7017 3452.0 188
97.0422 3440.0 188
97.3883 3440.0 188
97.7344 3440.0 188
98.0750 3440.0 188
98.4210 3448.0 188
98.7616 3456.0 188
99.1077 3468.0 188
99.4482 3472.0 188
99.7943 3472.0 188
100.1404 3472.0 188
100.4810 3480.0 188
100.8270 3488.0 188
101.1676 3496.0 188
101.5137 3496.0 188
101.8542 3496.0 188
102.2003 3500.0 188
102.5464 3508.0 188
102.8430 3516.0 188
103.1836 3516.0 188
103.5297 3520.0 188
103.8702 3528.0 188
104.2163 3532.0 188
104.5624 3536.0 188
104.9030 3540.0 188
105.2490 3544.0 188
105.5896 3548.0 188
105.9357 3552.0 188
106.2762 3556.0 188
106.6223 3560.0 188
106.9684 3560.0 188
107.3090 3564.0 188
107.6550 3572.0 188
107.9956 3572.0 188
108.3417 3572.0 188
108.6823 3584.0 188
109.0283 3604.0 188
109.3744 3616.0 188
110.4016 3604.0 188
110.7477 3592.0 188
111.0938 3584.0 188
111.4343 3596.0 188
112.4670 3612.0 188
113.0933 2196.0 188
113.4338 2196.0 188
113.7799 2192.0 188
114.1205 2192.0 188
114.4666 2192.0 188
114.8071 2188.0 188
115.1532 2188.0 188
115.5103 2188.0 188
115.8563 2184.0 188
116.2024 2184.0 188
116.5430 2184.0 188
116.8890 2184.0 188
117.2296 2184.0 188
117.5757 2180.0 188
117.9218 2180.0 188
118.2623 2180.0 188
118.6084 2180.0 188
118.9490 2180.0 188
119.2950 2180.0 188
119.6356 2180.0 188
119.9817 2180.0 188
120.3278 2180.0 188
120.6683 2180.0 188
121.0144 2180.0 188
121.3550 2180.0 188
121.7010 2180.0 188
122.0416 2180.0 188
122.3877 2180.0 188
122.7338 2180.0 188
123.0743 2180.0 188
123.4204 2184.0 188
123.7610 2184.0 188
124.1071 2184.0 188
124.4531 2184.0 188
124.7937 2184.0 188
125.1398 2184.0 188
125.4803 2188.0 188
125.8264 2188.0 188
126.1670 2188.0 188
126.5131 2192.0 188
126.8427 2192.0 188
127.1832 2192.0 188
127.5293 2196.0 188
127.8699 2196.0 188
128.2159 2196.0 188
128.5620 2200.0 188
128.9026 2204.0 188
129.2487 2204.0 188
129.5892 2204.0 188
129.9353 2208.0 188
130.2759 2212.0 188
130.6219 2212.0 188
130.9680 2212.0 188
131.3086 2216.0 188
131.6547 2220.0 188
131.9952 2224.0 188
132.3413 2224.0 188
132.6874 2228.0 188
133.0280 2232.0 188
133.3081 2236.0 188
133.6542 2236.0 188
133.9948 2240.0 188
134.3408 2244.0 188
134.6869 2248.0 188
135.0275 2252.0 188
135.3735 2256.0 188
135.7141 2256.0 188
136.0602 2260.0 188
136.4063 2268.0 188
137.4994 4536.0 188
137.8400 4552.0 188
138.1860 4568.0 188
138.5266 4600.0 188
138.8727 4648.0 188
139.2188 4672.0 188
139.9054 4712.0 188
140.2460 4752.0 188
141.7291 3196.0 188
142.0752 3168.0 188
142.4213 3136.0 188
142.7618 3096.0 188
143.1519 3056.0 188
143.4979 3020.0 188
143.8385 2996.0 188
144.1846 2968.0 188
144.5306 2932.0 188
144.8712 2900.0 188
145.2173 2876.0 188
145.5579 2852.0 188
145.9039 2824.0 188
146.2500 2792.0 188
146.5906 2768.0 188
146.9806 2728.0 188
147.3267 2704.0 188
147.6672 2712.0 188
148.0133 2716.0 188
148.3594 2732.0 188
148.6560 2752.0 188
148.9966 2760.0 188
149.3427 2772.0 188
149.6832 2780.0 188
150.0293 2792.0 188
150.3699 2804.0 188
150.7159 2812.0 188
151.0620 2824.0 188
151.3861 2840.0 188
151.7322 2852.0 188
152.0728 2864.0 188
152.4188 2884.0 188
152.7649 2900.0 188
153.1055 2916.0 188
153.4515 2932.0 188
153.7921 2944.0 188
154.1382 2960.0 188
154.4843 2976.0 188
154.8248 2992.0 188
155.1709 3008.0 188
155.5115 3028.0 188
155.8575 3036.0 188
156.1981 3048.0 188
156.8903 3072.0 188
157.7472 4224.0 188
158.0933 4216.0 188
158.4338 4208.0 188
158.7799 4208.0 188
159.1205 4200.0 188
159.4666 4208.0 188
159.8071 4232.0 188
160.1532 4280.0 188
160.4993 4336.0 188
160.8398 4400.0 188
161.1859 4472.0 188
161.5265 4552.0 188
161.8726 4632.0 188
162.2186 4712.0 188
162.9053 4792.0 188
163.1854 5944.0 188
163.5260 5952.0 188
163.8721 5936.0 188
164.2181 5928.0 188
164.5587 5920.0 188
164.9048 5904.0 188
165.2454 5888.0 188
165.5914 5880.0 188
165.9375 5888.0 188
166.2781 5912.0 188
166.6241 5984.0 188
166.9647 6088.0 188
167.2449 6200.0 188
167.5909 6312.0 188
167.9370 6408.0 188
168.6237 6760.0 188
168.9642 6904.0 188
169.9969 7048.0 188
170.2936 8256.0 188
170.6396 8256.0 188
170.9802 8256.0 188
171.3263 8384.0 188
172.0129 8584.0 188
172.6392 13320.0 188
172.9797 13312.0 188
174.0125 22384.0 188
176.0779 15528.0 188
177.1051 13128.0 188
177.4512 13168.0 188
177.7917 13104.0 188
178.1378 13104.0 188
179.1705 13608.0 188
180.1208 3692.0 188
180.4669 3668.0 188
180.8075 3644.0 188
181.1536 3628.0 188
181.4996 3620.0 188
181.8402 3616.0 188
182.1863 3612.0 188
182.5269 3608.0 188
182.8729 3612.0 188
183.2135 3620.0 188
183.5596 3628.0 188
183.9056 3648.0 188
184.2462 3676.0 188
184.5923 3696.0 188
185.6250 3744.0 188
187.0587 13384.0 188
187.4048 13400.0 188
187.7454 13424.0 188
188.4375 13424.0 188
189.8108 13312.0 188
190.4974 12520.0 188
191.1841 13504.0 188
191.5302 13544.0 188
192.3267 7920.0 188
192.6672 7912.0 188
193.0133 7912.0 188
193.3594 7896.0 188
193.7000 7864.0 188
194.7327 7784.0 188
196.7926 6696.0 188
197.1387 7608.0 188
197.8253 7592.0 188
198.1714 7224.0 188
198.5120 7424.0 188
198.8580 7504.0 188
199.1986 7464.0 188
199.8853 7424.0 188
200.2313 7328.0 188
200.5774 7304.0 188
200.9180 7360.0 188
201.2640 7312.0 188
201.6046 7296.0 188
201.9507 7304.0 188
202.2968 7264.0 188
202.6373 7232.0 188
202.9834 7208.0 188
203.3240 7200.0 188
204.0106 7184.0 188
204.3567 7160.0 188
205.0433 7152.0 188
205.3894 7128.0 188
205.7300 7112.0 188
206.0760 7120.0 188
206.4166 7096.0 188
206.7627 7072.0 188
207.1088 7064.0 188
207.4493 7072.0 188
207.7954 7056.0 188
208.1360 7040.0 188
208.4821 7032.0 188
208.8281 7024.0 188
209.1687 7000.0 188
209.5148 6992.0 188
210.2014 6968.0 188
210.8881 6952.0 188
211.2341 6944.0 188
211.5747 6936.0 188
212.3108 6120.0 188
213.2776 6576.0 188
214.3103 6888.0 188
218.5455 4272.0 188
220.6055 4872.0 188
221.6382 4832.0 188
223.0115 4816.0 188
223.3575 4808.0 188
223.6981 4808.0 188
224.7308 4848.0 188
227.0105 8064.0 188
227.3566 8080.0 188
227.7026 8080.0 188
228.0432 8080.0 188
228.7299 8072.0 188
233.8275 8952.0 188
236.9641 7632.0 188
237.9968 7704.0 188
239.0131 7168.0 188
241.4191 7232.0 188
241.7651 7264.0 188
242.1057 7192.0 188
242.4518 7216.0 188
242.7924 7344.0 188
243.1384 7296.0 188
245.1874 7800.0 188
267.8247 7776.0 188
268.8409 7824.0 188
281.1841 6504.0 188
282.5574 6480.0 188
282.9034 6456.0 188
283.2495 6488.0 188
284.2767 6488.0 188
287.0728 5888.0 188
287.4188 5864.0 188
287.7649 5840.0 188
288.1055 5816.0 188
288.4515 5800.0 188
288.7921 5792.0 188
289.1382 5800.0 188
289.4843 5816.0 188
289.8248 5824.0 188
290.1709 5832.0 188
290.5115 5848.0 188
290.8575 5864.0 188
291.1981 5880.0 188
291.5442 5888.0 188
291.8903 5904.0 188
292.2144 5912.0 188
292.5604 5928.0 188
292.9010 5944.0 188
293.2471 5952.0 188
293.5931 5976.0 188
293.9337 6000.0 188
294.2798 6024.0 188
294.6204 6064.0 188
294.9664 6080.0 188
295.3125 6104.0 188
295.6531 6144.0 188
295.9497 6208.0 188
296.6364 6856.0 188
296.9824 6872.0 188
297.3230 6872.0 188
297.6691 6880.0 188
298.0151 6912.0 188
298.7018 6984.0 188
299.7180 7864.0 188
300.0586 7824.0 188
300.4047 7744.0 188
300.7452 7856.0 188
301.4374 7608.0 188
301.7780 7576.0 188
302.1240 7656.0 188
302.4646 7640.0 188
302.8107 7552.0 188
303.1512 7472.0 188
303.4973 7384.0 188
303.8434 7304.0 188
304.1840 7232.0 188
304.5300 7152.0 188
304.8706 7080.0 188
305.2167 7024.0 188
305.5573 6960.0 188
305.9033 6912.0 188
306.2494 6912.0 188
306.5900 6944.0 188
306.9360 6976.0 188
307.2766 7000.0 188
307.9688 6672.0 188
308.3093 6552.0 188
308.6554 6480.0 188
308.9960 6432.0 188
309.3420 6376.0 188
309.6826 6320.0 188
310.0287 6272.0 188
310.3748 6232.0 188
310.7153 6176.0 188
311.1053 6128.0 188
311.4514 6080.0 188
311.7920 6040.0 188
312.1381 5984.0 188
312.8906 4352.0 188
313.2312 4296.0 188
313.5773 4264.0 188
313.9178 4248.0 188
314.2639 4240.0 188
314.6045 4232.0 188
314.9506 4224.0 188
315.2966 4232.0 188
315.6372 4240.0 188
315.9833 4248.0 188
316.3239 4256.0 188
316.6699 4272.0 188
317.0105 4312.0 188
317.3566 4392.0 188
318.2135 8680.0 188
318.9056 8264.0 188
319.2462 8264.0 188
319.5923 8312.0 188
319.9329 8336.0 188
320.2789 8408.0 188
320.6250 8528.0 188
320.9656 8592.0 188
321.3116 8632.0 188
321.6522 8672.0 188
321.9983 8704.0 188
322.3389 8744.0 188
322.6685 8808.0 188
323.4210 6912.0 188
323.7616 6864.0 188
324.4482 6832.0 188
324.7943 6832.0 188
325.1404 6824.0 188
325.4810 6792.0 188
325.8270 6768.0 188
326.1676 6752.0 188
326.5137 6728.0 188
326.8542 6704.0 188
327.2003 6680.0 188
327.5464 6656.0 188
327.8870 6624.0 188
328.2330 6608.0 188
328.5736 6584.0 188
328.9197 6536.0 188
329.2603 6512.0 188
329.6063 6512.0 188
329.9524 6512.0 188
330.2930 6496.0 188
330.6390 6472.0 188
330.9796 6440.0 188
331.3257 6336.0 188
331.6718 6248.0 188
333.1549 4808.0 188
333.4955 4808.0 188
333.8416 4792.0 188
334.1821 4768.0 188
334.5117 4760.0 188
334.8578 4744.0 188
335.1984 4720.0 188
335.5444 4712.0 188
335.8905 4704.0 188
336.2311 4680.0 188
336.5771 4672.0 188
336.9177 4656.0 188
337.2638 4648.0 188
337.6044 4640.0 188
337.9504 4624.0 188
338.2965 4608.0 188
338.6371 4600.0 188
338.9832 4584.0 188
339.3237 4576.0 188
339.6698 4568.0 188
340.0104 4560.0 188
340.3564 4552.0 188
340.7025 4536.0 188
341.0431 4528.0 188
341.3892 4512.0 188
341.7297 4512.0 188
342.0758 4504.0 188
342.4219 4488.0 188
342.7625 4480.0 188
343.1085 4480.0 188
343.4491 4480.0 188
343.7952 4472.0 188
344.1357 4456.0 188
344.4818 4440.0 188
344.8279 4440.0 188
345.1685 4440.0 188
345.5145 4424.0 188
345.8551 4416.0 188
346.2012 4408.0 188
346.5417 4400.0 188
346.8878 4392.0 188
347.2339 4376.0 188
347.5745 4368.0 188
347.9205 4352.0 188
348.2611 4344.0 188
348.6072 4336.0 188
348.9478 4328.0 188
349.2938 4320.0 188
349.6399 4264.0 188
350.3705 4004.0 188
350.7166 4000.0 188
351.0571 4004.0 188
351.4032 4004.0 188
351.7493 4000.0 188
