#RPLIDAR SCAN DATA
#COUNT=854
#Angule	Distance	Quality
351.8097 7792.0 188
352.1558 7784.0 188
352.5128 7760.0 188
352.8589 7744.0 188
353.1995 7728.0 188
353.5455 7712.0 188
353.8861 7688.0 188
354.2322 7664.0 188
354.5728 7648.0 188
354.9353 7624.0 188
355.2759 7608.0 188
355.6219 7648.0 188
356.6547 7760.0 188
3.5760 7432.0 188
3.9166 7368.0 188
4.2792 7296.0 188
4.6198 7296.0 188
4.9658 7304.0 188
5.3119 7288.0 188
5.6525 7272.0 188
5.9985 7256.0 188
6.3391 7248.0 188
6.7017 7264.0 188
7.0422 7280.0 188
10.4974 6752.0 188
11.1841 6760.0 188
13.2605 7904.0 188
29.0259 1914.0 188
29.4324 1882.0 188
29.7784 1852.0 188
30.4816 1820.0 188
31.1682 1780.0 188
31.5747 1736.0 188
33.3270 1730.0 188
33.6676 1732.0 188
34.0137 1722.0 188
34.3542 1730.0 188
34.7168 1730.0 188
35.0574 1720.0 188
35.4034 1702.0 188
35.7495 1716.0 188
36.1066 1756.0 188
36.3867 1762.0 188
36.7932 1738.0 188
37.1393 1718.0 188
37.4963 1696.0 188
37.8424 1680.0 188
38.1830 1664.0 188
38.5455 1646.0 188
38.9355 1630.0 188
39.2926 1612.0 188
39.6387 1594.0 188
39.9792 1578.0 188
41.0284 1564.0 188
41.7810 1506.0 188
42.1216 1498.0 188
42.4841 1486.0 188
42.8247 1472.0 188
43.1708 1458.0 188
43.5278 1448.0 188
43.9178 1434.0 188
44.2804 1422.0 188
44.6210 1412.0 188
44.9670 1400.0 188
45.3076 1390.0 188
45.6702 1378.0 188
46.0107 1370.0 188
46.3568 1370.0 188
46.7139 1376.0 188
47.0599 1382.0 188
47.4060 1390.0 188
47.7466 1396.0 188
48.1091 1402.0 188
48.4497 1412.0 188
48.7958 1420.0 188
49.1364 1426.0 188
49.4989 1434.0 188
49.8395 1446.0 188
50.1361 1452.0 188
50.4822 1462.0 188
50.8228 1454.0 188
51.2292 1436.0 188
51.5753 1424.0 188
52.6245 1416.0 188
52.9651 1412.0 188
53.3276 1402.0 188
53.6682 1394.0 188
54.0143 1386.0 188
54.3549 1378.0 188
54.7174 1370.0 188
55.1239 1362.0 188
55.4645 1354.0 188
55.8105 1346.0 188
56.1511 1338.0 188
56.5137 1332.0 188
56.8542 1326.0 188
57.2003 1320.0 188
57.5464 1312.0 188
57.9034 1304.0 188
58.2495 1298.0 188
58.6560 1284.0 188
58.9966 1266.0 188
59.3427 1258.0 188
59.6832 1252.0 188
60.0293 1252.0 188
60.3864 1260.0 188
60.7324 1268.0 188
61.0730 1288.0 188
61.3696 1308.0 188
61.7157 1318.0 188
62.0618 1328.0 188
62.4023 1340.0 188
62.7484 1350.0 188
63.1055 1362.0 188
63.3856 1374.0 188
63.7317 1386.0 188
64.0887 1402.0 188
64.4348 1416.0 188
64.7809 1428.0 188
65.1215 1440.0 188
65.4181 1454.0 188
65.7642 1468.0 188
66.1047 1482.0 188
66.4508 1496.0 188
66.8079 1512.0 188
67.1539 1528.0 188
67.4341 1542.0 188
67.7966 1558.0 188
68.1372 1576.0 188
68.4833 1596.0 188
68.8239 1620.0 188
69.1699 1636.0 188
69.4666 1646.0 188
69.8071 1664.0 188
70.1532 1684.0 188
70.5103 1702.0 188
70.8563 1722.0 188
71.2024 1746.0 188
71.4990 1764.0 188
71.8396 1784.0 188
72.1857 1808.0 188
72.5262 1832.0 188
72.8723 1856.0 188
73.2294 1880.0 188
74.2181 1908.0 188
74.5587 1950.0 188
75.2014 2200.0 188
75.8276 2288.0 188
76.1847 2300.0 188
77.2614 1418.0 188
77.6074 1420.0 188
77.9480 1416.0 188
78.3105 1410.0 188
78.6511 1416.0 188
78.9972 1430.0 188
79.3433 1442.0 188
79.6399 1456.0 188
80.6671 1472.0 188
81.3867 2328.0 188
81.7328 2316.0 188
82.0734 2304.0 188
82.4194 2296.0 188
82.7655 2284.0 188
83.1226 2272.0 188
83.4686 2264.0 188
83.8092 2256.0 188
84.1553 2248.0 188
84.4958 2248.0 188
84.8584 2244.0 188
85.1990 2236.0 188
85.5890 2232.0 188
85.9515 2232.0 188
86.2921 2228.0 188
86.6382 2228.0 188
87.3853 1996.0 188
87.7313 1964.0 188
88.0774 1962.0 188
88.4344 1974.0 188
88.7805 2000.0 188
89.1211 2012.0 188
89.4672 2008.0 188
89.8242 2004.0 188
90.1703 2000.0 188
90.5109 1994.0 188
90.8569 1990.0 188
91.2030 1986.0 188
91.5436 1980.0 188
91.8896 1976.0 188
92.2467 1972.0 188
92.5928 1966.0 188
92.9333 1962.0 188
93.2794 1960.0 188
93.6200 1958.0 188
93.9661 1956.0 188
94.3121 1954.0 188
94.6692 1950.0 188
95.0153 1944.0 188
95.3558 1940.0 188
95.7019 1936.0 188
96.0425 1934.0 188
96.3885 1930.0 188
97.5311 1212.0 188
97.8717 1212.0 188
98.2178 1210.0 188
98.5748 1210.0 188
98.9209 1210.0 188
99.2615 1224.0 188
99.5416 1254.0 188
100.5908 1286.0 188
100.8875 1896.0 188
101.2335 1892.0 188
101.6400 1890.0 188
101.9806 1874.0 188
102.3267 1838.0 188
102.6672 1816.0 188
103.0298 1814.0 188
103.3704 1836.0 188
104.6558 4432.0 188
104.9963 4416.0 188
105.3424 4416.0 188
106.0291 4432.0 188
106.6553 2424.0 188
107.0123 2396.0 188
107.3584 2376.0 188
107.6990 2364.0 188
108.0450 2352.0 188
108.3856 2348.0 188
108.7317 2340.0 188
109.0778 2328.0 188
109.4348 2320.0 188
109.7809 2312.0 188
110.1215 2308.0 188
110.4675 2300.0 188
110.8081 2296.0 188
111.1542 2292.0 188
111.5112 2288.0 188
111.8573 2288.0 188
112.1979 2284.0 188
112.5439 2276.0 188
112.8900 2272.0 188
113.2306 2272.0 188
113.5767 2268.0 188
113.9337 2264.0 188
114.8401 1690.0 188
115.5927 1616.0 188
115.9332 1618.0 188
116.2793 1586.0 188
116.6199 1564.0 188
116.9824 1544.0 188
117.3724 1518.0 188
117.7185 1492.0 188
118.0756 1472.0 188
118.4216 1454.0 188
118.8116 1432.0 188
119.1687 1412.0 188
119.5148 1394.0 188
119.8553 1376.0 188
120.2618 1358.0 188
120.6079 1344.0 188
120.9485 1330.0 188
121.2946 1312.0 188
121.6406 1298.0 188
122.0416 1286.0 188
122.3877 1270.0 188
122.7338 1256.0 188
123.0743 1244.0 188
123.4369 1232.0 188
123.8269 1220.0 188
124.1675 1208.0 188
124.5300 1196.0 188
124.8706 1186.0 188
125.2167 1176.0 188
125.6232 1168.0 188
125.9637 1162.0 188
126.3098 1162.0 188
126.6559 1162.0 188
126.9965 1162.0 188
127.3425 1168.0 188
127.6392 1172.0 188
127.9797 1176.0 188
128.3258 1180.0 188
128.6719 1186.0 188
129.0125 1192.0 188
129.3585 1196.0 188
129.7156 1202.0 188
130.0616 1204.0 188
130.4022 1212.0 188
130.7483 1224.0 188
131.0889 1226.0 188
131.3855 1230.0 188
131.7316 1236.0 188
132.0776 1242.0 188
132.4182 1248.0 188
132.7643 1254.0 188
133.1049 1260.0 188
133.4509 1268.0 188
133.8080 1272.0 188
134.1541 1278.0 188
134.4946 1286.0 188
134.8407 1292.0 188
135.1373 1300.0 188
135.4834 1310.0 188
135.8240 1318.0 188
136.1700 1328.0 188
136.5106 1336.0 188
136.8567 1346.0 188
137.2028 1356.0 188
137.5598 1366.0 188
137.8400 1376.0 188
138.1860 1386.0 188
138.5266 1394.0 188
138.8727 1406.0 188
139.2297 1418.0 188
139.5758 1432.0 188
139.9219 1446.0 188
140.2020 1460.0 188
140.5591 1474.0 188
140.9052 1488.0 188
141.2457 1504.0 188
141.5918 1520.0 188
141.8884 1538.0 188
142.2290 1556.0 188
142.5751 1570.0 188
142.9211 1588.0 188
143.2617 1608.0 188
143.6078 1628.0 188
143.9044 1654.0 188
144.2450 1682.0 188
144.5911 1710.0 188
144.9371 1740.0 188
145.2338 1770.0 188
145.5743 1806.0 188
145.9204 1848.0 188
146.2610 1888.0 188
146.5576 1930.0 188
146.9037 1978.0 188
150.4962 10008.0 188
151.5894 7728.0 188
151.9354 7152.0 188
152.5616 9128.0 188
152.9187 9128.0 188
153.2648 9144.0 188
153.6053 9160.0 188
153.9514 9176.0 188
154.2920 9184.0 188
154.6381 9192.0 188
154.9841 9216.0 188
155.3247 9224.0 188
155.6873 9224.0 188
156.0278 9184.0 188
156.3739 9096.0 188
156.7145 9160.0 188
158.1042 9384.0 188
158.4503 9384.0 188
158.7964 9408.0 188
159.1370 9424.0 188
159.4830 9440.0 188
159.8236 9472.0 188
160.1697 9488.0 188
160.5103 9600.0 188
160.8728 9656.0 188
161.5594 9616.0 188
161.9055 9648.0 188
162.2461 9728.0 188
162.5922 9760.0 188
162.9327 9768.0 188
163.2788 9840.0 188
163.6359 9872.0 188
163.9819 9904.0 188
164.3280 9936.0 188
164.6686 9976.0 188
165.0146 9904.0 188
165.3552 9920.0 188
165.7013 9928.0 188
166.0419 9952.0 188
166.4044 10032.0 188
166.7450 10024.0 188
167.0911 10080.0 188
167.4371 10112.0 188
168.1238 9400.0 188
169.2773 5784.0 188
169.6234 5728.0 188
169.9640 5696.0 188
170.3101 5688.0 188
170.6561 5664.0 188
170.9967 5664.0 188
171.3428 5680.0 188
171.6998 5704.0 188
172.3865 5744.0 188
173.2489 17488.0 188
173.6060 17552.0 188
173.9520 17520.0 188
174.2926 17440.0 188
174.6387 17440.0 188
174.9792 17456.0 188
175.3253 17408.0 188
175.6714 17456.0 188
176.0120 17424.0 188
176.3745 17360.0 188
176.7151 17376.0 188
177.0612 17344.0 188
177.4017 17312.0 188
177.7478 17312.0 188
178.0884 17280.0 188
178.4344 17248.0 188
179.1376 12304.0 188
179.4836 12392.0 188
179.8242 12384.0 188
180.5109 12360.0 188
184.6362 1294.0 188
184.9823 1284.0 188
185.3229 1282.0 188
185.6689 1280.0 188
186.0150 1280.0 188
186.3556 1278.0 188
186.7017 1278.0 188
187.0587 1276.0 188
187.4048 1276.0 188
187.7454 1274.0 188
188.0914 1274.0 188
188.4375 1274.0 188
188.7781 1274.0 188
189.1241 1274.0 188
189.4647 1272.0 188
189.8273 1274.0 188
190.1678 1272.0 188
190.5139 1272.0 188
190.8545 1272.0 188
191.2006 1272.0 188
191.5466 1272.0 188
191.8872 1272.0 188
192.2498 1274.0 188
192.5903 1272.0 188
192.9364 1274.0 188
193.2770 1274.0 188
193.6230 1274.0 188
193.9636 1276.0 188
194.3097 1276.0 188
194.6558 1276.0 188
195.0128 1276.0 188
195.3589 1276.0 188
195.6995 1278.0 188
196.0455 1278.0 188
196.3861 1278.0 188
196.7322 1280.0 188
197.0728 1282.0 188
197.4353 1282.0 188
197.7759 1284.0 188
198.1219 1286.0 188
198.4680 1286.0 188
198.8086 1288.0 188
199.1547 1288.0 188
199.4952 1288.0 188
199.8413 1290.0 188
200.1984 1292.0 188
200.5444 1294.0 188
200.8246 1296.0 188
201.1707 1298.0 188
201.5277 1300.0 188
201.8738 1300.0 188
202.2144 1302.0 188
202.5604 1304.0 188
202.9010 1306.0 188
203.2471 1308.0 188
203.5931 1310.0 188
203.9502 1312.0 188
204.2963 1312.0 188
204.6368 1316.0 188
204.9829 1320.0 188
205.3235 1320.0 188
205.6696 1322.0 188
206.0156 1324.0 188
206.3562 1328.0 188
206.7188 1330.0 188
207.0593 1332.0 188
207.4054 1336.0 188
207.7460 1338.0 188
208.0920 1340.0 188
208.4326 1342.0 188
208.7787 1346.0 188
209.1357 1348.0 188
209.4818 1352.0 188
209.8279 1354.0 188
210.1685 1358.0 188
210.5145 1362.0 188
210.8551 1366.0 188
211.1517 1368.0 188
211.4978 1370.0 188
211.8384 1374.0 188
212.1844 1378.0 188
212.5305 1382.0 188
212.8711 1386.0 188
213.2336 1388.0 188
213.5742 1394.0 188
213.9203 1400.0 188
214.2609 1402.0 188
214.6069 1406.0 188
214.9530 1410.0 188
215.2936 1416.0 188
215.6561 1422.0 188
215.9967 1430.0 188
216.2769 1458.0 188
216.6229 1492.0 188
216.9635 1500.0 188
217.3260 1490.0 188
217.6666 1482.0 188
218.0127 1480.0 188
218.3588 1482.0 188
218.6993 1484.0 188
219.0454 1488.0 188
219.3860 1494.0 188
219.7485 1498.0 188
220.0891 1502.0 188
220.4352 1508.0 188
220.7813 1516.0 188
221.1218 1522.0 188
221.4679 1526.0 188
221.8085 1530.0 188
222.1051 1538.0 188
222.4512 1544.0 188
222.7917 1552.0 188
223.1378 1558.0 188
223.4949 1564.0 188
223.8409 1572.0 188
224.1870 1580.0 188
224.5276 1588.0 188
224.8737 1596.0 188
225.2142 1604.0 188
225.5603 1612.0 188
225.9174 1616.0 188
226.2634 1624.0 188
226.6040 1634.0 188
226.8896 1642.0 188
227.2467 1650.0 188
227.5928 1660.0 188
227.9333 1666.0 188
228.2794 1676.0 188
228.6200 1686.0 188
228.9661 1696.0 188
229.3121 1706.0 188
229.6692 1714.0 188
230.0153 1724.0 188
230.3558 1734.0 188
230.7019 1744.0 188
231.0425 1752.0 188
231.3391 1762.0 188
231.6852 1774.0 188
232.0313 1784.0 188
232.3718 1796.0 188
232.7179 1808.0 188
233.0585 1822.0 188
233.4210 1832.0 188
233.7616 1846.0 188
234.1077 1858.0 188
234.4482 1870.0 188
234.7943 1882.0 188
235.0909 1892.0 188
235.4370 1902.0 188
235.7776 1914.0 188
236.1237 1930.0 188
236.4642 1948.0 188
236.8103 1966.0 188
237.1674 1994.0 188
237.5134 1996.0 188
237.8540 1976.0 188
238.2001 1968.0 188
238.5461 1960.0 188
238.8867 1950.0 188
239.2328 1940.0 188
239.5898 1930.0 188
239.9359 1924.0 188
240.2765 1912.0 188
240.6226 1904.0 188
240.9686 1896.0 188
241.3696 1888.0 188
241.7157 1878.0 188
242.0618 1872.0 188
242.4023 1864.0 188
242.7649 1856.0 188
243.1055 1848.0 188
243.4515 1838.0 188
243.7921 1828.0 188
244.1382 1826.0 188
244.4843 1818.0 188
244.8248 1810.0 188
245.1874 1808.0 188
245.5280 1800.0 188
245.8740 1792.0 188
246.2146 1786.0 188
246.5607 1778.0 188
246.9012 1772.0 188
247.2473 1768.0 188
247.6044 1762.0 188
247.9999 1754.0 188
248.3405 1750.0 188
248.7030 1744.0 188
249.0436 1734.0 188
249.3896 1730.0 188
249.7302 1724.0 188
250.7629 1720.0 188
251.1694 1594.0 188
251.8561 1636.0 188
252.8394 1698.0 188
253.8885 1678.0 188
254.5752 1662.0 188
254.9213 1654.0 188
255.2618 1648.0 188
255.6079 1644.0 188
255.9650 1640.0 188
256.3550 1636.0 188
257.0416 1634.0 188
258.3710 1224.0 188
259.3433 1260.0 188
260.4968 1596.0 188
260.8429 1592.0 188
261.1835 1590.0 188
261.5295 1586.0 188
261.8701 1584.0 188
262.2162 1584.0 188
262.5623 1584.0 188
262.9028 1592.0 188
263.2654 1584.0 188
263.6060 1570.0 188
263.9520 1568.0 188
264.2926 1566.0 188
264.6387 1564.0 188
264.9792 1564.0 188
265.3253 1560.0 188
265.6714 1560.0 188
266.0120 1558.0 188
266.3580 1556.0 188
266.6986 1554.0 188
267.0447 1550.0 188
267.3853 1550.0 188
267.7313 1550.0 188
268.0774 1558.0 188
268.4180 1554.0 188
268.7805 1544.0 188
269.1211 1544.0 188
269.4672 1542.0 188
269.8077 1542.0 188
270.1538 1540.0 188
270.4999 1538.0 188
270.9009 1536.0 188
271.2469 1536.0 188
271.5930 1534.0 188
271.9336 1532.0 188
272.5598 1538.0 188
273.0103 1446.0 188
273.3728 1438.0 188
273.7134 1442.0 188
274.6857 1450.0 188
275.0262 1528.0 188
275.3723 1524.0 188
275.7184 1524.0 188
276.7621 1526.0 188
277.1082 1524.0 188
277.4487 1524.0 188
277.7948 1526.0 188
278.1354 1524.0 188
278.4814 1524.0 188
278.8275 1526.0 188
279.1077 1538.0 188
279.4482 1538.0 188
279.8547 1528.0 188
280.2008 1528.0 188
280.5469 1528.0 188
280.8875 1528.0 188
281.2335 1530.0 188
281.5741 1530.0 188
281.9366 1530.0 188
282.2772 1532.0 188
282.6233 1532.0 188
282.9639 1532.0 188
283.3099 1534.0 188
283.5901 1538.0 188
283.9362 1538.0 188
284.2767 1540.0 188
284.6228 1550.0 188
284.9634 1548.0 188
285.3259 1538.0 188
285.6665 1542.0 188
286.0126 1546.0 188
286.3586 1544.0 188
286.6992 1544.0 188
287.0453 1548.0 188
287.3859 1550.0 188
287.7319 1552.0 188
288.0780 1554.0 188
288.4186 1556.0 188
288.7646 1560.0 188
289.1052 1562.0 188
289.4513 1562.0 188
289.7919 1568.0 188
290.1544 1580.0 188
290.4950 1576.0 188
290.8411 1566.0 188
291.1871 1570.0 188
291.5277 1574.0 188
291.8738 1578.0 188
292.2144 1580.0 188
292.5604 1582.0 188
292.9175 1586.0 188
293.2635 1588.0 188
293.6041 1592.0 188
293.9502 1596.0 188
294.2963 1598.0 188
294.6368 1602.0 188
294.9829 1604.0 188
295.3235 1616.0 188
295.6860 1616.0 188
296.0266 1612.0 188
296.3727 1616.0 188
296.7188 1620.0 188
297.0593 1624.0 188
297.4054 1626.0 188
297.7460 1630.0 188
298.0920 1634.0 188
298.4491 1638.0 188
298.7292 1640.0 188
299.0753 1644.0 188
299.4214 1648.0 188
299.7784 1654.0 188
300.1245 1666.0 188
300.4651 1670.0 188
300.8112 1644.0 188
301.5582 1538.0 188
301.9482 1536.0 188
302.3108 1536.0 188
302.5909 1542.0 188
302.9370 1552.0 188
303.5742 1698.0 188
303.9203 1708.0 188
304.2609 1712.0 188
304.6069 1718.0 188
304.9530 1728.0 188
305.6561 1732.0 188
306.2769 1284.0 188
306.6229 1278.0 188
306.9635 1272.0 188
307.3096 1272.0 188
307.6556 1276.0 188
307.9962 1278.0 188
309.0454 1284.0 188
309.3860 1814.0 188
309.7485 1812.0 188
310.0891 1820.0 188
310.4352 1826.0 188
310.7813 1832.0 188
311.1218 1840.0 188
311.4679 1846.0 188
311.8085 1854.0 188
312.1545 1862.0 188
312.5116 1870.0 188
312.8577 1884.0 188
313.1982 1890.0 188
313.4839 1894.0 188
313.8409 1902.0 188
314.1870 1914.0 188
314.5276 1922.0 188
314.8737 1930.0 188
315.2142 1942.0 188
315.5603 1952.0 188
315.9009 1958.0 188
316.2469 1966.0 188
316.6040 1980.0 188
316.9501 1994.0 188
317.2961 2000.0 188
317.6367 2010.0 188
317.9828 2020.0 188
318.3234 2026.0 188
318.6694 2036.0 188
319.0155 2048.0 188
319.3121 2064.0 188
319.6527 2080.0 188
319.9988 2084.0 188
320.3394 2092.0 188
320.6854 2104.0 188
321.0425 2116.0 188
321.3885 2128.0 188
321.7291 2140.0 188
322.0752 2156.0 188
322.4213 2172.0 188
322.7618 2184.0 188
323.1079 2196.0 188
323.4485 2208.0 188
323.8110 2224.0 188
324.0912 2240.0 188
324.4373 2260.0 188
325.1239 2252.0 188
325.5304 2128.0 188
325.8710 2132.0 188
326.2170 2140.0 188
326.8542 2344.0 188
327.2003 2376.0 188
327.5464 2396.0 188
327.8870 2420.0 188
328.2495 2436.0 188
328.5901 2452.0 188
328.8702 2468.0 188
329.2163 2480.0 188
329.5734 2504.0 188
330.2655 2528.0 188
330.6555 2384.0 188
331.3586 2384.0 188
331.8091 1960.0 188
332.1552 1958.0 188
332.4957 1964.0 188
333.5449 1972.0 188
333.6548 2768.0 188
334.0118 2796.0 188
334.3579 2824.0 188
334.6985 2856.0 188
335.0446 2876.0 188
335.3906 2904.0 188
335.7312 2940.0 188
336.5936 2216.0 188
336.9342 2216.0 188
337.6373 2224.0 188
338.0933 3148.0 188
338.4503 3180.0 188
338.7964 3220.0 188
339.1370 3256.0 188
339.4830 3296.0 188
339.8236 3336.0 188
340.5103 3160.0 188
340.8563 3164.0 188
341.5594 3412.0 188
341.9055 3368.0 188
342.2461 3360.0 188
342.5922 3348.0 188
342.9327 3332.0 188
343.2788 3320.0 188
343.6249 3312.0 188
343.9819 3300.0 188
344.3280 3288.0 188
344.6686 3264.0 188
345.4211 3040.0 188
345.7617 3048.0 188
346.3879 3324.0 188
346.7450 3372.0 188
347.0911 3432.0 188
347.4371 3496.0 188
347.7173 3564.0 188
348.0743 3624.0 188
348.4204 3696.0 188
348.7610 3772.0 188
349.1071 3844.0 188
349.4531 3916.0 188
349.7937 3988.0 188
350.1398 4068.0 188
350.4364 4152.0 188
350.7770 4224.0 188
351.6998 7808.0 188
