#RPLIDAR SCAN DATA
#COUNT=786
#Angule	Distance	Quality
352.3590 5672.0 188
352.9358 8312.0 188
353.2764 8256.0 188
353.6829 8168.0 188
354.0289 8072.0 188
354.3750 8080.0 188
355.4022 8048.0 188
357.8577 5648.0 188
358.1982 5632.0 188
358.5443 5552.0 188
358.8904 5504.0 188
359.2310 5496.0 188
359.5770 5504.0 188
359.9176 5552.0 188
0.6042 5600.0 188
1.0107 4464.0 188
1.3568 4472.0 188
1.7029 4472.0 188
2.0435 4472.0 188
2.3895 4472.0 188
2.7301 4480.0 188
3.0762 4480.0 188
3.4167 4488.0 188
3.7628 4488.0 188
4.1089 4480.0 188
4.4495 4488.0 188
4.7955 4488.0 188
5.1361 4488.0 188
5.4822 4496.0 188
5.8228 4496.0 188
6.1688 4496.0 188
6.5149 4496.0 188
6.8555 4496.0 188
7.2015 4504.0 188
7.5421 4504.0 188
7.8882 4504.0 188
8.2343 4512.0 188
8.5748 4512.0 188
8.9209 4512.0 188
9.2615 4520.0 188
9.6075 4528.0 188
9.9481 4528.0 188
10.2777 4536.0 188
10.6238 4536.0 188
10.9644 4536.0 188
11.3104 4544.0 188
11.6510 4552.0 188
11.9971 4560.0 188
12.3431 4560.0 188
12.6837 4568.0 188
13.0298 4584.0 188
13.3868 4584.0 188
13.7329 4592.0 188
14.0735 4600.0 188
14.4196 4608.0 188
14.7656 4624.0 188
15.1062 4632.0 188
15.4523 4632.0 188
15.7928 4640.0 188
16.1389 4648.0 188
16.4795 4664.0 188
16.8256 4672.0 188
17.1716 4680.0 188
17.5122 4696.0 188
17.8583 4704.0 188
18.2153 4712.0 188
18.5614 4720.0 188
18.9020 4736.0 188
19.2480 4744.0 188
19.5886 4704.0 188
19.9347 4600.0 188
20.2808 4496.0 188
20.6213 4464.0 188
20.9674 4480.0 188
21.3080 4488.0 188
21.6541 4504.0 188
21.9946 4512.0 188
22.3407 4528.0 188
22.6868 4544.0 188
23.3899 4864.0 188
23.7305 4896.0 188
24.0765 4904.0 188
24.4171 4912.0 188
24.7028 4936.0 188
25.0433 4944.0 188
25.3894 4960.0 188
25.7465 4976.0 188
26.0925 4992.0 188
26.4331 4992.0 188
26.7792 5008.0 188
27.1198 5024.0 188
27.4658 5040.0 188
27.8119 5056.0 188
28.4985 5072.0 188
29.1852 5120.0 188
29.5313 5136.0 188
29.8718 5152.0 188
30.2179 5160.0 188
30.5750 5192.0 188
30.9210 5216.0 188
31.2616 5240.0 188
31.6077 5264.0 188
31.9482 5288.0 188
32.2943 5320.0 188
32.6404 5344.0 188
32.9810 5376.0 188
33.7775 3976.0 188
34.1235 3948.0 188
34.4641 3936.0 188
34.8267 3920.0 188
35.1672 3908.0 188
35.5133 3904.0 188
35.8594 3892.0 188
36.2000 3892.0 188
36.5460 3900.0 188
36.8866 3912.0 188
37.2327 3924.0 188
37.5732 3936.0 188
37.9193 3948.0 188
38.9520 3976.0 188
39.7650 8808.0 188
40.1056 8704.0 188
40.4517 8576.0 188
40.8087 8496.0 188
41.1548 8400.0 188
41.4954 8328.0 188
41.8414 8248.0 188
42.2314 8184.0 188
42.5775 8128.0 188
42.9346 8080.0 188
43.2806 8032.0 188
43.6212 8000.0 188
43.9673 7984.0 188
44.3079 7960.0 188
45.0000 6368.0 188
45.3406 6448.0 188
45.6866 6536.0 188
46.0272 6576.0 188
46.3733 6616.0 188
46.7139 6664.0 188
47.0599 6712.0 188
47.4060 6760.0 188
47.7466 6784.0 188
48.1091 6824.0 188
48.4497 6872.0 188
48.7958 6920.0 188
49.1364 6968.0 188
49.4824 7024.0 188
49.8230 7080.0 188
50.1691 7128.0 188
50.5151 7136.0 188
50.8557 7160.0 188
51.2018 7160.0 188
51.5424 7136.0 188
51.8884 7104.0 188
52.2290 7072.0 188
52.5751 7024.0 188
52.9211 6984.0 188
53.2617 6952.0 188
53.6078 6912.0 188
53.9484 6888.0 188
54.2944 6856.0 188
54.6405 6816.0 188
54.9811 6792.0 188
55.3271 6776.0 188
55.6677 6752.0 188
56.0138 6736.0 188
56.3708 6704.0 188
56.7169 6688.0 188
57.0575 6680.0 188
57.4036 6656.0 188
57.7496 6632.0 188
58.0902 6608.0 188
58.4363 6592.0 188
58.7769 6568.0 188
59.1229 6544.0 188
59.4635 6520.0 188
59.8096 6488.0 188
60.1556 6512.0 188
60.4962 6512.0 188
60.8423 6472.0 188
61.1829 6440.0 188
61.5289 6424.0 188
61.8750 6408.0 188
62.2156 6384.0 188
62.5616 6352.0 188
62.9022 6320.0 188
63.2483 6288.0 188
63.5889 6264.0 188
63.9349 6248.0 188
64.2810 6232.0 188
64.6216 6224.0 188
64.9841 6192.0 188
65.3247 6176.0 188
65.6708 6160.0 188
66.0608 6136.0 188
66.4014 6120.0 188
66.7474 6104.0 188
67.0935 6088.0 188
67.4341 6080.0 188
67.7802 6064.0 188
68.1207 6056.0 188
68.4833 6048.0 188
68.8239 6040.0 188
69.8566 6016.0 188
72.2626 5912.0 188
72.6086 5872.0 188
72.9492 5856.0 188
73.2953 5832.0 188
73.6359 5824.0 188
73.9819 5816.0 188
74.3280 5808.0 188
74.6686 5792.0 188
75.0146 5800.0 188
76.0419 5864.0 188
82.5732 5848.0 188
82.9193 5840.0 188
83.2654 5848.0 188
83.6060 5856.0 188
83.9520 5872.0 188
84.2926 5872.0 188
84.6387 5872.0 188
84.9792 5872.0 188
85.3253 5864.0 188
85.6714 5864.0 188
86.0120 5864.0 188
86.3580 5872.0 188
86.6986 5880.0 188
87.0447 5888.0 188
87.3853 5896.0 188
87.7313 5896.0 188
88.0609 5888.0 188
88.4015 5880.0 188
88.7476 5880.0 188
89.0936 5888.0 188
89.4342 5896.0 188
89.7803 5888.0 188
90.1208 5872.0 188
90.4669 5848.0 188
90.8075 5832.0 188
91.1536 5864.0 188
91.4996 5888.0 188
91.8402 5872.0 188
92.1863 5856.0 188
92.5269 5872.0 188
92.8729 5880.0 188
93.2135 5872.0 188
93.5596 5880.0 188
93.9056 5880.0 188
94.2462 5872.0 188
94.5758 5872.0 188
94.9219 5872.0 188
95.2625 5872.0 188
95.6085 5872.0 188
95.9491 5880.0 188
96.7017 4536.0 188
97.0422 4528.0 188
97.3883 4520.0 188
97.7344 4504.0 188
98.0750 4496.0 188
98.4045 4480.0 188
98.7451 4480.0 188
99.0912 4480.0 188
99.4373 4464.0 188
99.7778 4464.0 188
100.1239 4456.0 188
100.4645 4448.0 188
100.8105 4432.0 188
101.1511 4424.0 188
101.4972 4416.0 188
101.8433 4408.0 188
102.1838 4400.0 188
102.5299 4392.0 188
102.8705 4384.0 188
103.2166 4376.0 188
103.5571 4360.0 188
103.9032 4352.0 188
104.2493 4344.0 188
104.5898 4336.0 188
104.9194 4336.0 188
105.2655 4328.0 188
105.6061 4320.0 188
105.9521 4312.0 188
106.2927 4304.0 188
106.6388 4304.0 188
106.9794 4296.0 188
107.3254 4288.0 188
107.6715 4296.0 188
108.0121 4336.0 188
115.2136 4536.0 188
115.5597 4536.0 188
115.9058 4528.0 188
116.2463 4528.0 188
116.5924 4520.0 188
116.9330 4512.0 188
117.2791 4512.0 188
117.6196 4512.0 188
117.9657 4512.0 188
118.3118 4504.0 188
118.6523 4504.0 188
118.9984 4496.0 188
119.3390 4496.0 188
119.6851 4496.0 188
120.0311 4496.0 188
120.3717 4496.0 188
120.7178 4496.0 188
121.0583 4488.0 188
121.4044 4488.0 188
121.7450 4488.0 188
122.0911 4496.0 188
122.4207 4488.0 188
122.7612 4536.0 188
123.3435 6560.0 188
123.6841 6504.0 188
124.0302 6440.0 188
124.3707 6384.0 188
124.7168 6320.0 188
125.0574 6264.0 188
125.4034 6224.0 188
125.7495 6176.0 188
126.1560 6120.0 188
126.4966 6024.0 188
126.8427 5936.0 188
127.1667 5896.0 188
127.5128 5856.0 188
127.8589 5816.0 188
128.1995 5768.0 188
128.5455 5712.0 188
128.8861 5672.0 188
129.2322 5632.0 188
129.5728 5592.0 188
129.9188 5568.0 188
130.2649 5528.0 188
130.6055 5496.0 188
130.9515 5480.0 188
131.2921 5464.0 188
131.6382 5472.0 188
131.9843 5488.0 188
132.3248 5512.0 188
132.6709 5536.0 188
133.0115 5568.0 188
133.3575 5600.0 188
133.6981 5632.0 188
134.0442 5672.0 188
134.3903 5696.0 188
134.7308 5744.0 188
135.0769 5792.0 188
135.4175 5832.0 188
135.7635 5864.0 188
136.1041 5904.0 188
136.7963 5952.0 188
137.0764 7312.0 188
137.4170 7280.0 188
137.7631 7232.0 188
138.1091 7184.0 188
138.4497 7136.0 188
138.7958 7096.0 188
139.1364 7072.0 188
139.4824 7040.0 188
139.8230 7000.0 188
140.1691 6960.0 188
140.5151 6936.0 188
140.8557 6896.0 188
141.2018 6872.0 188
141.5424 6848.0 188
141.8884 6808.0 188
142.2290 6768.0 188
143.0310 4216.0 188
143.3716 4192.0 188
143.7177 4184.0 188
144.0582 4168.0 188
144.3878 4160.0 188
144.7339 4144.0 188
145.0745 4136.0 188
145.4205 4144.0 188
145.7611 4152.0 188
146.1072 4160.0 188
146.4478 4176.0 188
146.7938 4200.0 188
147.1399 4232.0 188
148.0573 7744.0 188
148.4033 7832.0 188
148.7494 7888.0 188
149.0900 7912.0 188
149.7162 9008.0 188
150.0623 9064.0 188
150.4028 9048.0 188
150.7489 9048.0 188
151.0895 9040.0 188
151.4355 9024.0 188
151.7761 8984.0 188
152.1222 8944.0 188
152.4683 8936.0 188
152.8088 8952.0 188
153.1549 9048.0 188
153.4955 9176.0 188
153.8416 9272.0 188
154.1821 9416.0 188
157.2144 13888.0 188
157.5604 13824.0 188
157.9010 13784.0 188
158.2471 13800.0 188
158.5931 13760.0 188
158.9337 13704.0 188
159.2798 13672.0 188
159.6204 13656.0 188
160.3125 13664.0 188
163.3392 25264.0 188
164.7620 13224.0 188
165.5145 10496.0 188
165.8551 10472.0 188
166.2012 10440.0 188
166.5417 10464.0 188
167.5745 10544.0 188
169.5740 14448.0 188
172.0898 6376.0 188
172.7765 6344.0 188
173.8092 7312.0 188
174.1553 7264.0 188
174.4958 7208.0 188
174.8419 7160.0 188
175.8582 7056.0 188
176.1987 7048.0 188
176.5448 7040.0 188
176.8854 6936.0 188
177.2314 6888.0 188
177.5775 6912.0 188
177.9181 6872.0 188
178.2642 6840.0 188
178.6047 6800.0 188
178.9508 6768.0 188
179.2969 6720.0 188
179.9835 6672.0 188
189.5416 2896.0 188
190.5743 2888.0 188
190.8710 3456.0 188
191.2170 3452.0 188
191.5576 3452.0 188
191.9037 3452.0 188
192.2498 3460.0 188
192.5903 3468.0 188
192.9364 3476.0 188
193.2770 3496.0 188
193.6230 3512.0 188
193.9032 3536.0 188
194.5898 3608.0 188
197.5781 5752.0 188
197.9187 5824.0 188
198.6053 5888.0 188
199.8083 3084.0 188
200.6708 5888.0 188
201.0114 5880.0 188
201.3574 5864.0 188
201.6980 5848.0 188
202.7307 5832.0 188
204.0436 6480.0 188
204.3896 6544.0 188
204.7302 6568.0 188
205.0763 6560.0 188
205.4169 6560.0 188
205.7629 6544.0 188
206.1090 6536.0 188
206.4496 6536.0 188
206.7957 6528.0 188
207.1362 6512.0 188
207.4823 6496.0 188
207.8229 6488.0 188
208.1689 6488.0 188
208.5150 6480.0 188
208.8556 6480.0 188
209.2017 6464.0 188
209.5422 6448.0 188
209.8883 6440.0 188
210.2344 6424.0 188
210.5750 6416.0 188
210.9210 6416.0 188
211.2616 6408.0 188
211.6077 6408.0 188
211.9482 6392.0 188
216.0736 7032.0 188
221.6382 5696.0 188
222.3248 5672.0 188
225.4175 5928.0 188
226.7963 5160.0 188
227.4829 5160.0 188
228.5156 5160.0 188
228.8562 5184.0 188
229.5428 5248.0 188
230.5756 5248.0 188
231.7786 12976.0 188
232.4652 12888.0 188
233.5583 12016.0 188
234.9371 12192.0 188
235.2173 12304.0 188
235.6238 12256.0 188
235.9644 12240.0 188
236.3104 12240.0 188
236.6510 12224.0 188
236.9971 12216.0 188
237.3431 12176.0 188
237.6837 12144.0 188
238.0298 12112.0 188
238.3704 12080.0 188
238.7164 12232.0 188
238.9966 12360.0 188
239.3427 12360.0 188
239.6832 12400.0 188
240.7159 12848.0 188
241.0620 12928.0 188
241.8585 7872.0 188
242.1991 7816.0 188
242.5452 7792.0 188
242.8857 7784.0 188
243.2318 7784.0 188
243.5779 7808.0 188
243.9185 7848.0 188
244.4952 12728.0 188
244.8413 12688.0 188
245.1874 12616.0 188
245.5280 12528.0 188
245.8740 12576.0 188
246.2146 12592.0 188
246.5607 12512.0 188
246.9012 12512.0 188
247.2473 12496.0 188
247.5934 12472.0 188
247.9340 12440.0 188
248.2800 12376.0 188
248.6206 12328.0 188
248.9667 12296.0 188
249.3567 12256.0 188
249.7028 12224.0 188
250.0433 12184.0 188
250.3894 12152.0 188
250.7300 12112.0 188
251.0760 12080.0 188
251.4166 12056.0 188
251.7627 12016.0 188
252.1088 11944.0 188
252.4493 11904.0 188
252.7954 11912.0 188
253.1360 11872.0 188
253.4821 11840.0 188
254.1687 11816.0 188
255.2014 10600.0 188
255.5420 10608.0 188
255.8881 10600.0 188
256.2341 10592.0 188
256.5747 10592.0 188
256.9208 10584.0 188
257.2449 10576.0 188
257.5909 10568.0 188
258.2776 9600.0 188
259.3103 9960.0 188
259.9969 10504.0 188
260.3430 10464.0 188
260.6836 10488.0 188
261.0297 10496.0 188
261.3702 10464.0 188
261.7163 10488.0 188
262.4030 10496.0 188
263.7762 10296.0 188
264.1223 10416.0 188
264.4684 10440.0 188
265.4956 10424.0 188
266.2921 5072.0 188
266.6382 5000.0 188
266.9843 4928.0 188
267.3743 4848.0 188
267.7148 4784.0 188
268.0609 4736.0 188
268.4015 4696.0 188
268.7476 4664.0 188
269.0936 4632.0 188
269.4342 4600.0 188
269.7803 4568.0 188
270.1208 4536.0 188
270.4669 4504.0 188
270.8075 4472.0 188
271.1536 4456.0 188
271.4996 4432.0 188
271.8402 4400.0 188
272.1863 4376.0 188
272.5269 4352.0 188
272.8729 4336.0 188
273.2135 4320.0 188
273.5596 4304.0 188
273.9056 4280.0 188
274.2462 4272.0 188
274.5923 4256.0 188
274.9329 4232.0 188
275.2789 4224.0 188
275.6250 4216.0 188
275.9656 4208.0 188
276.2952 4200.0 188
276.6357 4192.0 188
276.9818 4184.0 188
277.3279 4176.0 188
277.6685 4168.0 188
278.0145 4160.0 188
278.3551 4152.0 188
278.7012 4144.0 188
279.0417 4136.0 188
279.4043 4120.0 188
279.7449 4120.0 188
280.0909 4120.0 188
280.4370 4112.0 188
280.7776 4104.0 188
281.1676 4096.0 188
281.5137 4096.0 188
281.8542 4084.0 188
282.2003 4076.0 188
282.5464 4076.0 188
282.8870 4072.0 188
283.2330 4068.0 188
283.5736 4068.0 188
283.9197 4064.0 188
284.2603 4064.0 188
284.6063 4064.0 188
284.9524 4064.0 188
285.2930 4064.0 188
285.6390 4064.0 188
285.9796 4068.0 188
286.3257 4076.0 188
286.6718 4084.0 188
287.0123 4088.0 188
287.3584 4096.0 188
287.6550 4104.0 188
287.9956 4112.0 188
288.3417 4120.0 188
288.6823 4128.0 188
289.0283 4136.0 188
289.3744 4152.0 188
289.7150 4152.0 188
290.0610 4160.0 188
290.4016 4168.0 188
290.7477 4176.0 188
291.4343 4184.0 188
293.4338 5400.0 188
293.7799 5392.0 188
294.1205 5408.0 188
294.4666 5464.0 188
296.1365 6520.0 188
296.4825 6496.0 188
297.3395 3764.0 188
297.6855 3732.0 188
298.0261 3704.0 188
298.3722 3696.0 188
298.7183 3684.0 188
299.0588 3672.0 188
299.4049 3668.0 188
299.7455 3660.0 188
300.0916 3656.0 188
300.4321 3656.0 188
300.7782 3652.0 188
301.1243 3656.0 188
301.4648 3664.0 188
301.8109 3676.0 188
302.1515 3688.0 188
302.4976 3696.0 188
302.8436 3716.0 188
303.1842 3732.0 188
303.5303 3744.0 188
303.8708 3756.0 188
304.2169 3772.0 188
304.5575 3796.0 188
304.9036 3820.0 188
305.2496 3836.0 188
305.5902 3856.0 188
305.9363 3872.0 188
306.2769 3896.0 188
306.6229 3920.0 188
306.9635 3944.0 188
307.3096 3968.0 188
307.6556 3988.0 188
307.9962 4020.0 188
308.3423 4048.0 188
308.6829 4072.0 188
309.0289 4096.0 188
309.3091 4136.0 188
309.6552 4176.0 188
309.9957 4224.0 188
310.9790 5824.0 188
311.3251 5800.0 188
311.6711 5760.0 188
312.0117 5720.0 188
312.3578 5728.0 188
313.0444 5944.0 188
313.3905 5912.0 188
313.7311 5872.0 188
314.0771 5832.0 188
314.4177 5800.0 188
314.7638 5768.0 188
315.1044 5728.0 188
315.4504 5680.0 188
315.7965 5648.0 188
316.1371 5616.0 188
316.4832 5584.0 188
316.8237 5544.0 188
317.1698 5520.0 188
317.5104 5496.0 188
317.8564 5480.0 188
318.2025 5456.0 188
318.5431 5440.0 188
318.8892 5416.0 188
319.2297 5392.0 188
319.5758 5352.0 188
319.9219 5320.0 188
320.2625 5296.0 188
320.6085 5312.0 188
320.9491 5352.0 188
321.2952 5392.0 188
321.6248 5432.0 188
322.3114 5456.0 188
322.6080 7888.0 188
323.3386 5456.0 188
324.0308 5040.0 188
324.3713 5024.0 188
324.7174 5000.0 188
325.0580 4984.0 188
325.4041 4968.0 188
325.7446 4944.0 188
326.0907 4920.0 188
326.4972 4904.0 188
326.8433 4880.0 188
327.1838 4856.0 188
327.5299 4832.0 188
327.8705 4808.0 188
328.2166 4792.0 188
328.5571 4776.0 188
328.9032 4760.0 188
329.2493 4744.0 188
329.5898 4728.0 188
329.9359 4704.0 188
330.2765 4696.0 188
330.6226 4680.0 188
330.9686 4664.0 188
331.3092 4640.0 188
331.6553 4624.0 188
331.9958 4608.0 188
332.3419 4592.0 188
332.6825 4576.0 188
333.0286 4568.0 188
333.3746 4552.0 188
333.7152 4536.0 188
334.0613 4528.0 188
334.4019 4520.0 188
334.7479 4504.0 188
335.0885 4496.0 188
335.4346 4504.0 188
335.7806 4544.0 188
336.1212 4608.0 188
336.4673 4656.0 188
336.8079 4744.0 188
337.1539 4800.0 188
337.5000 4824.0 188
337.8406 4896.0 188
338.4668 6056.0 188
338.8074 6064.0 188
339.1534 6072.0 188
339.8401 6048.0 188
341.9055 5984.0 188
343.1085 3264.0 188
343.4491 3228.0 188
343.7952 3208.0 188
344.1357 3200.0 188
344.4818 3188.0 188
344.8279 3180.0 188
345.1685 3172.0 188
345.5145 3160.0 188
345.8551 3164.0 188
346.2012 3168.0 188
346.5308 3168.0 188
346.8713 3172.0 188
347.2174 3184.0 188
347.5580 3200.0 188
347.9041 3212.0 188
348.2446 3228.0 188
349.2773 3252.0 188
349.8102 5808.0 188
350.1563 5808.0 188
350.4968 5800.0 188
350.8429 5784.0 188
351.1835 5792.0 188
351.5295 5744.0 188
351.8701 5680.0 188
