#RPLIDAR SCAN DATA
#COUNT=912
#Angule	Distance	Quality
1.2030 5352.0 188
3.0267 4024.0 188
3.3728 3972.0 188
3.7134 3960.0 188
4.0594 3964.0 188
4.4055 3968.0 188
4.7626 3968.0 188
5.1086 3976.0 188
5.4492 3980.0 188
5.7953 3976.0 188
6.4819 3980.0 188
6.9324 2988.0 188
7.6245 2928.0 188
7.9651 3008.0 188
8.6517 2820.0 188
8.9978 2760.0 188
9.6405 3360.0 188
9.9811 3284.0 188
10.6677 3100.0 188
11.4203 2920.0 188
11.7609 2844.0 188
12.1069 2768.0 188
12.5134 2696.0 188
12.8540 2648.0 188
13.2001 2644.0 188
13.5461 2648.0 188
13.8867 2648.0 188
14.2328 2664.0 188
14.5734 2676.0 188
14.9194 2684.0 188
15.2655 2688.0 188
15.6061 2692.0 188
15.9521 2696.0 188
16.2927 2700.0 188
16.6388 2708.0 188
16.9794 2716.0 188
17.3419 2724.0 188
17.6825 2728.0 188
18.0286 2732.0 188
18.3087 2744.0 188
18.6548 2748.0 188
18.9954 2752.0 188
19.3414 2760.0 188
19.6875 2768.0 188
20.0281 2776.0 188
20.3741 2780.0 188
20.7312 2788.0 188
21.0773 2792.0 188
21.4178 2800.0 188
22.4341 1652.0 188
22.7802 1640.0 188
23.1866 1616.0 188
23.5272 1596.0 188
23.8733 1574.0 188
24.2139 1550.0 188
24.6204 1532.0 188
24.9664 1522.0 188
25.3125 1500.0 188
25.6531 1474.0 188
26.0156 1456.0 188
26.4056 1442.0 188
26.7627 1426.0 188
27.1088 1410.0 188
27.4493 1400.0 188
27.7954 1386.0 188
28.1360 1368.0 188
28.5425 1350.0 188
28.8885 1334.0 188
29.2456 1322.0 188
29.5917 1310.0 188
29.9323 1296.0 188
30.3387 1282.0 188
30.6848 1270.0 188
31.0309 1262.0 188
31.3715 1256.0 188
31.7340 1242.0 188
32.1240 1228.0 188
32.4646 1216.0 188
32.8271 1204.0 188
33.1677 1194.0 188
33.5138 1184.0 188
33.8544 1172.0 188
34.2609 1162.0 188
34.6069 1152.0 188
34.9530 1144.0 188
35.3101 1140.0 188
35.6561 1136.0 188
35.9967 1120.0 188
36.4032 1106.0 188
36.7493 1098.0 188
37.0898 1092.0 188
37.4359 1086.0 188
37.7930 1078.0 188
38.1390 1070.0 188
38.5455 1062.0 188
38.8861 1054.0 188
39.2322 1046.0 188
39.5728 1038.0 188
39.9188 1030.0 188
40.3253 1022.0 188
40.6714 1022.0 188
40.9680 1028.0 188
41.3745 1014.0 188
41.7151 998.0 188
42.0612 992.0 188
42.4017 986.0 188
42.8082 980.0 188
43.1543 974.0 188
43.5114 968.0 188
43.8574 962.0 188
44.1980 956.0 188
44.5441 950.0 188
44.8901 946.0 188
45.2966 940.0 188
45.6372 934.0 188
45.9833 930.0 188
46.3403 926.0 188
46.6864 920.0 188
47.0270 916.0 188
47.3730 920.0 188
48.0762 928.0 188
48.4662 896.0 188
48.8232 892.0 188
49.1693 886.0 188
49.5154 882.0 188
49.9219 878.0 188
50.2625 874.0 188
50.6085 870.0 188
50.9491 864.0 188
51.3116 862.0 188
51.6522 858.0 188
51.9983 854.0 188
52.3389 850.0 188
52.6849 848.0 188
53.0914 844.0 188
53.4375 840.0 188
53.7946 836.0 188
54.1406 832.0 188
54.4812 830.0 188
54.8273 826.0 188
55.1678 822.0 188
55.5304 824.0 188
55.8710 834.0 188
56.5576 840.0 188
56.9641 804.0 188
57.3102 802.0 188
57.6563 800.0 188
58.0133 798.0 188
58.3594 794.0 188
58.7604 792.0 188
59.1064 790.0 188
59.4525 786.0 188
59.7931 784.0 188
60.1392 782.0 188
60.4797 780.0 188
60.8258 778.0 188
61.1719 774.0 188
61.5125 772.0 188
61.8585 770.0 188
62.2650 768.0 188
62.6056 766.0 188
62.9517 762.0 188
63.2922 760.0 188
63.6548 758.0 188
63.9954 756.0 188
64.3414 752.0 188
64.6875 750.0 188
65.0281 750.0 188
65.3741 750.0 188
65.7147 756.0 188
66.0608 764.0 188
66.4014 766.0 188
67.1539 738.0 188
67.5000 738.0 188
67.8406 736.0 188
68.1866 736.0 188
68.5437 734.0 188
68.8898 732.0 188
69.2303 730.0 188
69.5764 728.0 188
69.9170 728.0 188
70.2631 726.0 188
70.6091 724.0 188
70.9497 724.0 188
71.3562 722.0 188
71.7023 720.0 188
72.0428 720.0 188
72.3889 718.0 188
72.7295 718.0 188
73.0920 716.0 188
73.4326 714.0 188
73.7787 714.0 188
74.1248 712.0 188
74.4653 712.0 188
74.8114 710.0 188
75.1520 710.0 188
75.4980 708.0 188
75.8386 708.0 188
76.1847 706.0 188
76.5417 706.0 188
76.8878 706.0 188
77.2339 710.0 188
77.5745 718.0 188
77.8546 724.0 188
78.5577 724.0 188
79.0137 700.0 188
79.3542 700.0 188
79.7003 700.0 188
80.0464 698.0 188
80.3870 698.0 188
80.7330 696.0 188
81.0736 696.0 188
81.4362 696.0 188
81.7767 696.0 188
82.1228 696.0 188
82.4634 696.0 188
82.8094 694.0 188
83.1555 694.0 188
83.4961 694.0 188
83.8422 694.0 188
84.1827 694.0 188
84.5453 692.0 188
84.8859 692.0 188
85.2319 692.0 188
85.5780 692.0 188
85.9186 692.0 188
86.2646 692.0 188
86.6052 692.0 188
86.9513 692.0 188
87.2919 692.0 188
87.6379 692.0 188
87.9950 692.0 188
88.3411 692.0 188
88.6871 692.0 188
89.0277 692.0 188
89.3738 692.0 188
89.7144 696.0 188
90.0110 706.0 188
90.3571 710.0 188
90.7031 710.0 188
91.0437 706.0 188
91.4502 696.0 188
91.7963 694.0 188
92.1368 694.0 188
92.4829 694.0 188
92.8235 694.0 188
93.1696 696.0 188
93.5156 696.0 188
93.8562 696.0 188
94.2023 696.0 188
94.5593 696.0 188
94.9054 698.0 188
95.2460 698.0 188
95.5920 698.0 188
95.9326 698.0 188
96.2787 700.0 188
96.6248 700.0 188
96.9653 700.0 188
97.3114 702.0 188
97.6080 704.0 188
98.0145 702.0 188
98.2947 704.0 188
98.6353 706.0 188
98.9813 706.0 188
99.3274 706.0 188
99.6844 706.0 188
100.0305 708.0 188
100.3711 710.0 188
100.7172 710.0 188
101.0577 712.0 188
101.4038 712.0 188
101.7499 714.0 188
102.0465 724.0 188
102.3871 734.0 188
102.7332 738.0 188
103.0737 734.0 188
103.4802 722.0 188
103.8263 716.0 188
104.1669 718.0 188
104.5129 720.0 188
104.8590 722.0 188
105.1996 722.0 188
105.4962 724.0 188
105.8423 724.0 188
106.1829 726.0 188
106.5289 728.0 188
106.8750 728.0 188
107.2156 730.0 188
107.5616 732.0 188
107.9022 734.0 188
108.2648 736.0 188
108.6053 738.0 188
108.9514 738.0 188
109.2920 740.0 188
109.6381 742.0 188
109.9841 744.0 188
110.2808 746.0 188
110.6213 746.0 188
110.9674 748.0 188
111.3080 750.0 188
111.6541 752.0 188
111.9946 754.0 188
112.3407 756.0 188
112.6868 758.0 188
113.0273 760.0 188
113.3240 770.0 188
113.6700 786.0 188
114.0106 790.0 188
114.3567 780.0 188
114.7028 774.0 188
115.0433 776.0 188
115.4059 778.0 188
115.7465 780.0 188
116.0925 782.0 188
116.4331 786.0 188
116.7792 788.0 188
117.1198 792.0 188
117.4219 794.0 188
117.7625 796.0 188
118.1085 798.0 188
118.4491 802.0 188
118.7952 804.0 188
119.1357 808.0 188
119.4818 810.0 188
119.8279 812.0 188
120.1685 816.0 188
120.5310 818.0 188
120.8112 822.0 188
121.1517 824.0 188
121.4978 828.0 188
121.8384 832.0 188
122.1844 834.0 188
122.8876 838.0 188
123.1677 864.0 188
123.5138 854.0 188
123.8544 852.0 188
124.2169 854.0 188
124.5575 858.0 188
124.9036 862.0 188
125.2496 866.0 188
125.5902 870.0 188
125.9363 874.0 188
126.2769 878.0 188
126.5625 882.0 188
126.9196 886.0 188
127.2656 890.0 188
127.6062 894.0 188
127.9523 900.0 188
128.2928 904.0 188
128.6389 906.0 188
128.9795 910.0 188
129.2651 916.0 188
129.6057 920.0 188
129.9518 926.0 188
130.2924 930.0 188
130.6549 944.0 188
130.9351 952.0 188
131.2811 950.0 188
131.6217 954.0 188
131.9678 956.0 188
132.3083 962.0 188
132.6544 968.0 188
132.9950 974.0 188
133.3411 978.0 188
133.6377 986.0 188
133.9838 992.0 188
134.3243 998.0 188
134.6704 1004.0 188
135.0110 1010.0 188
135.3571 1018.0 188
135.7031 1024.0 188
135.9998 1028.0 188
136.3403 1036.0 188
136.6864 1052.0 188
137.0270 1062.0 188
137.3730 1062.0 188
137.7136 1064.0 188
137.9993 1070.0 188
138.3398 1078.0 188
138.6859 1088.0 188
139.0265 1096.0 188
139.3890 1104.0 188
139.7296 1110.0 188
140.0153 1118.0 188
140.3558 1126.0 188
140.7019 1136.0 188
141.0425 1144.0 188
141.3885 1156.0 188
141.6852 1172.0 188
142.0313 1182.0 188
142.3718 1186.0 188
142.7179 1194.0 188
143.0585 1204.0 188
143.4045 1214.0 188
143.7451 1224.0 188
144.0417 1232.0 188
144.3878 1244.0 188
144.7339 1256.0 188
145.0745 1266.0 188
145.4205 1278.0 188
145.7007 1296.0 188
146.0468 1310.0 188
146.3873 1316.0 188
146.7334 1328.0 188
147.0740 1340.0 188
147.4200 1356.0 188
147.7167 1368.0 188
148.0573 1380.0 188
148.4033 1394.0 188
148.7494 1408.0 188
149.0900 1430.0 188
149.3866 1450.0 188
149.7327 1460.0 188
150.0732 1474.0 188
150.4193 1490.0 188
150.7654 1508.0 188
151.1060 1528.0 188
151.3861 1544.0 188
151.7322 1566.0 188
152.0728 1590.0 188
152.4188 1602.0 188
152.7759 1618.0 188
153.0615 1640.0 188
153.4021 1658.0 188
153.7482 1682.0 188
154.0887 1710.0 188
154.4348 1736.0 188
154.7809 1754.0 188
155.0775 1774.0 188
155.4181 1798.0 188
155.7642 1824.0 188
156.1047 1852.0 188
156.4508 1882.0 188
156.7310 1912.0 188
157.0935 1940.0 188
157.4341 1972.0 188
157.7802 2008.0 188
158.1207 2036.0 188
158.4009 2056.0 188
158.8074 2034.0 188
159.1534 2000.0 188
159.4995 1992.0 188
159.8401 1988.0 188
160.1862 1982.0 188
160.5267 1976.0 188
160.8728 1972.0 188
161.2134 1968.0 188
161.5594 1964.0 188
161.9055 1958.0 188
162.2461 1958.0 188
162.5922 1952.0 188
162.9327 1946.0 188
163.2788 1944.0 188
163.6249 1938.0 188
163.9819 1936.0 188
164.3280 1936.0 188
164.6686 1934.0 188
165.0146 1930.0 188
165.3552 1930.0 188
165.7013 1930.0 188
166.0419 1934.0 188
166.3879 1940.0 188
166.7340 1954.0 188
167.0746 1974.0 188
167.4207 2006.0 188
168.4039 2136.0 188
172.0898 7024.0 188
173.1226 7176.0 188
174.1553 7360.0 188
174.4958 7352.0 188
174.8419 7368.0 188
175.1825 7360.0 188
175.5286 7352.0 188
175.8746 7352.0 188
176.2152 7336.0 188
176.5613 7328.0 188
176.9019 7304.0 188
177.2479 7304.0 188
177.5885 7328.0 188
177.9346 7328.0 188
178.2916 7320.0 188
178.6377 7328.0 188
178.9838 7344.0 188
179.3243 7328.0 188
179.6704 7336.0 188
180.0110 7344.0 188
180.3571 7360.0 188
180.7031 7368.0 188
181.0437 7360.0 188
181.3898 7352.0 188
182.4170 7360.0 188
183.1091 7320.0 188
183.4497 7328.0 188
184.4824 7368.0 188
187.7014 4808.0 188
189.7614 4272.0 188
190.9204 3500.0 188
191.2610 3428.0 188
191.9531 3244.0 188
192.2937 3172.0 188
192.6398 3088.0 188
193.0463 3012.0 188
193.3868 2940.0 188
193.7329 2872.0 188
194.0735 2808.0 188
194.4360 2744.0 188
194.8260 2684.0 188
195.1666 2636.0 188
195.5127 2592.0 188
196.2158 2552.0 188
196.6058 2448.0 188
196.9519 2452.0 188
197.2485 2464.0 188
197.5891 2476.0 188
197.9352 2492.0 188
198.2813 2504.0 188
198.6218 2492.0 188
199.3250 2608.0 188
199.6710 2596.0 188
200.0116 2596.0 188
200.3577 2604.0 188
200.6982 2608.0 188
201.0443 2612.0 188
201.3904 2620.0 188
201.7310 2628.0 188
202.0770 2636.0 188
202.4176 2640.0 188
202.7802 2648.0 188
203.1207 2656.0 188
203.4668 2660.0 188
203.8074 2664.0 188
204.1534 2668.0 188
204.4995 2680.0 188
205.4663 1684.0 188
205.8124 1670.0 188
206.1530 1650.0 188
206.5594 1630.0 188
206.9055 1610.0 188
207.2461 1590.0 188
207.5922 1574.0 188
207.9492 1554.0 188
208.2953 1540.0 188
208.6853 1528.0 188
209.0259 1512.0 188
209.3884 1496.0 188
209.7290 1480.0 188
210.0751 1464.0 188
210.4211 1448.0 188
210.8276 1434.0 188
211.1682 1420.0 188
211.5143 1404.0 188
211.8549 1390.0 188
212.2009 1378.0 188
212.6074 1364.0 188
212.9480 1356.0 188
213.2941 1346.0 188
213.6401 1332.0 188
213.9807 1322.0 188
214.3268 1310.0 188
214.6674 1298.0 188
215.0739 1288.0 188
215.4199 1276.0 188
215.7605 1266.0 188
216.1066 1256.0 188
216.4526 1244.0 188
216.7932 1234.0 188
217.1997 1224.0 188
217.5458 1218.0 188
217.8864 1212.0 188
218.2324 1204.0 188
218.5895 1192.0 188
218.9355 1184.0 188
219.2761 1174.0 188
219.6716 1166.0 188
220.0287 1158.0 188
220.3748 1152.0 188
220.7153 1142.0 188
221.0614 1136.0 188
221.4020 1128.0 188
221.7480 1122.0 188
222.1545 1116.0 188
222.4951 1108.0 188
222.8412 1102.0 188
223.1873 1094.0 188
223.5278 1088.0 188
223.8739 1080.0 188
224.2145 1074.0 188
224.6210 1068.0 188
224.9670 1062.0 188
225.3076 1056.0 188
225.6537 1050.0 188
225.9998 1046.0 188
226.3568 1040.0 188
226.7029 1034.0 188
227.0435 1028.0 188
227.4335 1024.0 188
227.7960 1018.0 188
228.1366 1012.0 188
228.4827 1006.0 188
228.8232 1002.0 188
229.1693 998.0 188
229.5154 992.0 188
229.8560 988.0 188
230.2625 982.0 188
230.6085 978.0 188
230.9491 974.0 188
231.2952 970.0 188
231.6357 966.0 188
231.9818 960.0 188
232.3279 956.0 188
232.6685 952.0 188
233.0145 948.0 188
233.4210 944.0 188
233.7616 940.0 188
234.1077 936.0 188
234.4482 932.0 188
234.8108 930.0 188
235.1514 926.0 188
235.4974 922.0 188
235.8435 918.0 188
236.1841 914.0 188
236.5302 912.0 188
236.9366 908.0 188
237.2772 904.0 188
237.6233 900.0 188
237.9639 898.0 188
238.3099 896.0 188
238.6560 892.0 188
238.9966 890.0 188
239.3427 888.0 188
239.6832 884.0 188
240.0458 880.0 188
240.4358 878.0 188
240.7764 876.0 188
241.1224 874.0 188
241.4685 870.0 188
241.8256 868.0 188
242.1716 864.0 188
242.5122 862.0 188
242.8583 860.0 188
243.1989 858.0 188
243.5449 856.0 188
243.8855 854.0 188
244.2316 850.0 188
244.5776 848.0 188
244.9841 846.0 188
245.3247 844.0 188
245.6708 842.0 188
246.0114 840.0 188
246.3574 838.0 188
246.6980 836.0 188
247.0605 834.0 188
247.4011 832.0 188
247.7472 832.0 188
248.0933 828.0 188
248.4338 826.0 188
248.7799 824.0 188
249.1205 822.0 188
249.4666 822.0 188
249.8071 820.0 188
250.2136 818.0 188
250.5597 816.0 188
250.9058 814.0 188
251.2463 812.0 188
251.5924 812.0 188
251.9330 810.0 188
252.2955 810.0 188
252.6361 808.0 188
252.9822 806.0 188
253.3228 806.0 188
253.6688 804.0 188
254.0149 802.0 188
254.3555 802.0 188
254.7015 800.0 188
255.0421 800.0 188
255.3882 798.0 188
255.7343 798.0 188
256.0913 796.0 188
256.4374 796.0 188
256.7780 794.0 188
257.1240 794.0 188
257.5305 792.0 188
257.8711 790.0 188
258.2172 790.0 188
258.5577 788.0 188
258.9038 788.0 188
259.2499 788.0 188
259.5905 786.0 188
259.9365 786.0 188
260.2771 786.0 188
260.6232 786.0 188
260.9637 784.0 188
261.3098 784.0 188
261.6559 784.0 188
261.9965 782.0 188
262.3425 782.0 188
262.6831 782.0 188
263.0292 782.0 188
263.3698 782.0 188
263.7158 782.0 188
264.0619 780.0 188
264.4025 780.0 188
264.7485 780.0 188
265.0891 780.0 188
265.4352 780.0 188
265.7922 778.0 188
266.1383 778.0 188
266.4844 778.0 188
266.8250 778.0 188
267.1710 778.0 188
267.5116 778.0 188
267.8577 778.0 188
268.1982 778.0 188
268.5443 778.0 188
268.8904 778.0 188
269.2310 778.0 188
269.5770 778.0 188
269.9176 780.0 188
270.2637 780.0 188
270.6042 778.0 188
270.9503 780.0 188
271.2964 780.0 188
271.6370 780.0 188
271.9830 780.0 188
272.3236 780.0 188
272.6697 780.0 188
273.0103 780.0 188
273.3563 782.0 188
273.7024 782.0 188
274.0594 782.0 188
274.4055 784.0 188
274.7461 784.0 188
275.0922 784.0 188
275.4327 786.0 188
275.7788 786.0 188
276.1249 786.0 188
276.4655 786.0 188
276.8115 788.0 188
277.1521 788.0 188
277.4982 790.0 188
277.8387 790.0 188
278.1848 792.0 188
278.5309 792.0 188
278.8715 792.0 188
279.1681 794.0 188
279.5142 794.0 188
279.8547 796.0 188
280.2008 796.0 188
280.5469 798.0 188
280.8875 800.0 188
281.2335 800.0 188
281.5741 802.0 188
281.9202 802.0 188
282.2607 804.0 188
282.6068 804.0 188
282.9529 806.0 188
283.2935 808.0 188
283.6395 808.0 188
283.9801 810.0 188
284.3262 812.0 188
284.6667 812.0 188
285.0128 814.0 188
285.3589 816.0 188
285.6995 818.0 188
286.0455 818.0 188
286.3422 820.0 188
286.6827 822.0 188
287.0288 824.0 188
287.3749 826.0 188
287.7155 828.0 188
288.0615 828.0 188
288.4021 830.0 188
288.7482 832.0 188
289.0887 834.0 188
289.4348 836.0 188
289.7809 838.0 188
290.1215 840.0 188
290.4675 842.0 188
290.8246 846.0 188
291.1047 848.0 188
291.4508 848.0 188
291.7969 850.0 188
292.1375 854.0 188
292.5000 856.0 188
292.8406 858.0 188
293.1866 860.0 188
293.5272 862.0 188
293.8733 866.0 188
294.2139 868.0 188
294.5599 870.0 188
294.9170 872.0 188
295.2631 876.0 188
295.6091 878.0 188
295.8893 882.0 188
296.2463 884.0 188
296.5924 886.0 188
296.9330 888.0 188
297.2791 892.0 188
297.6196 894.0 188
297.9657 898.0 188
298.3118 902.0 188
298.6523 906.0 188
299.0149 908.0 188
299.2950 912.0 188
299.6356 914.0 188
299.9817 918.0 188
300.3387 922.0 188
300.6848 926.0 188
301.0309 928.0 188
301.3715 930.0 188
301.7175 934.0 188
302.0581 938.0 188
302.4042 942.0 188
302.7008 948.0 188
303.0469 950.0 188
303.3875 954.0 188
303.7335 958.0 188
304.0741 962.0 188
304.4366 966.0 188
304.7772 972.0 188
305.1233 976.0 188
305.4639 980.0 188
305.7605 984.0 188
306.1066 988.0 188
306.4526 992.0 188
306.7932 996.0 188
307.1393 1002.0 188
307.4799 1008.0 188
307.8259 1012.0 188
308.1665 1018.0 188
308.5291 1022.0 188
308.8092 1028.0 188
309.1553 1034.0 188
309.4958 1038.0 188
309.8584 1042.0 188
310.1990 1048.0 188
310.5450 1054.0 188
310.8856 1060.0 188
311.2317 1066.0 188
311.5283 1074.0 188
311.8744 1078.0 188
312.2150 1084.0 188
312.5610 1092.0 188
312.9016 1098.0 188
313.2477 1106.0 188
313.5938 1112.0 188
313.9508 1116.0 188
314.2310 1124.0 188
314.5770 1132.0 188
314.9176 1138.0 188
315.2802 1146.0 188
315.6207 1154.0 188
315.9668 1162.0 188
316.3074 1168.0 188
316.6040 1178.0 188
316.9501 1186.0 188
317.2961 1194.0 188
317.6367 1202.0 188
317.9828 1210.0 188
318.3234 1218.0 188
318.6694 1226.0 188
318.9661 1236.0 188
319.3121 1244.0 188
319.6527 1254.0 188
319.9988 1264.0 188
320.3394 1274.0 188
320.7019 1284.0 188
321.0425 1294.0 188
321.3281 1304.0 188
321.6687 1316.0 188
322.0313 1324.0 188
322.3718 1334.0 188
322.7179 1346.0 188
323.0585 1358.0 188
323.3386 1368.0 188
323.7012 1380.0 188
324.0417 1392.0 188
324.3878 1404.0 188
324.7339 1416.0 188
325.0745 1428.0 188
325.4205 1440.0 188
325.7007 1454.0 188
326.0468 1464.0 188
326.4038 1476.0 188
327.0905 1490.0 188
328.0133 1728.0 188
328.3594 1740.0 188
328.9801 1766.0 188
330.8258 1618.0 188
331.1719 1614.0 188
332.1991 1616.0 188
333.1219 1870.0 188
333.7646 2046.0 188
334.1052 2040.0 188
334.4513 2034.0 188
334.7919 2030.0 188
335.1379 2026.0 188
335.4840 2020.0 188
335.8246 2014.0 188
336.1707 1998.0 188
337.2144 1980.0 188
338.7140 9416.0 188
339.7467 9392.0 188
340.4993 6184.0 188
340.8398 6192.0 188
341.1859 6240.0 188
341.8231 9416.0 188
346.6516 8864.0 188
346.9977 8872.0 188
347.3438 8904.0 188
348.0304 8912.0 188
349.0576 8896.0 188
