#RPLIDAR SCAN DATA
#COUNT=932
#Angule	Distance	Quality
1.9830 7448.0 188
2.3236 7416.0 188
3.3563 7448.0 188
4.3890 7416.0 188
5.4657 6128.0 188
5.8118 6096.0 188
6.4984 6096.0 188
9.7174 3712.0 188
10.7446 3620.0 188
11.9366 1596.0 188
12.2772 1560.0 188
12.6672 1518.0 188
13.0133 1478.0 188
13.4198 1442.0 188
13.7604 1406.0 188
14.1064 1372.0 188
14.5129 1338.0 188
14.8590 1306.0 188
15.2490 1278.0 188
15.5896 1248.0 188
15.9961 1220.0 188
16.3422 1192.0 188
16.7322 1166.0 188
17.0728 1146.0 188
17.4188 1124.0 188
17.8253 1102.0 188
18.1714 1082.0 188
18.5779 1062.0 188
18.9185 1042.0 188
19.3085 1024.0 188
19.6545 1006.0 188
19.9951 988.0 188
20.4016 970.0 188
20.7477 954.0 188
21.1377 942.0 188
21.4838 928.0 188
21.8243 912.0 188
22.2308 898.0 188
22.5769 884.0 188
22.9834 872.0 188
23.3240 860.0 188
23.7140 846.0 188
24.0601 834.0 188
24.4061 822.0 188
24.8071 810.0 188
25.1532 802.0 188
25.5432 792.0 188
25.8893 782.0 188
26.2299 770.0 188
26.6364 760.0 188
26.9824 752.0 188
27.3889 742.0 188
27.7295 732.0 188
28.0756 724.0 188
28.4821 716.0 188
28.8281 706.0 188
29.2181 700.0 188
29.5587 694.0 188
29.9213 684.0 188
30.3113 676.0 188
30.6519 670.0 188
31.0583 662.0 188
31.4044 656.0 188
31.7450 650.0 188
32.1515 642.0 188
32.4976 634.0 188
32.8876 628.0 188
33.2336 624.0 188
33.5907 620.0 188
33.9368 618.0 188
34.2773 616.0 188
34.6674 612.0 188
35.0134 610.0 188
35.3705 608.0 188
35.7166 608.0 188
36.0571 606.0 188
36.4032 604.0 188
36.7493 604.0 188
37.0898 604.0 188
37.4359 604.0 188
37.7765 604.0 188
38.1226 604.0 188
38.4686 606.0 188
38.8092 606.0 188
39.1553 606.0 188
39.4958 608.0 188
39.8419 608.0 188
40.1990 610.0 188
40.5450 612.0 188
40.8252 616.0 188
41.1713 618.0 188
41.5118 620.0 188
41.8579 624.0 188
42.1985 628.0 188
42.5446 630.0 188
42.8412 632.0 188
43.1873 636.0 188
43.5278 640.0 188
43.8739 642.0 188
44.2145 646.0 188
44.5111 650.0 188
44.8572 654.0 188
45.1978 658.0 188
45.5438 662.0 188
45.8240 666.0 188
46.1700 670.0 188
46.5271 672.0 188
46.8732 676.0 188
47.2137 682.0 188
47.4994 688.0 188
47.8400 690.0 188
48.1860 696.0 188
48.5266 702.0 188
48.8232 706.0 188
49.1693 712.0 188
49.5154 716.0 188
49.8560 722.0 188
50.1526 726.0 188
50.4987 730.0 188
50.8392 736.0 188
51.1853 742.0 188
51.4655 748.0 188
51.8115 754.0 188
52.5146 764.0 188
53.3716 834.0 188
53.7177 832.0 188
54.0582 828.0 188
54.4043 826.0 188
54.7449 822.0 188
55.1514 818.0 188
55.4974 816.0 188
55.8435 812.0 188
56.1841 808.0 188
56.5302 806.0 188
56.8707 804.0 188
57.2168 800.0 188
57.5574 798.0 188
57.9199 800.0 188
58.2605 808.0 188
58.6066 812.0 188
59.3427 784.0 188
59.6997 782.0 188
60.0458 778.0 188
60.3864 776.0 188
60.7324 774.0 188
61.0730 770.0 188
61.4685 768.0 188
61.8091 766.0 188
62.1552 764.0 188
62.4957 762.0 188
62.8418 758.0 188
63.1989 756.0 188
63.5449 754.0 188
63.8855 752.0 188
64.2316 750.0 188
64.5776 748.0 188
64.9182 746.0 188
65.3082 744.0 188
65.6543 742.0 188
65.9949 740.0 188
66.3409 738.0 188
66.6980 736.0 188
67.0441 734.0 188
67.3901 732.0 188
67.7307 730.0 188
68.0768 730.0 188
68.4174 734.0 188
68.7634 742.0 188
69.1040 744.0 188
69.4501 734.0 188
69.8401 720.0 188
70.2026 718.0 188
70.5432 716.0 188
70.8893 716.0 188
71.2299 714.0 188
71.5759 714.0 188
71.9165 712.0 188
72.2626 712.0 188
72.6086 710.0 188
72.9492 708.0 188
73.2953 708.0 188
73.6359 706.0 188
73.9819 706.0 188
74.3280 704.0 188
74.6686 704.0 188
75.0751 702.0 188
75.4211 702.0 188
75.7617 700.0 188
76.1078 700.0 188
76.4484 698.0 188
76.7944 696.0 188
77.1405 696.0 188
77.4811 694.0 188
77.8271 694.0 188
78.1677 692.0 188
78.5138 692.0 188
78.8544 692.0 188
79.2004 690.0 188
79.5465 690.0 188
79.8871 688.0 188
80.2332 690.0 188
80.5737 698.0 188
80.8704 704.0 188
81.5625 704.0 188
82.0129 682.0 188
82.3096 684.0 188
82.6556 684.0 188
83.0457 682.0 188
83.3862 682.0 188
83.7323 682.0 188
84.0729 682.0 188
84.4189 680.0 188
84.7650 680.0 188
85.1056 680.0 188
85.4517 680.0 188
85.8087 678.0 188
86.1548 678.0 188
86.4954 678.0 188
86.8414 678.0 188
87.1875 678.0 188
87.5281 676.0 188
87.8741 676.0 188
88.2147 676.0 188
88.5608 676.0 188
88.9014 676.0 188
89.2474 676.0 188
89.5935 676.0 188
89.9341 674.0 188
90.2802 674.0 188
90.6207 674.0 188
90.9668 674.0 188
91.3074 674.0 188
91.6534 674.0 188
91.9995 674.0 188
92.3401 674.0 188
93.0267 674.0 188
93.9056 736.0 188
94.2462 730.0 188
94.6362 722.0 188
94.9823 720.0 188
95.3229 722.0 188
95.6689 722.0 188
95.9491 724.0 188
96.2952 724.0 188
96.6357 724.0 188
96.9818 726.0 188
97.3279 726.0 188
97.6685 726.0 188
98.0145 726.0 188
98.3551 728.0 188
98.7012 728.0 188
99.0417 730.0 188
99.3878 732.0 188
99.9646 770.0 188
100.3107 774.0 188
100.6512 776.0 188
100.9973 776.0 188
101.3434 778.0 188
101.6840 778.0 188
102.0300 780.0 188
102.3706 780.0 188
102.7167 782.0 188
103.0573 784.0 188
103.4033 784.0 188
103.7494 786.0 188
104.0900 788.0 188
104.4196 788.0 188
104.7656 790.0 188
105.1062 792.0 188
105.4028 794.0 188
105.7489 794.0 188
106.0895 796.0 188
106.4355 798.0 188
106.7761 798.0 188
107.1222 800.0 188
107.4683 802.0 188
107.8088 804.0 188
108.1549 806.0 188
108.4955 806.0 188
108.8251 808.0 188
109.1711 810.0 188
109.5117 812.0 188
109.8578 814.0 188
110.1984 816.0 188
110.5444 818.0 188
110.8411 820.0 188
111.1871 820.0 188
111.5277 824.0 188
111.8738 824.0 188
112.2144 826.0 188
112.5604 830.0 188
112.9010 832.0 188
113.2471 834.0 188
113.5767 836.0 188
113.9172 838.0 188
114.2633 840.0 188
114.6094 844.0 188
114.9500 846.0 188
115.2466 850.0 188
115.5927 850.0 188
115.9332 852.0 188
116.2793 856.0 188
116.6199 858.0 188
116.9659 862.0 188
117.3120 864.0 188
117.6526 866.0 188
117.9822 870.0 188
118.3228 874.0 188
118.6688 876.0 188
118.9655 880.0 188
119.3115 882.0 188
119.6521 884.0 188
119.9982 886.0 188
120.3387 890.0 188
120.6848 894.0 188
121.0309 896.0 188
121.3715 900.0 188
121.7175 904.0 188
122.0581 908.0 188
122.3438 912.0 188
122.6843 914.0 188
123.0304 918.0 188
123.3710 920.0 188
123.7170 924.0 188
124.0576 928.0 188
124.4037 932.0 188
124.7498 936.0 188
125.0903 940.0 188
125.4364 944.0 188
125.7166 948.0 188
126.0571 954.0 188
126.4032 958.0 188
126.7493 960.0 188
127.0898 964.0 188
127.4359 970.0 188
127.7765 974.0 188
128.1226 980.0 188
128.4027 984.0 188
128.7488 990.0 188
129.0894 994.0 188
129.4354 1000.0 188
129.7760 1006.0 188
130.1221 1010.0 188
130.4681 1012.0 188
130.8087 1018.0 188
131.1548 1024.0 188
131.4349 1030.0 188
131.7810 1036.0 188
132.1216 1042.0 188
132.4677 1048.0 188
132.8082 1054.0 188
133.1543 1058.0 188
133.4949 1064.0 188
133.7805 1070.0 188
134.1211 1076.0 188
134.4672 1084.0 188
134.8077 1092.0 188
135.1538 1098.0 188
135.4999 1104.0 188
135.8405 1112.0 188
136.1206 1120.0 188
136.4667 1128.0 188
136.8073 1134.0 188
137.4994 1140.0 188
140.5756 1170.0 188
140.9216 1170.0 188
141.2183 1176.0 188
141.5588 1186.0 188
142.5751 1194.0 188
142.8717 1236.0 188
143.2617 1226.0 188
143.6078 1222.0 188
144.2944 1220.0 188
144.6405 1210.0 188
144.9811 1210.0 188
145.3271 1218.0 188
145.6073 1230.0 188
145.9479 1240.0 188
146.2939 1252.0 188
146.6400 1266.0 188
146.9806 1278.0 188
147.3267 1292.0 188
147.6233 1302.0 188
147.9529 1320.0 188
148.2935 1338.0 188
148.6395 1348.0 188
148.9801 1360.0 188
149.2767 1374.0 188
149.6228 1388.0 188
149.9634 1404.0 188
150.3094 1422.0 188
150.6390 1438.0 188
150.9357 1454.0 188
151.2762 1470.0 188
151.6223 1482.0 188
151.9684 1496.0 188
152.3090 1514.0 188
152.6550 1534.0 188
152.9352 1552.0 188
153.2813 1572.0 188
153.6218 1594.0 188
153.9679 1618.0 188
154.3085 1638.0 188
154.5886 1654.0 188
154.9347 1672.0 188
155.2808 1692.0 188
155.6213 1720.0 188
155.9674 1752.0 188
156.2476 1774.0 188
156.5936 1798.0 188
156.9342 1824.0 188
157.2803 1852.0 188
157.6208 1882.0 188
157.9010 1908.0 188
158.2471 1936.0 188
158.5931 1962.0 188
158.9337 1992.0 188
159.2798 2024.0 188
159.5764 2060.0 188
159.9170 2096.0 188
160.2631 2132.0 188
160.6091 2172.0 188
160.9497 2216.0 188
161.2299 2248.0 188
161.5759 2296.0 188
161.9165 2336.0 188
162.2626 2372.0 188
162.6086 2412.0 188
162.8888 2464.0 188
163.2294 2516.0 188
163.5754 2564.0 188
164.2181 3044.0 188
164.4983 3108.0 188
164.8389 3176.0 188
165.1849 3252.0 188
165.5310 3336.0 188
166.8384 3528.0 188
167.1844 3564.0 188
167.5305 3568.0 188
167.8711 3624.0 188
168.2172 3732.0 188
168.5577 3820.0 188
169.5905 3844.0 188
170.1672 5632.0 188
170.5133 5616.0 188
170.8594 5608.0 188
171.6559 3828.0 188
171.9965 3820.0 188
172.6831 3820.0 188
173.3698 3852.0 188
173.7158 3844.0 188
174.0454 3844.0 188
174.3860 3848.0 188
174.7321 3844.0 188
175.0781 3840.0 188
175.4187 3840.0 188
175.7648 3836.0 188
176.1053 3840.0 188
176.4514 3840.0 188
176.7920 3832.0 188
177.1381 3828.0 188
177.4841 3836.0 188
177.8247 3836.0 188
178.1708 3832.0 188
178.5114 3828.0 188
178.8574 3820.0 188
179.1980 3828.0 188
179.5441 3848.0 188
179.8901 3848.0 188
180.2307 3828.0 188
180.5768 3832.0 188
180.9174 3832.0 188
181.2634 3832.0 188
181.6040 3836.0 188
181.9501 3840.0 188
182.2961 3848.0 188
182.6367 3848.0 188
182.9828 3844.0 188
183.3234 3844.0 188
183.6694 3848.0 188
184.0155 3848.0 188
184.3561 3852.0 188
184.7021 3852.0 188
185.0262 3856.0 188
185.3723 3860.0 188
186.0590 3860.0 188
186.7456 3836.0 188
187.0917 3852.0 188
188.1244 3860.0 188
189.8438 3880.0 188
190.1843 3880.0 188
191.2170 3744.0 188
191.5576 3652.0 188
192.2498 3564.0 188
192.9803 3468.0 188
193.3264 3364.0 188
193.6670 3280.0 188
194.0131 3204.0 188
194.3591 3132.0 188
194.7656 3064.0 188
195.1062 3000.0 188
195.4523 2944.0 188
196.1829 2680.0 188
196.5289 2628.0 188
196.8750 2572.0 188
197.2156 2520.0 188
197.5616 2472.0 188
197.9517 2428.0 188
198.2922 2388.0 188
198.6383 2344.0 188
198.9844 2308.0 188
199.3250 2276.0 188
199.6710 2236.0 188
200.0775 2200.0 188
200.4181 2164.0 188
200.7642 2128.0 188
201.1047 2096.0 188
201.4508 2066.0 188
201.8408 2038.0 188
202.1869 2008.0 188
202.5275 1982.0 188
202.8735 1956.0 188
203.2141 1930.0 188
203.5602 1908.0 188
203.9502 1880.0 188
204.2963 1852.0 188
204.6368 1830.0 188
204.9829 1806.0 188
205.3235 1782.0 188
205.6696 1758.0 188
206.0760 1738.0 188
206.4166 1720.0 188
206.7627 1700.0 188
207.1088 1680.0 188
207.4493 1658.0 188
207.8394 1638.0 188
208.1854 1622.0 188
208.5260 1602.0 188
208.8721 1586.0 188
209.2181 1570.0 188
209.5587 1552.0 188
209.9487 1536.0 188
210.2948 1522.0 188
210.6354 1508.0 188
210.9814 1492.0 188
211.3275 1480.0 188
211.6681 1464.0 188
212.0142 1448.0 188
212.4207 1434.0 188
212.7612 1420.0 188
213.1073 1406.0 188
213.4479 1394.0 188
213.7939 1384.0 188
214.1400 1372.0 188
214.5300 1360.0 188
214.8706 1348.0 188
215.2167 1334.0 188
215.5573 1322.0 188
215.9033 1312.0 188
216.2494 1300.0 188
216.6394 1288.0 188
216.9800 1278.0 188
217.3260 1256.0 188
217.6666 1258.0 188
218.0127 1260.0 188
218.3588 1240.0 188
218.7653 1228.0 188
219.1058 1216.0 188
219.7925 1208.0 188
220.8087 1212.0 188
221.8414 1220.0 188
222.8741 1204.0 188
223.2147 1184.0 188
223.5608 1176.0 188
223.9673 1170.0 188
224.3079 1162.0 188
224.6539 1156.0 188
225.0000 1150.0 188
225.3406 1144.0 188
225.6866 1138.0 188
226.0272 1132.0 188
226.3733 1124.0 188
226.7139 1118.0 188
227.1094 1112.0 188
227.4500 1106.0 188
227.7960 1100.0 188
228.1366 1094.0 188
228.4827 1088.0 188
228.8232 1082.0 188
229.1693 1078.0 188
229.5154 1072.0 188
229.9219 1066.0 188
230.2625 1062.0 188
230.6085 1056.0 188
230.9491 1052.0 188
231.2952 1046.0 188
231.6357 1040.0 188
231.9818 1036.0 188
232.3279 1032.0 188
232.6685 1028.0 188
233.0585 1024.0 188
233.4045 1018.0 188
233.7451 1014.0 188
234.0912 1010.0 188
234.4373 1006.0 188
234.7778 1002.0 188
235.1239 998.0 188
235.4645 994.0 188
235.8105 990.0 188
236.1511 986.0 188
236.5576 982.0 188
236.9037 978.0 188
237.2498 974.0 188
237.5903 972.0 188
237.9364 968.0 188
238.2770 964.0 188
238.6230 962.0 188
238.9636 958.0 188
239.3097 954.0 188
239.6558 950.0 188
239.9963 948.0 188
240.4028 944.0 188
240.7489 940.0 188
241.0895 938.0 188
241.4355 936.0 188
241.7761 932.0 188
242.1222 930.0 188
242.4683 926.0 188
242.8088 924.0 188
243.1549 920.0 188
243.4955 918.0 188
243.8416 916.0 188
244.1821 914.0 188
244.5776 910.0 188
244.9182 908.0 188
245.2643 906.0 188
245.6049 902.0 188
245.9509 900.0 188
246.2915 900.0 188
246.6376 896.0 188
246.9836 894.0 188
247.3242 892.0 188
247.6703 890.0 188
248.0109 888.0 188
248.3569 886.0 188
248.7030 884.0 188
249.0436 882.0 188
249.3896 882.0 188
249.7302 880.0 188
250.1367 876.0 188
250.4828 874.0 188
250.8234 872.0 188
251.1694 870.0 188
251.5155 870.0 188
251.8561 868.0 188
252.2021 866.0 188
252.5427 864.0 188
252.8888 864.0 188
253.2294 862.0 188
253.5754 860.0 188
253.9215 858.0 188
254.2621 858.0 188
254.6082 856.0 188
254.9487 854.0 188
255.2948 852.0 188
255.6354 852.0 188
255.9814 852.0 188
256.3275 850.0 188
256.6681 850.0 188
257.0142 848.0 188
257.4042 846.0 188
257.7448 846.0 188
258.0908 846.0 188
258.4369 844.0 188
258.7775 842.0 188
259.1235 842.0 188
259.4641 840.0 188
259.8102 840.0 188
260.4968 838.0 188
260.8868 804.0 188
261.2329 796.0 188
261.5735 796.0 188
261.9196 794.0 188
262.2656 794.0 188
262.6556 792.0 188
262.9962 792.0 188
263.3423 792.0 188
263.6829 790.0 188
264.0289 790.0 188
264.3750 790.0 188
264.7156 788.0 188
265.7483 790.0 188
266.3745 810.0 188
266.7151 794.0 188
267.1051 788.0 188
267.4512 788.0 188
267.7917 788.0 188
268.1378 788.0 188
268.4839 788.0 188
268.8245 788.0 188
269.1705 788.0 188
269.5111 788.0 188
269.8572 788.0 188
270.1978 788.0 188
270.5438 788.0 188
270.8899 788.0 188
271.2305 788.0 188
271.5765 788.0 188
271.9061 788.0 188
272.2467 790.0 188
272.5928 790.0 188
272.9333 790.0 188
273.2794 790.0 188
273.6200 790.0 188
273.9661 790.0 188
274.3121 792.0 188
274.6527 792.0 188
274.9988 792.0 188
275.2789 794.0 188
275.6250 794.0 188
275.9656 794.0 188
276.3116 794.0 188
276.6522 796.0 188
276.9983 796.0 188
277.3389 796.0 188
277.6849 798.0 188
278.0310 798.0 188
278.3551 798.0 188
278.7012 800.0 188
279.0417 800.0 188
279.3878 802.0 188
279.7339 802.0 188
280.0745 802.0 188
280.4205 804.0 188
280.7611 804.0 188
281.1072 806.0 188
281.4478 806.0 188
281.7938 808.0 188
282.1399 810.0 188
282.4805 810.0 188
282.8265 812.0 188
283.1561 814.0 188
283.4967 814.0 188
283.8428 816.0 188
284.1833 816.0 188
284.5294 818.0 188
284.8260 820.0 188
285.1556 820.0 188
285.4962 822.0 188
285.8423 824.0 188
286.1829 826.0 188
286.5289 828.0 188
286.8750 828.0 188
287.2156 830.0 188
287.5616 832.0 188
287.9022 834.0 188
288.2483 834.0 188
288.5889 836.0 188
288.9349 838.0 188
289.2810 840.0 188
289.6051 842.0 188
289.9512 844.0 188
290.2917 846.0 188
290.5884 848.0 188
290.9344 850.0 188
291.2805 852.0 188
291.6211 854.0 188
291.9672 856.0 188
292.3077 858.0 188
292.6538 862.0 188
292.9834 864.0 188
293.3240 866.0 188
293.6700 868.0 188
294.0106 870.0 188
294.3567 872.0 188
294.7028 876.0 188
295.0433 878.0 188
295.3400 880.0 188
295.6860 882.0 188
296.0266 886.0 188
296.3562 888.0 188
296.7023 890.0 188
297.0428 894.0 188
297.3889 896.0 188
297.7295 900.0 188
298.0756 902.0 188
298.4216 904.0 188
298.7622 908.0 188
299.0588 912.0 188
299.4049 914.0 188
299.7290 916.0 188
300.0751 920.0 188
300.4211 924.0 188
300.7617 926.0 188
301.1078 930.0 188
301.4484 934.0 188
301.7944 936.0 188
302.1405 940.0 188
302.4811 944.0 188
302.7777 948.0 188
303.1073 952.0 188
303.4479 956.0 188
303.7939 960.0 188
304.1400 964.0 188
304.4806 968.0 188
304.8267 972.0 188
305.1672 976.0 188
305.5133 980.0 188
305.8099 984.0 188
306.1560 988.0 188
306.4801 992.0 188
306.8262 998.0 188
307.1667 1002.0 188
307.5128 1006.0 188
307.8589 1010.0 188
308.1995 1016.0 188
308.5455 1020.0 188
308.8422 1026.0 188
309.1827 1030.0 188
309.5288 1034.0 188
309.8584 1040.0 188
310.1990 1046.0 188
310.5450 1052.0 188
310.8856 1056.0 188
311.2317 1062.0 188
311.5778 1068.0 188
311.8744 1076.0 188
312.2150 1080.0 188
312.5610 1086.0 188
312.9016 1092.0 188
313.2312 1096.0 188
313.5773 1104.0 188
313.9178 1110.0 188
314.2639 1116.0 188
314.5605 1122.0 188
314.9011 1130.0 188
315.2472 1136.0 188
315.5933 1144.0 188
315.9338 1152.0 188
316.2634 1160.0 188
316.6040 1166.0 188
316.9501 1170.0 188
317.2467 1178.0 188
317.5928 1186.0 188
317.9333 1194.0 188
318.2794 1204.0 188
318.6200 1212.0 188
318.9661 1220.0 188
319.2462 1230.0 188
319.5923 1236.0 188
319.9329 1244.0 188
320.2789 1254.0 188
320.6250 1262.0 188
320.9656 1272.0 188
321.3116 1282.0 188
321.6522 1290.0 188
321.9324 1302.0 188
322.2784 1312.0 188
322.6245 1322.0 188
322.9651 1334.0 188
323.3112 1346.0 188
323.6517 1350.0 188
324.2780 1400.0 188
324.6240 1392.0 188
324.9646 1404.0 188
325.3107 1418.0 188
325.6512 1432.0 188
326.6400 2324.0 188
326.9806 2316.0 188
327.3267 2308.0 188
327.6672 2300.0 188
328.0133 2296.0 188
328.3594 2288.0 188
328.7000 2276.0 188
329.0460 2272.0 188
329.3866 2264.0 188
329.7327 2256.0 188
330.0732 2252.0 188
330.4193 2244.0 188
330.7654 2236.0 188
331.1719 2232.0 188
331.5125 2228.0 188
331.8585 2220.0 188
332.1991 2216.0 188
332.5452 2212.0 188
332.8857 2204.0 188
333.2318 2196.0 188
333.5779 2192.0 188
333.9185 2188.0 188
334.6051 2180.0 188
335.2917 2232.0 188
335.6378 2208.0 188
335.9839 2212.0 188
336.3245 2196.0 188
336.6705 2184.0 188
337.0111 2180.0 188
337.3572 2168.0 188
337.6978 2176.0 188
338.0438 2216.0 188
338.3240 2252.0 188
338.6700 2280.0 188
339.0106 2308.0 188
339.3567 2344.0 188
339.7028 2384.0 188
340.0433 2424.0 188
340.3400 2468.0 188
340.6860 2512.0 188
341.0266 2560.0 188
341.3727 2608.0 188
341.7188 2660.0 188
342.0593 2716.0 188
342.3395 2760.0 188
342.6855 2808.0 188
343.0261 2864.0 188
343.3722 2932.0 188
343.7183 2996.0 188
344.0588 3060.0 188
344.3555 3124.0 188
344.7015 3200.0 188
345.0421 3288.0 188
345.3882 3372.0 188
345.7343 3452.0 188
346.0144 3540.0 188
346.3550 3628.0 188
346.7010 3724.0 188
347.0416 3820.0 188
347.3877 3928.0 188
347.7338 4044.0 188
348.0139 4168.0 188
348.7006 4448.0 188
349.7333 4584.0 188
350.7166 5048.0 188
