#RPLIDAR SCAN DATA
#COUNT=686
#Angule	Distance	Quality
353.6719 852.0 188
354.3585 852.0 188
354.6991 850.0 188
355.0452 850.0 188
355.3857 850.0 188
355.7318 850.0 188
356.0889 848.0 188
356.4349 848.0 188
356.7810 848.0 188
357.1216 848.0 188
357.4677 848.0 188
357.8741 846.0 188
358.2147 846.0 188
358.5114 848.0 188
358.8574 848.0 188
359.2474 846.0 188
359.6045 846.0 188
359.9506 844.0 188
0.2966 844.0 188
0.6372 844.0 188
0.9833 844.0 188
1.3239 844.0 188
1.6699 846.0 188
2.0105 846.0 188
2.3566 846.0 188
2.6532 848.0 188
3.0432 846.0 188
3.3893 846.0 188
3.7463 846.0 188
4.0924 846.0 188
4.3726 848.0 188
4.7186 848.0 188
5.0592 848.0 188
5.4053 848.0 188
5.7458 848.0 188
6.1084 850.0 188
6.4490 850.0 188
6.7950 850.0 188
7.1356 852.0 188
7.4817 852.0 188
7.8278 852.0 188
8.1683 854.0 188
8.5144 854.0 188
8.8550 854.0 188
9.2010 854.0 188
9.5416 856.0 188
9.8877 856.0 188
10.2448 858.0 188
10.5908 858.0 188
10.9369 858.0 188
11.2775 860.0 188
11.6235 860.0 188
11.9641 862.0 188
12.3102 862.0 188
12.6563 864.0 188
12.9968 866.0 188
13.3429 866.0 188
13.6835 868.0 188
14.0295 868.0 188
14.3866 870.0 188
14.7327 870.0 188
15.0732 872.0 188
15.4193 874.0 188
15.7654 874.0 188
16.1060 876.0 188
16.4520 878.0 188
16.7487 880.0 188
17.0892 880.0 188
17.4353 882.0 188
17.7759 884.0 188
18.1219 884.0 188
18.4680 886.0 188
18.8086 888.0 188
19.1547 890.0 188
19.4952 892.0 188
19.8413 894.0 188
20.1874 896.0 188
20.5280 898.0 188
20.8905 898.0 188
21.2311 900.0 188
21.5771 902.0 188
21.9177 904.0 188
22.2638 906.0 188
22.6044 908.0 188
22.9504 910.0 188
23.2471 912.0 188
23.5931 914.0 188
23.9337 918.0 188
24.2798 920.0 188
24.6204 922.0 188
24.9664 926.0 188
25.3125 928.0 188
25.6531 928.0 188
25.9991 930.0 188
26.3397 934.0 188
26.6858 936.0 188
27.0264 938.0 188
27.3889 942.0 188
27.7295 944.0 188
28.0151 948.0 188
28.3557 950.0 188
28.7018 954.0 188
29.0424 956.0 188
29.3884 960.0 188
29.7455 964.0 188
30.0916 966.0 188
30.4321 968.0 188
30.7782 972.0 188
31.1243 976.0 188
31.4648 978.0 188
31.8109 982.0 188
32.1075 986.0 188
32.4481 990.0 188
32.7942 994.0 188
33.1403 996.0 188
33.4808 1000.0 188
33.8269 1004.0 188
34.1840 1008.0 188
34.5300 1010.0 188
34.8706 1016.0 188
35.2167 1018.0 188
35.5573 1024.0 188
35.8594 1028.0 188
36.2000 1032.0 188
36.5460 1036.0 188
36.8866 1040.0 188
37.2491 1046.0 188
37.5897 1050.0 188
37.9358 1056.0 188
38.2764 1060.0 188
38.6224 1064.0 188
38.9191 1070.0 188
39.2651 1072.0 188
39.6057 1076.0 188
39.9518 1082.0 188
40.2924 1090.0 188
40.6549 1094.0 188
40.9955 1100.0 188
41.3416 1106.0 188
41.6821 1112.0 188
42.0282 1116.0 188
42.3248 1122.0 188
42.6709 1130.0 188
43.0115 1136.0 188
47.8729 1154.0 188
48.2135 1142.0 188
48.5596 1148.0 188
49.2462 1158.0 188
50.6360 1166.0 188
51.3281 1160.0 188
51.6687 1152.0 188
52.0313 1146.0 188
52.3718 1140.0 188
52.7179 1136.0 188
53.0585 1132.0 188
53.4045 1126.0 188
53.7451 1120.0 188
54.1516 1116.0 188
54.4977 1110.0 188
54.8438 1104.0 188
55.2008 1098.0 188
55.5469 1094.0 188
55.8875 1090.0 188
56.2335 1084.0 188
56.5741 1080.0 188
56.9202 1074.0 188
57.2772 1070.0 188
57.6672 1066.0 188
58.0298 1062.0 188
58.3704 1058.0 188
58.7164 1054.0 188
59.0625 1050.0 188
59.4031 1046.0 188
59.7491 1042.0 188
60.1062 1036.0 188
60.4523 1034.0 188
60.7928 1030.0 188
61.1389 1026.0 188
61.5454 1022.0 188
61.8860 1018.0 188
62.2321 1016.0 188
62.5781 1012.0 188
62.9187 1008.0 188
63.2813 1006.0 188
63.6218 1002.0 188
63.9679 1000.0 188
64.3085 996.0 188
64.6545 992.0 188
64.9951 990.0 188
65.3577 986.0 188
65.7477 982.0 188
66.0938 980.0 188
66.4343 978.0 188
66.7969 976.0 188
67.1375 974.0 188
67.4835 970.0 188
67.8241 966.0 188
68.1702 964.0 188
68.5107 962.0 188
68.8568 960.0 188
69.2029 958.0 188
69.5435 956.0 188
69.8895 952.0 188
70.2301 950.0 188
70.5927 948.0 188
70.9332 946.0 188
71.3232 944.0 188
71.6693 942.0 188
72.0264 940.0 188
72.3724 938.0 188
72.7185 936.0 188
73.0591 934.0 188
73.4052 932.0 188
73.7457 930.0 188
74.0918 928.0 188
74.4324 926.0 188
74.7784 924.0 188
75.1245 924.0 188
75.4651 922.0 188
75.8276 920.0 188
76.1682 918.0 188
76.5143 918.0 188
76.8549 916.0 188
77.2009 914.0 188
77.5415 912.0 188
77.8876 912.0 188
78.2941 910.0 188
78.6401 908.0 188
78.9807 908.0 188
79.3268 906.0 188
79.6674 904.0 188
80.0134 904.0 188
80.3540 904.0 188
80.7001 902.0 188
81.0571 900.0 188
81.4032 900.0 188
81.7493 898.0 188
82.0898 896.0 188
82.4359 896.0 188
82.7765 896.0 188
83.1226 894.0 188
83.4686 892.0 188
83.8092 892.0 188
84.1553 892.0 188
84.4958 892.0 188
84.8584 890.0 188
85.1990 890.0 188
85.5450 890.0 188
85.8856 890.0 188
86.2317 888.0 188
86.5778 888.0 188
86.9183 888.0 188
87.2644 888.0 188
87.6050 888.0 188
87.9510 886.0 188
88.2916 886.0 188
88.6542 886.0 188
88.9948 886.0 188
89.3408 886.0 188
89.6869 884.0 188
90.0275 884.0 188
90.3735 884.0 188
90.7141 884.0 188
91.0602 884.0 188
91.4063 884.0 188
91.7468 884.0 188
92.1094 884.0 188
92.4500 884.0 188
92.7960 884.0 188
93.1366 884.0 188
93.4827 884.0 188
93.8232 886.0 188
94.1693 886.0 188
94.5154 886.0 188
94.8560 886.0 188
95.2020 886.0 188
95.5426 886.0 188
95.9052 886.0 188
96.2457 886.0 188
96.5918 888.0 188
96.9324 888.0 188
97.2784 888.0 188
97.6245 888.0 188
97.9651 890.0 188
98.3112 890.0 188
98.6517 890.0 188
98.9978 892.0 188
99.3384 892.0 188
99.6844 892.0 188
100.0305 892.0 188
100.3711 894.0 188
100.7172 894.0 188
101.0577 894.0 188
101.4038 896.0 188
101.7609 898.0 188
102.1069 898.0 188
102.4530 900.0 188
102.7936 900.0 188
103.1396 902.0 188
103.4802 902.0 188
103.8263 904.0 188
104.1669 904.0 188
104.5129 906.0 188
104.8590 908.0 188
105.1996 908.0 188
105.5457 910.0 188
105.8862 910.0 188
106.1719 912.0 188
106.5125 912.0 188
106.8585 914.0 188
107.1991 916.0 188
107.5452 918.0 188
107.9022 918.0 188
108.2483 920.0 188
108.5889 922.0 188
108.9349 924.0 188
109.2810 926.0 188
109.6216 928.0 188
109.9677 930.0 188
110.3082 930.0 188
110.6543 932.0 188
110.9949 934.0 188
111.3409 936.0 188
111.6870 938.0 188
112.0276 940.0 188
112.3737 942.0 188
112.7142 944.0 188
112.9999 946.0 188
113.3405 948.0 188
113.6865 950.0 188
114.0271 952.0 188
114.3896 954.0 188
114.7302 958.0 188
115.0763 960.0 188
115.4169 962.0 188
115.7629 964.0 188
116.1090 966.0 188
116.4496 968.0 188
116.7957 970.0 188
117.1362 974.0 188
117.4823 976.0 188
117.8229 980.0 188
118.1689 982.0 188
118.4491 984.0 188
118.7952 988.0 188
120.5310 988.0 188
120.8716 990.0 188
121.2177 994.0 188
121.5582 996.0 188
121.9043 1002.0 188
122.5305 1048.0 188
122.8711 1050.0 188
123.2172 1058.0 188
123.5577 1064.0 188
123.9038 1068.0 188
124.2004 1072.0 188
124.5465 1076.0 188
124.8871 1080.0 188
125.2332 1084.0 188
125.5737 1090.0 188
125.9198 1094.0 188
126.2604 1100.0 188
126.6064 1104.0 188
126.9525 1108.0 188
127.2931 1112.0 188
127.6392 1116.0 188
127.9193 1122.0 188
128.2654 1128.0 188
128.6224 1132.0 188
128.9685 1136.0 188
129.3091 1142.0 188
129.6552 1148.0 188
129.9957 1154.0 188
130.3418 1158.0 188
130.6824 1166.0 188
131.0284 1170.0 188
131.3086 1174.0 188
131.6547 1180.0 188
131.9952 1186.0 188
132.3413 1192.0 188
132.6874 1198.0 188
133.0280 1204.0 188
133.3740 1212.0 188
133.7146 1220.0 188
134.0607 1226.0 188
134.3573 1230.0 188
134.6979 1236.0 188
135.0439 1244.0 188
135.3900 1252.0 188
135.7306 1258.0 188
136.0767 1266.0 188
136.4172 1272.0 188
136.7633 1282.0 188
137.1094 1288.0 188
137.4500 1294.0 188
137.7301 1302.0 188
138.0762 1312.0 188
138.4167 1320.0 188
138.7628 1328.0 188
139.1089 1336.0 188
139.4659 1346.0 188
139.8120 1354.0 188
140.1526 1364.0 188
140.4327 1374.0 188
140.7788 1384.0 188
141.1249 1396.0 188
141.4655 1406.0 188
141.8115 1416.0 188
142.1521 1422.0 188
142.4982 1432.0 188
142.8387 1442.0 188
143.1354 1454.0 188
143.4814 1464.0 188
143.8275 1476.0 188
144.1681 1488.0 188
144.5142 1502.0 188
144.8547 1512.0 188
145.2008 1526.0 188
145.4810 1540.0 188
145.8270 1550.0 188
146.1676 1562.0 188
146.5137 1576.0 188
146.8542 1588.0 188
147.2003 1602.0 188
147.5464 1618.0 188
147.8870 1630.0 188
148.1836 1646.0 188
148.5297 1664.0 188
148.8702 1678.0 188
149.2163 1692.0 188
149.5624 1708.0 188
149.9030 1722.0 188
150.2490 1742.0 188
150.5292 1760.0 188
150.8698 1782.0 188
151.2158 1796.0 188
152.2485 1806.0 188
152.4792 2218.0 188
152.8253 2204.0 188
153.1714 2180.0 188
157.9999 2120.0 188
158.3405 2132.0 188
158.6865 2160.0 188
159.0271 2188.0 188
159.3732 2220.0 188
159.6533 2252.0 188
159.9994 2288.0 188
160.3400 2320.0 188
161.3727 2360.0 188
168.3270 4720.0 188
171.7163 5600.0 188
172.4194 5568.0 188
175.4681 7376.0 188
178.3246 4528.0 188
178.6707 4520.0 188
179.0112 4504.0 188
179.3573 4488.0 188
179.6979 4496.0 188
180.0439 4488.0 188
180.4010 4480.0 188
180.7471 4480.0 188
181.0931 4488.0 188
181.4337 4488.0 188
181.7798 4472.0 188
182.8125 4464.0 188
184.4165 7272.0 188
184.7626 7264.0 188
185.1086 7264.0 188
185.4492 7280.0 188
185.7953 7288.0 188
186.1359 7288.0 188
186.8390 7288.0 188
188.1079 18016.0 188
188.7946 17952.0 188
190.5139 13872.0 188
190.8545 13728.0 188
191.2006 13680.0 188
191.8872 13768.0 188
192.9364 17968.0 188
193.2770 17920.0 188
193.6230 17920.0 188
193.9636 17792.0 188
194.9963 17872.0 188
196.0291 16608.0 188
197.0618 16232.0 188
198.0890 16272.0 188
198.9020 7392.0 188
199.2480 7384.0 188
199.5886 7376.0 188
199.9347 7384.0 188
200.2808 7400.0 188
200.6213 7456.0 188
201.2476 11712.0 188
202.2968 11632.0 188
203.3240 10920.0 188
204.7028 11336.0 188
205.0433 11304.0 188
205.3894 11384.0 188
205.7300 11320.0 188
206.0760 11216.0 188
206.4166 11240.0 188
206.7627 11200.0 188
207.1088 11176.0 188
207.4493 11144.0 188
207.7954 11128.0 188
208.1525 11120.0 188
208.4985 11128.0 188
208.8391 11152.0 188
209.1852 11136.0 188
209.5313 11072.0 188
209.8718 11040.0 188
210.2179 11032.0 188
210.5585 11016.0 188
210.9045 10984.0 188
211.2451 10960.0 188
211.5912 10944.0 188
212.2778 11144.0 188
212.6239 10912.0 188
212.9645 10776.0 188
213.6511 10432.0 188
214.6838 10704.0 188
217.4524 8792.0 188
217.7930 8864.0 188
218.1390 8976.0 188
218.4796 8928.0 188
218.8257 8936.0 188
219.5123 8792.0 188
219.8584 8976.0 188
221.5887 12024.0 188
221.9348 12200.0 188
222.2809 12192.0 188
222.9675 12200.0 188
227.0929 12040.0 188
227.4335 12032.0 188
228.1366 12096.0 188
228.8232 11512.0 188
229.1693 11632.0 188
231.2292 10728.0 188
233.3112 10744.0 188
257.2174 2308.0 188
257.5580 2276.0 188
257.9041 2252.0 188
258.2446 2240.0 188
258.6511 2228.0 188
258.9972 2216.0 188
259.3433 2208.0 188
259.6838 2204.0 188
260.0299 2200.0 188
260.3705 2192.0 188
260.7166 2192.0 188
261.0571 2188.0 188
261.4197 2188.0 188
261.7603 2192.0 188
262.1063 2192.0 188
262.4524 2192.0 188
262.7930 2196.0 188
263.1390 2200.0 188
263.4796 2208.0 188
263.8257 2212.0 188
264.1718 2224.0 188
264.5123 2232.0 188
264.7925 2244.0 188
265.1385 2264.0 188
265.8252 2292.0 188
266.5283 5392.0 188
266.8744 5368.0 188
267.2150 5360.0 188
267.5610 5368.0 188
267.9016 5384.0 188
268.2312 5400.0 188
268.5773 5432.0 188
269.6045 5488.0 188
275.3888 6640.0 188
275.7294 6584.0 188
276.0754 6584.0 188
276.4215 6592.0 188
276.7621 6592.0 188
277.1082 6592.0 188
277.4487 6600.0 188
277.7948 6680.0 188
278.1354 6672.0 188
278.4814 6592.0 188
278.8275 6600.0 188
279.1681 6608.0 188
279.5142 6616.0 188
279.8547 6640.0 188
281.2335 2516.0 188
281.8542 2976.0 188
282.2003 2980.0 188
282.5464 2984.0 188
282.8870 2992.0 188
283.2330 2996.0 188
283.5736 3008.0 188
284.2603 3020.0 188
284.8865 3420.0 188
285.2325 3344.0 188
285.5731 3272.0 188
285.9192 3192.0 188
286.2653 3120.0 188
286.6718 3044.0 188
287.0123 2972.0 188
287.3584 2908.0 188
287.6990 2844.0 188
288.0450 2780.0 188
288.4351 2724.0 188
288.7811 2664.0 188
289.1217 2620.0 188
289.4678 2576.0 188
289.8083 2528.0 188
290.1544 2480.0 188
290.5609 2432.0 188
290.9015 2388.0 188
291.2476 2344.0 188
291.5936 2304.0 188
291.9342 2260.0 188
292.3242 2220.0 188
292.6703 2184.0 188
293.0109 2156.0 188
293.3569 2128.0 188
293.7030 2096.0 188
294.0436 2064.0 188
294.4501 2036.0 188
294.7961 2006.0 188
295.1202 1976.0 188
295.4663 1950.0 188
295.8234 1920.0 188
296.1694 1896.0 188
296.5594 1870.0 188
296.9055 1842.0 188
297.2461 1820.0 188
297.5922 1800.0 188
297.9492 1778.0 188
298.3392 1754.0 188
298.6853 1734.0 188
299.0259 1712.0 188
299.3719 1694.0 188
299.7180 1674.0 188
300.0751 1652.0 188
300.4651 1632.0 188
300.8112 1612.0 188
301.1517 1594.0 188
301.4978 1578.0 188
301.8384 1558.0 188
302.2449 1534.0 188
302.5909 1516.0 188
303.2776 1498.0 188
307.8259 2092.0 188
308.1830 2100.0 188
311.4514 1664.0 188
311.7920 1644.0 188
312.1381 1642.0 188
312.4841 1652.0 188
312.8247 1648.0 188
313.5114 1648.0 188
314.5605 1654.0 188
314.9011 1662.0 188
315.2472 1666.0 188
315.5933 1672.0 188
316.6205 1678.0 188
332.0288 1326.0 188
332.3749 1326.0 188
332.7155 1330.0 188
333.0615 1330.0 188
333.4021 1328.0 188
333.7482 1320.0 188
334.0887 1320.0 188
334.4348 1326.0 188
334.7809 1328.0 188
335.4675 1336.0 188
345.8112 804.0 188
346.1517 806.0 188
346.4978 804.0 188
346.8384 802.0 188
347.1844 800.0 188
347.5305 800.0 188
347.8711 798.0 188
348.2172 798.0 188
348.5577 796.0 188
348.9203 796.0 188
349.2609 794.0 188
349.6069 794.0 188
349.9969 792.0 188
350.3430 792.0 188
350.7001 790.0 188
351.0461 788.0 188
351.7328 788.0 188
