#RPLIDAR SCAN DATA
#COUNT=783
#Angule	Distance	Quality
351.8262 11368.0 188
352.1558 11336.0 188
352.4963 11312.0 188
352.8424 11312.0 188
353.1665 11288.0 188
353.5126 11264.0 188
353.8422 11176.0 188
356.8854 9912.0 188
357.2150 9864.0 188
357.5610 9848.0 188
357.9016 9832.0 188
358.2312 9824.0 188
358.5773 9776.0 188
358.9178 9768.0 188
359.2474 9800.0 188
359.5935 9784.0 188
359.9176 9784.0 188
0.2637 9768.0 188
0.6042 9744.0 188
0.9338 9728.0 188
1.2799 9720.0 188
1.9501 9720.0 188
3.3563 1586.0 188
3.7024 1564.0 188
4.0265 1548.0 188
4.4165 1534.0 188
4.7626 1526.0 188
5.1086 1518.0 188
5.4327 1510.0 188
5.7788 1504.0 188
6.1249 1498.0 188
6.4490 1494.0 188
6.7950 1488.0 188
7.1246 1486.0 188
7.4652 1482.0 188
7.8113 1480.0 188
8.1354 1480.0 188
8.4814 1480.0 188
8.8275 1478.0 188
9.1516 1478.0 188
9.4977 1480.0 188
9.8273 1480.0 188
10.1678 1482.0 188
10.5139 1482.0 188
10.8435 1484.0 188
11.1841 1488.0 188
11.5302 1490.0 188
11.8542 1494.0 188
12.2003 1500.0 188
12.5299 1506.0 188
12.8705 1512.0 188
13.2166 1520.0 188
13.5461 1526.0 188
13.8867 1534.0 188
14.1669 1544.0 188
14.5129 1560.0 188
14.8425 1574.0 188
15.8588 1596.0 188
22.9010 9888.0 188
23.2471 9944.0 188
23.5767 9928.0 188
23.9172 9936.0 188
24.2468 10000.0 188
24.5929 10040.0 188
24.9335 10056.0 188
25.2631 10088.0 188
25.6091 10096.0 188
25.9497 10112.0 188
26.2793 10144.0 188
26.6199 10176.0 188
26.9495 10232.0 188
27.2955 10240.0 188
27.6361 10216.0 188
27.9657 10208.0 188
28.3118 10208.0 188
28.6523 10080.0 188
28.9819 9880.0 188
29.3280 9712.0 188
29.6521 9536.0 188
29.9982 9392.0 188
30.3387 9264.0 188
31.0144 8792.0 188
31.3550 8712.0 188
31.7010 8600.0 188
32.0306 8440.0 188
32.3712 8312.0 188
33.2172 4184.0 188
33.5577 4192.0 188
33.9038 4192.0 188
34.2334 4192.0 188
34.5740 4232.0 188
35.7166 3392.0 188
36.7328 3096.0 188
37.1228 3016.0 188
37.4634 2948.0 188
37.7930 2928.0 188
38.1390 2936.0 188
38.4796 2940.0 188
38.8257 2944.0 188
39.1553 2944.0 188
39.4958 2952.0 188
39.8419 2952.0 188
40.1825 2956.0 188
40.5121 2960.0 188
40.8582 2968.0 188
41.1987 2972.0 188
41.5283 2976.0 188
41.8744 2988.0 188
42.2150 2996.0 188
42.5610 2996.0 188
42.8906 3004.0 188
43.2312 3012.0 188
43.5773 3016.0 188
43.9178 3024.0 188
44.2474 3036.0 188
44.5935 3044.0 188
44.9341 3048.0 188
45.2802 3056.0 188
45.6042 3060.0 188
45.9503 3068.0 188
46.2305 3076.0 188
46.5765 3080.0 188
46.9171 3084.0 188
47.2467 3092.0 188
47.5928 3096.0 188
47.9333 3104.0 188
48.2629 3112.0 188
48.6090 3120.0 188
48.9496 3128.0 188
49.2957 3136.0 188
49.6198 3148.0 188
49.9658 3160.0 188
50.3119 3168.0 188
50.6525 3176.0 188
50.9821 3188.0 188
51.3281 3200.0 188
51.6687 3208.0 188
51.9983 3216.0 188
52.3389 3224.0 188
52.6849 3236.0 188
53.0310 3248.0 188
54.0417 3272.0 188
55.9644 2216.0 188
56.3104 2204.0 188
56.6400 2188.0 188
56.9806 2176.0 188
57.3267 2168.0 188
57.6563 2156.0 188
57.9968 2144.0 188
58.3429 2132.0 188
58.6835 2120.0 188
59.0131 2112.0 188
59.3591 2100.0 188
59.6997 2092.0 188
60.0458 2080.0 188
60.3699 2068.0 188
60.7159 2060.0 188
61.1060 2048.0 188
61.4520 2038.0 188
61.7926 2028.0 188
62.1387 2022.0 188
62.4683 2012.0 188
62.8088 2004.0 188
63.1549 1996.0 188
63.4955 1986.0 188
63.8251 1978.0 188
64.1711 1970.0 188
64.4952 1960.0 188
64.8413 1952.0 188
65.1874 1944.0 188
65.5115 1938.0 188
65.8575 1930.0 188
66.1981 1924.0 188
66.5277 1914.0 188
66.8738 1908.0 188
67.1979 1898.0 188
67.5439 1892.0 188
67.9340 1886.0 188
68.2800 1878.0 188
68.6041 1872.0 188
68.9502 1864.0 188
69.2963 1858.0 188
69.6204 1852.0 188
69.9664 1844.0 188
70.3125 1838.0 188
70.6366 1830.0 188
70.9827 1826.0 188
71.3123 1822.0 188
71.6528 1816.0 188
71.9989 1812.0 188
72.3230 1806.0 188
72.6691 1802.0 188
73.0151 1802.0 188
73.3392 1806.0 188
73.6853 1810.0 188
74.0149 1820.0 188
74.3555 1836.0 188
74.7015 1856.0 188
75.0311 1882.0 188
75.3113 1904.0 188
75.6519 1928.0 188
75.9979 1954.0 188
76.3275 1980.0 188
76.6681 2006.0 188
77.0142 2036.0 188
77.2943 2068.0 188
77.6239 2100.0 188
77.9645 2128.0 188
78.2941 2160.0 188
78.6401 2200.0 188
78.9203 2236.0 188
79.2609 2264.0 188
79.5905 2292.0 188
79.9365 2332.0 188
80.2771 2376.0 188
80.6067 2416.0 188
80.8868 2464.0 188
81.2329 2504.0 188
81.5735 2512.0 188
81.9031 2512.0 188
82.2491 2516.0 188
82.5732 2532.0 188
82.9193 2556.0 188
83.2654 2592.0 188
83.5895 2640.0 188
83.9355 2680.0 188
84.2761 2724.0 188
84.5618 2776.0 188
84.8859 2828.0 188
85.2319 2884.0 188
85.5615 2952.0 188
85.9021 3016.0 188
86.1823 3080.0 188
86.5283 3144.0 188
86.8579 3220.0 188
87.1985 3268.0 188
87.5446 3268.0 188
87.8741 3264.0 188
88.5443 3264.0 188
88.8904 3244.0 188
89.5605 3236.0 188
90.0769 2408.0 188
90.4010 2412.0 188
90.7471 2408.0 188
91.0931 2404.0 188
91.7633 2408.0 188
92.6093 3216.0 188
92.9498 3212.0 188
93.2794 3212.0 188
93.6200 3208.0 188
93.9496 3212.0 188
94.2957 3220.0 188
94.6362 3212.0 188
94.9658 3204.0 188
95.6525 3200.0 188
95.9821 3192.0 188
96.3281 3184.0 188
96.6687 3188.0 188
96.9983 3192.0 188
97.3389 3188.0 188
97.6849 3204.0 188
98.0145 3196.0 188
98.3551 3180.0 188
98.7012 3180.0 188
99.0308 3184.0 188
99.3713 3188.0 188
99.7009 3180.0 188
100.0415 3176.0 188
100.3876 3172.0 188
100.7172 3180.0 188
101.0577 3192.0 188
101.4038 3168.0 188
101.7334 3168.0 188
102.0740 3192.0 188
102.4200 3196.0 188
102.7496 3188.0 188
103.0902 3188.0 188
103.4363 3188.0 188
103.7604 3188.0 188
106.9189 1616.0 188
107.2650 1610.0 188
107.6056 1610.0 188
107.9352 1610.0 188
108.2813 1608.0 188
108.6218 1610.0 188
108.9514 1610.0 188
109.2920 1610.0 188
109.6216 1610.0 188
109.9677 1610.0 188
110.3082 1612.0 188
110.6378 1614.0 188
110.9839 1614.0 188
111.3245 1614.0 188
111.6541 1616.0 188
111.9946 1618.0 188
112.3407 1620.0 188
112.6703 1622.0 188
113.0109 1622.0 188
113.3569 1624.0 188
113.6865 1626.0 188
114.0271 1628.0 188
114.3732 1630.0 188
114.7028 1632.0 188
115.0433 1634.0 188
115.3894 1634.0 188
115.7135 1638.0 188
115.9991 1640.0 188
116.3397 1642.0 188
116.6858 1644.0 188
117.0154 1646.0 188
117.3560 1648.0 188
117.7020 1650.0 188
118.0261 1652.0 188
118.3722 1654.0 188
118.7183 1656.0 188
119.0424 1660.0 188
119.3884 1662.0 188
119.7290 1664.0 188
120.0586 1668.0 188
120.4047 1672.0 188
120.7452 1674.0 188
121.0748 1678.0 188
121.4209 1680.0 188
121.7615 1684.0 188
122.0911 1688.0 188
122.4371 1690.0 188
122.7777 1694.0 188
123.1073 1696.0 188
123.4479 1700.0 188
123.7775 1704.0 188
124.1235 1708.0 188
124.4641 1712.0 188
124.7937 1718.0 188
125.1398 1724.0 188
125.4803 1728.0 188
125.8099 1734.0 188
126.1560 1738.0 188
126.4966 1742.0 188
126.8262 1746.0 188
127.1667 1750.0 188
127.5128 1754.0 188
127.7930 1758.0 188
128.1226 1764.0 188
128.4686 1770.0 188
128.8092 1776.0 188
129.1388 1780.0 188
129.4794 1784.0 188
129.8090 1790.0 188
130.1550 1796.0 188
130.4956 1802.0 188
130.8252 1812.0 188
131.4954 1820.0 188
131.8414 1886.0 188
132.1710 1874.0 188
132.5116 1864.0 188
132.8577 1860.0 188
133.1873 1860.0 188
133.5278 1866.0 188
133.8574 1870.0 188
134.1980 1874.0 188
134.5276 1880.0 188
134.8737 1888.0 188
135.1538 1898.0 188
135.4999 1904.0 188
135.8240 1912.0 188
136.1700 1920.0 188
136.4996 1926.0 188
136.8402 1934.0 188
137.1698 1942.0 188
137.5104 1952.0 188
137.8564 1962.0 188
138.1860 1970.0 188
138.5266 1980.0 188
138.8562 1988.0 188
139.2023 1998.0 188
139.5264 2006.0 188
139.8724 2012.0 188
140.2185 2022.0 188
140.5426 2036.0 188
140.8887 2046.0 188
141.1688 2056.0 188
141.4984 2064.0 188
141.8390 2076.0 188
142.1686 2084.0 188
142.5146 2092.0 188
142.8552 2104.0 188
143.1848 2112.0 188
143.5309 2124.0 188
143.8550 2140.0 188
144.2010 2152.0 188
144.5306 2164.0 188
144.8712 2172.0 188
145.2173 2184.0 188
145.5469 2196.0 188
145.8875 2212.0 188
146.2170 2228.0 188
146.4972 2236.0 188
146.8433 2248.0 188
147.1674 2260.0 188
147.5134 2276.0 188
147.8540 2292.0 188
148.1836 2304.0 188
148.5297 2324.0 188
149.3701 3436.0 188
149.6997 3464.0 188
150.0458 3472.0 188
150.3699 3500.0 188
150.6555 3524.0 188
151.0620 3508.0 188
151.3861 3496.0 188
151.7322 3484.0 188
152.0618 3468.0 188
152.4023 3452.0 188
152.7319 3432.0 188
153.0780 3408.0 188
153.4186 3392.0 188
153.7482 3384.0 188
154.0887 3364.0 188
154.4183 3348.0 188
154.7644 3340.0 188
155.0885 3328.0 188
155.4346 3316.0 188
155.7806 3312.0 188
156.1047 3304.0 188
156.4508 3288.0 188
156.7804 3272.0 188
157.1210 3260.0 188
157.4506 3240.0 188
157.7966 3224.0 188
158.1372 3212.0 188
158.4668 3200.0 188
158.8074 3188.0 188
159.1370 3180.0 188
159.4830 3172.0 188
159.8071 3164.0 188
160.1532 3156.0 188
160.4993 3160.0 188
160.8234 3176.0 188
161.1694 3204.0 188
161.4990 3244.0 188
161.8396 3284.0 188
162.1857 3320.0 188
162.5153 3360.0 188
162.8558 3404.0 188
163.1854 3440.0 188
163.5260 3476.0 188
163.8116 3520.0 188
164.1522 3564.0 188
164.4818 3604.0 188
164.8279 3644.0 188
165.1520 3696.0 188
165.4980 3768.0 188
166.7340 5816.0 188
167.0746 5896.0 188
167.4207 6008.0 188
167.7448 6120.0 188
168.3105 8432.0 188
169.3268 8528.0 188
170.3430 8384.0 188
170.6671 8392.0 188
171.0132 8400.0 188
171.3593 8384.0 188
171.6833 8360.0 188
172.0294 8336.0 188
172.3590 8328.0 188
172.6996 8312.0 188
173.0457 8304.0 188
173.3698 8288.0 188
173.7158 8280.0 188
174.0454 8280.0 188
174.3860 8264.0 188
174.7321 8272.0 188
175.4022 8264.0 188
176.3580 18608.0 188
177.0282 18592.0 188
177.3743 18512.0 188
177.6984 18416.0 188
178.0444 18432.0 188
178.3905 18496.0 188
179.0607 17008.0 188
179.4012 17008.0 188
181.5271 7984.0 188
182.4994 8480.0 188
183.2135 7928.0 188
183.5596 7920.0 188
183.9056 7936.0 188
184.2297 8048.0 188
184.5758 8128.0 188
184.9054 8112.0 188
185.2460 8104.0 188
185.5920 8096.0 188
185.9216 8064.0 188
186.2622 8040.0 188
186.5918 8048.0 188
186.9324 8032.0 188
187.2784 8016.0 188
187.6080 8008.0 188
187.9486 8032.0 188
188.6243 8088.0 188
189.0143 5024.0 188
189.3549 4992.0 188
189.6844 4968.0 188
190.0305 4952.0 188
190.3711 4944.0 188
190.7007 4944.0 188
191.0468 4952.0 188
191.3708 4960.0 188
191.7169 4976.0 188
192.0575 5000.0 188
192.7332 5040.0 188
193.6835 8104.0 188
194.0295 8128.0 188
194.3701 8136.0 188
194.6997 8136.0 188
195.0458 8128.0 188
195.3864 8128.0 188
195.7159 8136.0 188
196.0620 8136.0 188
196.7322 8152.0 188
197.0728 7432.0 188
197.7484 7600.0 188
198.0890 8184.0 188
198.4186 8144.0 188
198.7646 8144.0 188
199.0448 8200.0 188
199.3854 8208.0 188
199.7150 8216.0 188
200.0610 8224.0 188
200.4016 8232.0 188
200.7312 8248.0 188
201.0773 8256.0 188
201.4178 8272.0 188
201.7474 8264.0 188
202.0935 8272.0 188
202.7637 8288.0 188
205.8728 7264.0 188
207.9053 7800.0 188
208.9215 7880.0 188
212.9205 9816.0 188
213.9368 9984.0 188
214.9530 10032.0 188
220.0287 2800.0 188
220.3583 2800.0 188
220.6989 2800.0 188
221.0449 2796.0 188
221.3745 2792.0 188
221.7151 2792.0 188
222.0612 2792.0 188
222.3853 2788.0 188
222.7313 2784.0 188
223.0774 2780.0 188
223.4015 2776.0 188
223.7476 2776.0 188
224.0936 2776.0 188
224.4177 2772.0 188
224.7638 2768.0 188
225.1044 2764.0 188
225.4340 2768.0 188
225.7800 2764.0 188
226.1041 2760.0 188
226.4502 2756.0 188
226.7798 2756.0 188
227.1204 2752.0 188
227.4500 2752.0 188
227.7960 2756.0 188
228.1366 2752.0 188
228.4662 2748.0 188
228.8123 2748.0 188
229.1364 2748.0 188
229.4824 2748.0 188
229.8120 2748.0 188
230.1526 2752.0 188
230.4822 2748.0 188
230.8228 2744.0 188
231.1688 2744.0 188
231.4984 2748.0 188
231.8390 2744.0 188
232.1686 2740.0 188
232.5146 2744.0 188
232.8387 2748.0 188
233.1848 2748.0 188
233.5144 2748.0 188
233.8550 2748.0 188
234.2010 2748.0 188
234.5306 2748.0 188
234.8712 2748.0 188
235.5469 2752.0 188
236.3873 2052.0 188
236.7169 2056.0 188
237.5574 2760.0 188
237.9034 2760.0 188
238.2330 2764.0 188
238.5736 2764.0 188
238.9032 2768.0 188
239.2493 2768.0 188
239.5734 2772.0 188
239.9194 2780.0 188
240.7654 2224.0 188
241.7651 2228.0 188
242.6056 2788.0 188
243.1714 1988.0 188
243.8416 1992.0 188
244.4019 2436.0 188
244.7479 2448.0 188
245.3082 2780.0 188
245.6378 2820.0 188
245.9839 2828.0 188
246.8738 1968.0 188
247.2144 1970.0 188
247.5439 1974.0 188
247.8900 1986.0 188
249.0106 2872.0 188
249.3402 2876.0 188
249.6863 2884.0 188
250.7025 2888.0 188
251.7023 2912.0 188
252.0428 2928.0 188
252.7185 2940.0 188
254.4049 2972.0 188
254.7290 2980.0 188
255.0751 2988.0 188
255.4047 2992.0 188
255.7452 2996.0 188
256.0748 3008.0 188
256.4209 3016.0 188
256.7450 3020.0 188
257.0911 3028.0 188
257.4371 3040.0 188
257.7612 3048.0 188
258.1073 3056.0 188
258.4369 3064.0 188
258.7170 3080.0 188
259.0576 3088.0 188
259.3872 3096.0 188
259.7333 3112.0 188
260.0574 3120.0 188
260.4034 3132.0 188
260.7330 3140.0 188
261.0736 3152.0 188
261.7493 3168.0 188
262.0734 3172.0 188
262.4194 3180.0 188
262.7490 3196.0 188
263.0896 3208.0 188
263.4192 3220.0 188
263.7653 3228.0 188
264.7760 3248.0 188
265.4517 3304.0 188
265.7813 3316.0 188
266.1218 3324.0 188
266.4514 3332.0 188
266.7920 3344.0 188
267.7917 3360.0 188
268.4674 3404.0 188
268.8080 3444.0 188
270.7635 3520.0 188
271.1041 3540.0 188
271.4337 3568.0 188
271.7798 3580.0 188
272.1094 3596.0 188
272.4500 3616.0 188
272.7795 3652.0 188
273.4497 3684.0 188
273.7958 3696.0 188
274.1364 3716.0 188
274.4659 3736.0 188
274.8120 3764.0 188
275.1361 3784.0 188
275.4822 3804.0 188
275.8118 3812.0 188
276.8719 3416.0 188
277.4982 3932.0 188
277.8278 3960.0 188
278.1683 3976.0 188
278.4979 4000.0 188
278.8385 4036.0 188
279.1681 4056.0 188
279.8438 4076.0 188
285.9521 3480.0 188
286.2927 13784.0 188
286.6223 13792.0 188
286.9684 13760.0 188
287.6385 13728.0 188
289.7644 6304.0 188
290.7312 9536.0 188
291.7969 7160.0 188
294.8401 6440.0 188
295.8563 6488.0 188
297.0264 3640.0 188
298.1085 13224.0 188
298.7787 13296.0 188
300.1849 3052.0 188
304.1400 3656.0 188
306.2164 3388.0 188
307.2327 3420.0 188
308.5895 3452.0 188
309.2651 3476.0 188
309.9957 2904.0 188
310.3253 2916.0 188
312.2919 3376.0 188
315.3406 3184.0 188
316.4172 8792.0 188
317.0929 8776.0 188
319.4659 8704.0 188
319.7955 8736.0 188
320.1361 8712.0 188
320.4657 8704.0 188
320.8118 8736.0 188
321.1523 8752.0 188
321.4819 8760.0 188
321.8280 8776.0 188
322.1686 8776.0 188
322.4982 8800.0 188
322.8387 8824.0 188
323.1683 8856.0 188
323.5144 8880.0 188
323.8550 8880.0 188
324.1846 8904.0 188
324.5306 8928.0 188
324.8547 8952.0 188
325.2008 8976.0 188
325.5469 9016.0 188
325.8710 9048.0 188
326.2170 9072.0 188
326.5466 9096.0 188
326.8872 9128.0 188
327.2168 9224.0 188
328.2330 10856.0 188
329.2493 10464.0 188
330.2655 10384.0 188
330.5896 9080.0 188
330.9357 9032.0 188
331.2653 8992.0 188
331.6058 8968.0 188
331.9519 9008.0 188
332.2760 9040.0 188
332.6221 9016.0 188
332.9517 9064.0 188
333.2922 9160.0 188
333.6383 9232.0 188
333.9679 9320.0 188
334.3085 9408.0 188
334.6381 9568.0 188
335.3082 11136.0 188
335.6543 11112.0 188
335.9949 11064.0 188
336.3245 11008.0 188
336.6705 10952.0 188
336.9946 10912.0 188
337.3407 10872.0 188
337.6868 10840.0 188
338.0109 10816.0 188
338.3569 10808.0 188
338.6865 10808.0 188
339.3567 10880.0 188
340.0433 11016.0 188
340.3729 10760.0 188
340.7135 10608.0 188
341.0431 10600.0 188
341.3892 10584.0 188
341.7297 10576.0 188
342.0593 10552.0 188
342.4054 10544.0 188
342.7295 10536.0 188
343.0756 10504.0 188
343.4052 10480.0 188
343.7457 10456.0 188
344.0918 10424.0 188
344.4214 10400.0 188
344.7620 10360.0 188
345.0916 10328.0 188
345.4321 10312.0 188
345.7782 10320.0 188
346.1078 10344.0 188
346.4484 10464.0 188
348.4644 8816.0 188
348.8104 8880.0 188
349.1400 8840.0 188
349.4806 8816.0 188
349.8267 8824.0 188
350.4968 8896.0 188
351.1670 11432.0 188
351.4966 11400.0 188
