#RPLIDAR SCAN DATA
#COUNT=764
#Angule	Distance	Quality
352.2162 4552.0 188
352.9028 4800.0 188
353.2489 4808.0 188
353.6060 4808.0 188
353.9520 4792.0 188
354.2926 4784.0 188
354.9792 4800.0 188
356.0284 4784.0 188
356.3745 4784.0 188
356.7151 4792.0 188
357.0776 4792.0 188
357.4182 4784.0 188
357.7643 4776.0 188
358.1049 4776.0 188
358.4674 4776.0 188
358.8080 4784.0 188
359.1541 4784.0 188
0.1978 4784.0 188
6.2787 11608.0 188
12.5134 11752.0 188
14.6558 6672.0 188
15.6995 7368.0 188
25.1367 6128.0 188
25.4993 6096.0 188
26.1365 6200.0 188
27.1692 6312.0 188
28.9655 5416.0 188
29.3280 5448.0 188
32.7338 2676.0 188
33.0908 2652.0 188
33.7775 2616.0 188
34.4806 2572.0 188
34.8267 2536.0 188
35.8704 2508.0 188
36.2164 2468.0 188
36.9635 2428.0 188
37.3260 2396.0 188
38.0127 2368.0 188
39.0619 2324.0 188
40.1056 2272.0 188
40.4517 2244.0 188
41.1987 2220.0 188
41.5613 2188.0 188
42.2479 2160.0 188
42.6050 2136.0 188
43.2916 2112.0 188
43.9948 2084.0 188
44.3408 2076.0 188
44.6869 2068.0 188
45.4340 2046.0 188
46.4832 2026.0 188
46.8402 2004.0 188
47.1863 1992.0 188
47.5269 1978.0 188
48.5760 1952.0 188
48.9166 1930.0 188
49.2792 1924.0 188
49.6198 1916.0 188
49.9658 1902.0 188
50.3723 1878.0 188
50.7184 1870.0 188
51.7621 1872.0 188
52.1246 1850.0 188
52.8113 1850.0 188
53.1519 1810.0 188
53.8550 1812.0 188
54.2010 1804.0 188
54.5581 1786.0 188
54.9042 1776.0 188
55.9479 1770.0 188
56.3544 1736.0 188
57.0465 1734.0 188
57.3871 1732.0 188
58.0902 1726.0 188
58.4363 1718.0 188
59.1394 1712.0 188
59.4800 1706.0 188
59.8260 1692.0 188
60.1831 1676.0 188
60.5292 1668.0 188
60.8698 1676.0 188
61.2323 1668.0 188
61.5729 1660.0 188
62.2650 1650.0 188
62.6221 1644.0 188
63.3746 1634.0 188
63.7152 1628.0 188
64.4183 1618.0 188
64.7644 1608.0 188
65.1050 1616.0 188
65.4675 1602.0 188
65.8081 1594.0 188
66.1542 1600.0 188
66.4948 1586.0 188
66.8573 1582.0 188
67.1979 1592.0 188
67.5439 1584.0 188
67.8900 1576.0 188
68.5931 1582.0 188
68.9337 1576.0 188
69.6368 1570.0 188
69.9829 1560.0 188
70.3235 1550.0 188
70.6860 1552.0 188
71.0266 1546.0 188
71.3727 1538.0 188
71.7297 1540.0 188
72.4823 1536.0 188
72.8229 1536.0 188
73.1250 1538.0 188
73.5260 1522.0 188
73.8721 1512.0 188
74.2181 1522.0 188
74.5587 1520.0 188
74.9213 1514.0 188
75.2618 1516.0 188
75.6079 1518.0 188
75.9650 1508.0 188
76.3110 1506.0 188
76.6516 1512.0 188
76.9977 1504.0 188
77.3547 1500.0 188
77.7008 1500.0 188
78.0469 1502.0 188
78.4039 1492.0 188
78.7500 1484.0 188
79.0906 1486.0 188
80.1398 1486.0 188
80.4803 1488.0 188
80.8264 1482.0 188
81.1835 1482.0 188
81.5295 1486.0 188
81.8701 1484.0 188
82.2327 1478.0 188
82.5732 1462.0 188
83.2654 1468.0 188
83.9685 1472.0 188
84.3091 1472.0 188
84.6716 1466.0 188
85.0122 1464.0 188
85.3583 1468.0 188
85.6989 1468.0 188
86.0614 1462.0 188
86.4020 1462.0 188
86.7480 1470.0 188
87.4512 1464.0 188
87.7917 1452.0 188
88.4839 1456.0 188
89.1870 1462.0 188
89.5276 1460.0 188
89.8737 1454.0 188
90.2142 1458.0 188
90.5768 1466.0 188
90.9174 1464.0 188
91.2634 1468.0 188
91.6040 1472.0 188
91.9666 1472.0 188
92.3071 1474.0 188
92.6532 1472.0 188
92.9993 1458.0 188
93.7024 1462.0 188
94.3890 1472.0 188
94.7296 1470.0 188
95.0757 1468.0 188
95.4327 1470.0 188
95.7788 1474.0 188
96.1249 1478.0 188
96.4655 1480.0 188
96.8115 1478.0 188
97.1686 1478.0 188
97.5146 1490.0 188
97.8552 1496.0 188
98.2013 1484.0 188
98.5419 1480.0 188
98.9044 1480.0 188
99.2450 1486.0 188
99.5911 1492.0 188
99.9371 1488.0 188
100.2942 1488.0 188
100.6403 1496.0 188
100.9808 1498.0 188
101.3269 1498.0 188
101.6675 1508.0 188
102.0300 1508.0 188
102.3706 1506.0 188
102.7167 1506.0 188
103.0573 1504.0 188
103.4033 1510.0 188
103.7604 1520.0 188
104.1064 1528.0 188
104.4525 1524.0 188
104.7931 1518.0 188
105.1392 1520.0 188
105.8423 1526.0 188
106.1829 1534.0 188
106.5289 1536.0 188
106.8750 1536.0 188
107.1716 1538.0 188
107.5122 1544.0 188
108.2153 1544.0 188
108.5614 1540.0 188
108.9020 1544.0 188
109.2480 1554.0 188
109.6051 1562.0 188
110.2917 1572.0 188
110.6378 1576.0 188
110.9839 1572.0 188
111.3409 1580.0 188
112.3242 1738.0 188
113.0109 1750.0 188
113.3075 1764.0 188
113.6536 1766.0 188
113.9996 1770.0 188
114.3402 1772.0 188
120.7617 1478.0 188
121.1078 1478.0 188
121.4484 1486.0 188
121.7944 1492.0 188
122.1515 1498.0 188
122.4976 1506.0 188
122.8436 1510.0 188
123.8708 1514.0 188
125.2606 1464.0 188
125.6067 1458.0 188
125.9528 1450.0 188
126.3593 1438.0 188
126.6998 1424.0 188
127.0624 1408.0 188
127.4030 1396.0 188
128.0896 1382.0 188
128.4357 1370.0 188
128.8422 1360.0 188
129.1827 1346.0 188
129.5288 1334.0 188
129.8859 1326.0 188
130.2319 1316.0 188
130.5780 1306.0 188
130.9186 1298.0 188
131.3251 1290.0 188
131.6711 1278.0 188
132.0117 1268.0 188
132.3578 1262.0 188
132.7148 1258.0 188
133.0609 1248.0 188
133.4015 1238.0 188
133.7476 1230.0 188
134.1541 1222.0 188
134.4946 1214.0 188
134.8407 1208.0 188
136.0931 810.0 188
136.3898 828.0 188
137.0764 840.0 188
137.5433 792.0 188
137.8235 800.0 188
138.1696 806.0 188
138.5266 806.0 188
138.8727 810.0 188
139.2188 806.0 188
139.5593 802.0 188
139.9054 810.0 188
140.2625 816.0 188
140.5426 820.0 188
140.8887 824.0 188
141.2292 826.0 188
141.5918 834.0 188
141.9324 846.0 188
142.2180 854.0 188
143.2617 864.0 188
143.6682 1058.0 188
144.0308 1056.0 188
144.3713 1048.0 188
145.0580 1044.0 188
145.4645 1004.0 188
145.8105 1006.0 188
146.1511 1016.0 188
146.4972 1022.0 188
146.8542 1020.0 188
147.2003 1016.0 188
147.5464 1006.0 188
147.8870 998.0 188
148.2330 996.0 188
148.5736 992.0 188
148.9362 988.0 188
149.2767 984.0 188
150.3699 980.0 188
150.7159 980.0 188
151.0620 980.0 188
151.4026 978.0 188
151.7651 976.0 188
152.1057 972.0 188
152.4518 968.0 188
152.7924 966.0 188
153.1384 962.0 188
153.4790 958.0 188
153.8416 958.0 188
154.1821 956.0 188
154.5282 952.0 188
154.8743 948.0 188
155.2148 946.0 188
155.6213 944.0 188
155.9839 940.0 188
156.3245 940.0 188
156.6705 936.0 188
157.0111 934.0 188
157.3572 932.0 188
157.7142 930.0 188
158.0603 926.0 188
158.4009 924.0 188
158.7469 922.0 188
159.0930 920.0 188
159.4501 918.0 188
159.7961 916.0 188
160.1367 914.0 188
160.4828 912.0 188
160.8893 910.0 188
161.2299 908.0 188
161.5924 906.0 188
161.9330 904.0 188
162.2791 904.0 188
162.6196 902.0 188
162.9657 900.0 188
163.3228 900.0 188
163.6688 898.0 188
164.0149 896.0 188
164.3555 894.0 188
164.7180 894.0 188
165.0586 890.0 188
165.4047 890.0 188
165.7452 888.0 188
166.0913 888.0 188
166.4484 886.0 188
166.7944 884.0 188
167.1405 884.0 188
167.4811 882.0 188
167.8436 882.0 188
168.1842 882.0 188
168.5303 880.0 188
168.9368 878.0 188
169.2773 878.0 188
169.6234 876.0 188
169.9640 874.0 188
170.3265 872.0 188
170.6671 872.0 188
171.0132 874.0 188
171.3593 874.0 188
171.7163 872.0 188
172.0624 872.0 188
172.4030 870.0 188
172.7490 870.0 188
173.0896 868.0 188
173.4521 868.0 188
173.7927 866.0 188
174.1388 868.0 188
174.4794 866.0 188
174.8254 866.0 188
175.1825 866.0 188
175.5286 864.0 188
175.8746 864.0 188
176.2152 864.0 188
176.5778 864.0 188
176.9183 862.0 188
177.2644 862.0 188
177.6050 862.0 188
177.9510 862.0 188
178.3081 862.0 188
178.6542 862.0 188
178.9948 864.0 188
179.3408 864.0 188
179.6979 864.0 188
180.0439 862.0 188
180.3900 862.0 188
180.7306 864.0 188
181.0767 864.0 188
181.4337 864.0 188
181.7798 864.0 188
182.1204 864.0 188
182.4664 864.0 188
182.8235 864.0 188
183.1696 864.0 188
183.5156 866.0 188
183.8562 868.0 188
184.2023 868.0 188
184.5593 868.0 188
184.9054 868.0 188
185.2460 870.0 188
185.5920 870.0 188
185.9326 872.0 188
186.2952 870.0 188
186.6357 872.0 188
186.9818 872.0 188
187.3279 872.0 188
187.6849 872.0 188
188.0310 874.0 188
188.3716 874.0 188
188.7177 876.0 188
189.0582 878.0 188
189.4208 878.0 188
189.7614 878.0 188
190.0415 880.0 188
190.4041 880.0 188
190.7446 882.0 188
191.0907 884.0 188
191.4368 884.0 188
191.7938 886.0 188
192.1399 886.0 188
192.4805 888.0 188
192.8265 890.0 188
193.1671 892.0 188
194.2163 892.0 188
197.5122 814.0 188
197.8583 816.0 188
198.1989 818.0 188
198.5449 818.0 188
198.8416 820.0 188
199.1821 822.0 188
199.5282 822.0 188
199.8743 824.0 188
200.2313 828.0 188
200.5774 830.0 188
200.9180 830.0 188
201.6046 834.0 188
202.3077 842.0 188
202.6538 846.0 188
202.9999 846.0 188
203.2965 848.0 188
203.6371 850.0 188
203.9832 852.0 188
204.3402 854.0 188
204.6863 856.0 188
205.0269 858.0 188
205.3729 860.0 188
205.7135 864.0 188
206.0760 866.0 188
206.4166 868.0 188
206.7627 872.0 188
207.1088 874.0 188
207.4493 876.0 188
207.8119 878.0 188
208.0920 882.0 188
208.4326 886.0 188
208.7952 888.0 188
209.1357 890.0 188
209.4818 894.0 188
209.8279 896.0 188
210.1849 900.0 188
210.5310 904.0 188
210.8716 908.0 188
211.2177 910.0 188
211.5143 912.0 188
211.8549 916.0 188
212.2009 922.0 188
212.5415 924.0 188
212.9041 928.0 188
213.2446 932.0 188
213.9368 936.0 188
214.6399 944.0 188
214.9200 948.0 188
215.2606 954.0 188
215.6232 958.0 188
215.9637 962.0 188
216.3098 958.0 188
216.6559 954.0 188
217.0129 948.0 188
217.4030 940.0 188
217.7655 934.0 188
218.1061 926.0 188
218.4521 920.0 188
218.7927 914.0 188
219.1992 908.0 188
219.5453 902.0 188
219.8859 896.0 188
220.2484 890.0 188
220.5890 884.0 188
220.9955 876.0 188
221.3416 870.0 188
221.6821 864.0 188
222.0282 862.0 188
222.3853 860.0 188
222.7313 850.0 188
223.1378 842.0 188
223.4839 836.0 188
223.8245 832.0 188
224.1705 828.0 188
224.5276 824.0 188
224.9341 818.0 188
225.2802 812.0 188
225.6207 808.0 188
225.9668 804.0 188
226.3239 798.0 188
226.6699 794.0 188
227.0764 788.0 188
227.4170 784.0 188
227.7631 780.0 188
228.1091 774.0 188
228.4662 770.0 188
228.8727 766.0 188
229.2188 758.0 188
229.5593 762.0 188
229.9054 762.0 188
230.2625 750.0 188
230.6085 750.0 188
230.9491 754.0 188
231.2952 760.0 188
231.6522 768.0 188
231.9324 774.0 188
232.2949 782.0 188
232.6355 788.0 188
232.9321 794.0 188
234.6680 806.0 188
235.0140 812.0 188
235.3546 816.0 188
235.6512 824.0 188
235.9973 830.0 188
236.3544 838.0 188
236.6400 848.0 188
236.9806 868.0 188
237.2772 884.0 188
237.6233 892.0 188
237.9803 900.0 188
238.3264 910.0 188
238.6230 920.0 188
238.9636 930.0 188
239.3097 940.0 188
239.6063 948.0 188
239.9524 958.0 188
240.2930 968.0 188
240.6555 980.0 188
240.9357 990.0 188
241.2927 1000.0 188
241.6388 1012.0 188
241.9189 1026.0 188
242.2760 1036.0 188
242.6221 1050.0 188
242.9681 1064.0 188
243.2648 1078.0 188
243.6053 1090.0 188
243.9514 1102.0 188
244.3085 1116.0 188
244.5886 1132.0 188
244.9512 1148.0 188
245.2917 1164.0 188
245.5884 1178.0 188
245.9344 1194.0 188
246.2805 1212.0 188
246.6211 1228.0 188
246.9177 1248.0 188
247.2638 1268.0 188
247.6208 1288.0 188
247.9010 1306.0 188
248.2635 1330.0 188
248.6041 1352.0 188
248.8898 1374.0 188
249.2468 1396.0 188
249.5929 1418.0 188
249.9335 1444.0 188
250.2301 1472.0 188
250.5762 1496.0 188
250.9167 1524.0 188
251.2134 1554.0 188
251.5594 1584.0 188
251.9165 1612.0 188
252.2021 1642.0 188
252.5592 1678.0 188
252.9053 1716.0 188
253.2458 1754.0 188
253.5425 1794.0 188
253.8885 1836.0 188
254.2291 1870.0 188
254.5313 1908.0 188
254.8718 1956.0 188
255.2179 2006.0 188
255.5145 2056.0 188
255.8551 2112.0 188
256.2012 2160.0 188
256.5417 2216.0 188
256.8384 2280.0 188
257.1844 2348.0 188
257.8711 2416.0 188
258.8544 2568.0 188
260.7770 3600.0 188
262.5128 3916.0 188
262.8589 3944.0 188
263.1995 3984.0 188
263.8422 4184.0 188
265.8087 7336.0 188
266.1548 7320.0 188
266.8414 7376.0 188
267.1875 7328.0 188
267.5446 7168.0 188
267.8906 7072.0 188
268.8739 11576.0 188
269.2145 11600.0 188
269.5605 11616.0 188
269.9011 11632.0 188
270.2472 11680.0 188
270.6042 11672.0 188
270.9503 11536.0 188
271.2964 11328.0 188
271.6370 11224.0 188
271.9830 11240.0 188
272.3236 11344.0 188
273.0267 11376.0 188
273.3728 9144.0 188
274.0594 9032.0 188
275.2185 5680.0 188
276.3721 3928.0 188
277.4048 3916.0 188
279.4812 3548.0 188
281.3873 2604.0 188
281.7334 2532.0 188
282.0740 2468.0 188
282.4805 2404.0 188
282.8265 2340.0 188
283.1671 2284.0 188
283.9197 2224.0 188
292.5934 1418.0 188
296.5924 1210.0 188
296.9330 1198.0 188
297.2791 1184.0 188
297.6855 1170.0 188
298.0426 1156.0 188
298.3887 1142.0 188
298.7292 1130.0 188
299.1357 1116.0 188
299.4818 1104.0 188
299.8279 1094.0 188
300.1849 1082.0 188
300.5914 1068.0 188
300.9375 1056.0 188
301.2781 1046.0 188
301.6241 1036.0 188
301.9812 1026.0 188
302.3712 1016.0 188
302.7338 1006.0 188
303.0743 998.0 188
303.4204 992.0 188
303.8269 982.0 188
304.1675 972.0 188
304.5300 962.0 188
304.8706 954.0 188
305.2167 946.0 188
305.6232 938.0 188
305.9637 928.0 188
306.3702 910.0 188
306.7163 894.0 188
307.0734 886.0 188
307.4194 880.0 188
307.8259 872.0 188
308.1665 866.0 188
308.8586 860.0 188
309.9023 858.0 188
310.2484 854.0 188
310.6055 848.0 188
311.0120 842.0 188
311.3580 836.0 188
311.6986 830.0 188
312.0447 824.0 188
312.4512 818.0 188
312.7917 818.0 188
313.1543 812.0 188
313.7915 836.0 188
314.1376 832.0 188
314.4836 836.0 188
314.8242 842.0 188
315.1868 846.0 188
315.4669 852.0 188
315.8240 858.0 188
316.1700 864.0 188
316.5106 868.0 188
316.8567 874.0 188
317.1533 880.0 188
317.4994 886.0 188
317.8564 892.0 188
318.2025 898.0 188
318.5431 902.0 188
318.8892 908.0 188
319.1858 916.0 188
319.5264 926.0 188
319.8889 934.0 188
320.2295 938.0 188
320.5756 942.0 188
320.8722 950.0 188
321.2183 956.0 188
321.5588 964.0 188
321.9214 972.0 188
322.2620 980.0 188
322.5421 988.0 188
322.9047 992.0 188
323.2452 998.0 188
323.5913 1006.0 188
323.9374 1014.0 188
324.2944 1022.0 188
324.5746 1034.0 188
324.9371 1046.0 188
325.2777 1056.0 188
325.6238 1062.0 188
325.9204 1072.0 188
326.2610 1084.0 188
326.6071 1094.0 188
326.9641 1104.0 188
327.3102 1114.0 188
327.5903 1124.0 188
327.9529 1136.0 188
328.2935 1146.0 188
328.6395 1156.0 188
328.9362 1172.0 188
329.2767 1184.0 188
329.6228 1194.0 188
329.9799 1204.0 188
330.3259 1216.0 188
330.6226 1232.0 188
330.9686 1248.0 188
331.3092 1260.0 188
331.6553 1276.0 188
332.0123 1294.0 188
332.2925 1310.0 188
332.6385 1324.0 188
332.9956 1338.0 188
333.3417 1352.0 188
333.6383 1368.0 188
333.9844 1390.0 188
334.3250 1408.0 188
334.6710 1428.0 188
335.0281 1446.0 188
335.3082 1464.0 188
335.6708 1486.0 188
336.0114 1510.0 188
336.3574 1530.0 188
336.6541 1548.0 188
336.9946 1572.0 188
337.3407 1600.0 188
337.6868 1624.0 188
337.9834 1648.0 188
338.3240 1672.0 188
338.6865 1700.0 188
339.0271 1732.0 188
339.3237 1758.0 188
339.6698 1786.0 188
340.0104 1818.0 188
340.3564 1852.0 188
340.7135 1886.0 188
340.9991 1918.0 188
341.3562 1952.0 188
341.7023 1996.0 188
342.0428 2032.0 188
342.3395 2068.0 188
342.6855 2120.0 188
343.0261 2164.0 188
343.3722 2204.0 188
343.6688 2248.0 188
344.0149 2292.0 188
344.3719 2340.0 188
344.7180 2396.0 188
345.0146 2460.0 188
345.3552 2524.0 188
345.7013 2584.0 188
346.0419 2660.0 188
346.4044 2732.0 188
346.6846 2808.0 188
347.3877 2884.0 188
347.7338 3060.0 188
348.0304 3152.0 188
348.3710 3248.0 188
350.4034 4016.0 188
