#RPLIDAR SCAN DATA
#COUNT=746
#Angule	Distance	Quality
352.5128 5904.0 188
352.8589 5872.0 188
353.1995 5856.0 188
353.5455 5848.0 188
353.8861 5840.0 188
354.2322 5848.0 188
354.5728 5856.0 188
354.9188 5888.0 188
355.2649 5920.0 188
355.8856 7200.0 188
356.2317 7200.0 188
356.5778 7208.0 188
356.9183 7200.0 188
357.2644 7200.0 188
357.6050 7208.0 188
357.9510 7192.0 188
358.2916 7184.0 188
358.6377 7184.0 188
358.9838 7184.0 188
359.3243 7184.0 188
359.6704 7200.0 188
0.0110 7200.0 188
0.3571 7200.0 188
0.7031 7192.0 188
1.0437 7192.0 188
1.3898 7192.0 188
1.7303 7184.0 188
2.0764 7200.0 188
2.4170 7200.0 188
2.7631 7176.0 188
3.1091 7176.0 188
4.0759 9208.0 188
7.1686 9200.0 188
10.2612 9272.0 188
12.0300 7352.0 188
12.3706 7392.0 188
12.7167 7408.0 188
13.0573 7440.0 188
13.4033 7464.0 188
13.7494 7456.0 188
14.0900 7472.0 188
14.4360 7488.0 188
14.7766 7488.0 188
15.1392 7488.0 188
15.4797 7480.0 188
15.8258 7488.0 188
16.1719 7496.0 188
16.5125 7520.0 188
16.8585 7536.0 188
17.1991 7544.0 188
17.5452 7560.0 188
17.8857 7576.0 188
18.2318 7592.0 188
18.5779 7592.0 188
18.9185 7688.0 188
19.2645 7680.0 188
19.6051 7616.0 188
19.9512 7552.0 188
20.2917 7376.0 188
20.6378 7224.0 188
20.9839 7112.0 188
21.3245 7040.0 188
21.6705 6992.0 188
22.0111 6912.0 188
22.3572 6792.0 188
22.6978 6616.0 188
23.3899 6248.0 188
23.7305 6192.0 188
24.1370 6136.0 188
24.4830 6080.0 188
24.8236 6008.0 188
25.1697 5960.0 188
25.5103 5928.0 188
25.8563 5864.0 188
26.2024 5800.0 188
26.5430 5744.0 188
26.8890 5680.0 188
27.2296 5632.0 188
27.9218 5584.0 188
28.9490 5432.0 188
29.2950 5520.0 188
29.9817 5072.0 188
30.3278 5032.0 188
30.6683 4992.0 188
31.0144 4936.0 188
31.4209 4896.0 188
31.7615 4896.0 188
32.1075 4912.0 188
32.3877 4928.0 188
32.7338 4944.0 188
33.0743 4968.0 188
36.7328 1694.0 188
37.0734 1694.0 188
37.4194 1696.0 188
37.7655 1698.0 188
38.1061 1698.0 188
38.4521 1700.0 188
38.7927 1702.0 188
39.1388 1702.0 188
39.4794 1706.0 188
39.8254 1710.0 188
41.0889 2032.0 188
41.4349 2034.0 188
41.7810 2038.0 188
42.1216 2042.0 188
42.4677 2044.0 188
42.8082 2048.0 188
43.1543 2048.0 188
43.4509 2052.0 188
43.7915 2056.0 188
44.1376 2056.0 188
44.4836 2060.0 188
44.8242 2064.0 188
45.1703 2068.0 188
45.5109 2072.0 188
45.8569 2076.0 188
46.2030 2080.0 188
46.5436 2084.0 188
46.8896 2088.0 188
47.2302 2092.0 188
47.5763 2100.0 188
47.9169 2104.0 188
48.2629 2108.0 188
48.6090 2112.0 188
48.9496 2116.0 188
49.2957 2120.0 188
49.6362 2124.0 188
49.9823 2128.0 188
50.3229 2132.0 188
50.6689 2136.0 188
51.0150 2144.0 188
52.2620 1164.0 188
52.6080 1158.0 188
52.9486 1142.0 188
53.2947 1130.0 188
53.6353 1118.0 188
54.0417 1106.0 188
54.3878 1096.0 188
54.7339 1086.0 188
55.0745 1078.0 188
55.4645 1068.0 188
55.8270 1058.0 188
56.1676 1048.0 188
56.5137 1040.0 188
56.8542 1032.0 188
57.2498 1022.0 188
57.5903 1014.0 188
57.9364 1006.0 188
58.2770 998.0 188
58.6230 990.0 188
58.9636 984.0 188
59.3701 976.0 188
59.7162 968.0 188
60.0623 962.0 188
60.4028 954.0 188
60.7489 948.0 188
61.1554 940.0 188
61.4960 934.0 188
61.8420 928.0 188
62.1826 922.0 188
62.5287 916.0 188
62.9187 910.0 188
63.2648 902.0 188
63.6053 898.0 188
63.9514 892.0 188
64.2920 886.0 188
64.6381 882.0 188
65.0446 876.0 188
65.3906 870.0 188
65.7312 864.0 188
66.0773 860.0 188
66.4178 854.0 188
66.7639 850.0 188
67.1704 846.0 188
67.5110 840.0 188
67.8571 836.0 188
68.2031 832.0 188
68.5437 826.0 188
68.8898 822.0 188
69.2798 818.0 188
69.6204 814.0 188
69.9664 810.0 188
70.3125 806.0 188
70.6531 802.0 188
70.9991 798.0 188
71.3397 794.0 188
71.7462 790.0 188
72.0923 786.0 188
72.4329 782.0 188
72.7789 778.0 188
73.1250 774.0 188
73.4656 772.0 188
73.8721 768.0 188
74.2181 764.0 188
74.5587 762.0 188
74.9048 758.0 188
75.2454 754.0 188
75.5914 752.0 188
75.9375 748.0 188
76.2781 746.0 188
76.6846 742.0 188
77.0306 740.0 188
77.3712 738.0 188
77.7173 738.0 188
78.0579 738.0 188
78.4039 732.0 188
78.7500 734.0 188
79.0906 742.0 188
79.3707 748.0 188
79.7168 754.0 188
80.0574 762.0 188
80.4034 768.0 188
80.6836 776.0 188
81.0297 784.0 188
81.3702 792.0 188
81.6559 800.0 188
81.9965 808.0 188
82.3425 818.0 188
82.6392 826.0 188
82.9797 836.0 188
83.3093 846.0 188
83.6060 856.0 188
83.9520 866.0 188
84.2926 876.0 188
84.5728 888.0 188
84.9188 898.0 188
85.2649 908.0 188
85.5450 920.0 188
85.8856 932.0 188
86.2317 944.0 188
86.5118 956.0 188
86.8579 970.0 188
87.1985 982.0 188
87.4951 996.0 188
87.8247 1010.0 188
88.1708 1024.0 188
88.4674 1040.0 188
88.8080 1054.0 188
89.0936 1070.0 188
89.4342 1086.0 188
89.7803 1102.0 188
90.0604 1120.0 188
90.4010 1138.0 188
90.7471 1158.0 188
91.0272 1176.0 188
91.3733 1196.0 188
91.7139 1216.0 188
92.0105 1238.0 188
92.3566 1260.0 188
92.6862 1284.0 188
92.9828 1306.0 188
93.3234 1332.0 188
93.6694 1360.0 188
93.9496 1388.0 188
94.2957 1416.0 188
94.5758 1448.0 188
94.9219 1480.0 188
95.2625 1512.0 188
95.5591 1546.0 188
96.9324 2596.0 188
97.2784 2592.0 188
97.6245 2596.0 188
97.9486 2608.0 188
98.2947 2608.0 188
98.6353 2604.0 188
98.9813 2612.0 188
99.3274 2616.0 188
99.6680 2620.0 188
100.0140 2620.0 188
100.3546 2616.0 188
100.7007 2620.0 188
101.0468 2632.0 188
101.3873 2632.0 188
102.4036 2624.0 188
102.7496 2640.0 188
103.4363 2656.0 188
105.4962 2688.0 188
106.4685 2740.0 188
106.8091 2748.0 188
107.1552 2752.0 188
107.4957 2756.0 188
107.8418 2760.0 188
108.5284 2764.0 188
110.2313 2736.0 188
110.6378 2680.0 188
110.9839 2632.0 188
111.3245 2584.0 188
111.6541 2536.0 188
111.9946 2500.0 188
112.3407 2464.0 188
112.7472 2428.0 188
113.0933 2388.0 188
113.4338 2348.0 188
113.7634 2312.0 188
114.1040 2280.0 188
114.4501 2244.0 188
114.8566 2216.0 188
115.2026 2188.0 188
115.5432 2156.0 188
115.8893 2132.0 188
116.2134 2116.0 188
116.9659 1940.0 188
117.3120 1906.0 188
117.7020 1882.0 188
118.0426 1858.0 188
118.3887 1838.0 188
118.7292 1818.0 188
119.0753 1798.0 188
119.4214 1778.0 188
119.7620 1762.0 188
120.1520 1748.0 188
120.4980 1728.0 188
120.8386 1710.0 188
121.1847 1692.0 188
121.5308 1676.0 188
121.8713 1660.0 188
122.2174 1644.0 188
122.6074 1628.0 188
122.9480 1616.0 188
123.2941 1604.0 188
123.6401 1592.0 188
123.9807 1578.0 188
124.3268 1562.0 188
124.6509 1550.0 188
125.0574 1536.0 188
125.4034 1522.0 188
125.7495 1508.0 188
126.0901 1498.0 188
126.4362 1486.0 188
126.7767 1472.0 188
127.1063 1464.0 188
127.4524 1454.0 188
127.8589 1444.0 188
128.1995 1432.0 188
128.5455 1422.0 188
128.8861 1412.0 188
129.2157 1402.0 188
129.5618 1392.0 188
129.9023 1382.0 188
130.2484 1374.0 188
130.5890 1370.0 188
130.9955 1362.0 188
131.3251 1354.0 188
131.6711 1350.0 188
132.0117 1348.0 188
132.3578 1348.0 188
132.6984 1352.0 188
133.0444 1358.0 188
133.3905 1360.0 188
133.7311 1366.0 188
134.0112 1374.0 188
134.3573 1380.0 188
134.6979 1388.0 188
135.0439 1396.0 188
135.3900 1406.0 188
135.7306 1416.0 188
136.0767 1424.0 188
136.4063 1434.0 188
136.7468 1444.0 188
137.0435 1450.0 188
137.3895 1458.0 188
137.7301 1468.0 188
138.0597 1480.0 188
138.4058 1490.0 188
138.7463 1500.0 188
139.0924 1512.0 188
139.4330 1524.0 188
139.7791 1536.0 188
140.0592 1548.0 188
140.4053 1556.0 188
140.7458 1566.0 188
141.0919 1578.0 188
141.4325 1590.0 188
141.7786 1602.0 188
142.1246 1616.0 188
142.4652 1630.0 188
142.7454 1642.0 188
143.0914 1658.0 188
143.4375 1670.0 188
143.7781 1682.0 188
144.1241 1696.0 188
144.4482 1712.0 188
144.7943 1726.0 188
145.1404 1742.0 188
145.4370 1758.0 188
145.7776 1774.0 188
146.1072 1790.0 188
146.4478 1808.0 188
146.7938 1824.0 188
147.1399 1838.0 188
147.4805 1856.0 188
147.8265 1876.0 188
148.1067 1896.0 188
148.7933 1924.0 188
149.5459 3132.0 188
149.8865 3120.0 188
150.2325 3112.0 188
150.5731 3100.0 188
150.9192 3080.0 188
151.3092 3064.0 188
151.6553 3056.0 188
151.9958 3048.0 188
152.3419 3032.0 188
152.6825 3020.0 188
153.0286 3008.0 188
153.3746 2996.0 188
153.7152 2992.0 188
154.0613 2984.0 188
154.3854 2972.0 188
154.7314 2960.0 188
155.0775 2952.0 188
155.4181 2940.0 188
155.7642 2932.0 188
156.1047 2924.0 188
156.4508 2916.0 188
156.7969 2908.0 188
157.1375 2900.0 188
157.4835 2896.0 188
157.8241 2892.0 188
158.1702 2880.0 188
158.4998 2868.0 188
158.8403 2868.0 188
159.1864 2880.0 188
159.5270 2900.0 188
159.8730 2932.0 188
160.2136 2976.0 188
160.5597 3016.0 188
160.9058 3048.0 188
161.1859 3084.0 188
161.5265 3136.0 188
161.8726 3188.0 188
162.2186 3236.0 188
162.5592 3292.0 188
162.9053 3356.0 188
163.2458 3412.0 188
163.5919 3480.0 188
163.8721 3576.0 188
164.2181 3648.0 188
164.5587 3696.0 188
164.9048 3760.0 188
165.2454 3828.0 188
165.5914 3924.0 188
165.9210 4016.0 188
166.2616 4092.0 188
166.5582 4184.0 188
166.9043 4288.0 188
167.5305 5344.0 188
167.8711 5336.0 188
168.2172 5328.0 188
168.5577 5320.0 188
168.9038 5312.0 188
169.9200 5328.0 188
170.8429 10504.0 188
171.1835 10496.0 188
171.8701 10504.0 188
174.8859 12960.0 188
175.9186 12936.0 188
176.9952 10368.0 188
177.6874 10288.0 188
178.0280 10320.0 188
178.3740 10432.0 188
178.7146 10496.0 188
179.0607 10536.0 188
179.4012 10560.0 188
179.7473 10544.0 188
180.0769 10552.0 188
180.4175 10568.0 188
180.7635 10576.0 188
181.1041 10576.0 188
182.1368 10568.0 188
182.4829 11520.0 188
183.1531 11520.0 188
183.5596 7496.0 188
183.9056 7464.0 188
184.2462 7440.0 188
184.5923 7440.0 188
184.9329 7456.0 188
185.2625 7480.0 188
185.6085 7552.0 188
186.2457 10640.0 188
186.5753 10640.0 188
186.9214 10672.0 188
187.2620 10680.0 188
188.2947 10704.0 188
188.9813 10696.0 188
189.3274 10728.0 188
189.6680 10728.0 188
189.9976 10704.0 188
190.3436 10712.0 188
190.6842 10736.0 188
191.0303 10744.0 188
191.3708 10768.0 188
191.7169 10800.0 188
192.4036 10848.0 188
193.0737 10824.0 188
193.4198 10784.0 188
194.4525 9784.0 188
195.1392 10888.0 188
195.4797 10912.0 188
195.8258 10928.0 188
196.4960 10232.0 188
197.1826 11016.0 188
197.5287 11040.0 188
197.8748 11072.0 188
198.2153 11112.0 188
198.5614 11128.0 188
198.9020 11136.0 188
199.5776 11144.0 188
200.6049 10672.0 188
200.8905 12312.0 188
201.7474 5296.0 188
202.0935 5304.0 188
202.4341 5296.0 188
202.7802 5280.0 188
203.1207 5264.0 188
203.4503 5256.0 188
203.7964 5240.0 188
204.1370 5224.0 188
204.4830 5200.0 188
204.8236 5192.0 188
205.8563 5192.0 188
207.7625 944.0 188
208.1085 932.0 188
208.4491 922.0 188
208.7952 914.0 188
209.2017 906.0 188
209.5313 900.0 188
209.8718 896.0 188
210.2179 890.0 188
210.5585 886.0 188
210.9045 882.0 188
211.2946 878.0 188
211.6406 876.0 188
211.9812 872.0 188
212.3273 870.0 188
212.6678 866.0 188
213.0139 864.0 188
213.3545 862.0 188
213.7006 860.0 188
214.0302 858.0 188
214.3707 858.0 188
214.7168 856.0 188
215.0574 856.0 188
215.4034 854.0 188
215.7495 854.0 188
216.0901 852.0 188
216.4362 852.0 188
216.7603 852.0 188
217.1063 854.0 188
217.4524 852.0 188
217.7930 854.0 188
218.1390 854.0 188
218.4796 854.0 188
218.8257 856.0 188
219.1718 856.0 188
219.4958 858.0 188
219.8419 858.0 188
220.1825 860.0 188
220.5286 864.0 188
220.8746 866.0 188
221.2152 866.0 188
221.5613 868.0 188
221.9019 870.0 188
222.2314 874.0 188
222.5775 878.0 188
222.8741 882.0 188
223.1982 886.0 188
223.5443 890.0 188
223.8904 896.0 188
224.2310 900.0 188
224.5770 904.0 188
224.8572 912.0 188
225.1978 918.0 188
225.5438 928.0 188
225.8899 938.0 188
226.1700 950.0 188
226.5106 962.0 188
227.4829 986.0 188
228.7628 5040.0 188
229.0924 5048.0 188
229.4330 5048.0 188
229.7791 5056.0 188
230.1196 5056.0 188
230.4657 5048.0 188
230.8118 5048.0 188
231.1523 5056.0 188
231.4984 5064.0 188
231.8280 5072.0 188
232.1686 5080.0 188
232.5146 5080.0 188
232.8552 5080.0 188
233.2013 5088.0 188
233.5419 5096.0 188
233.8879 5104.0 188
234.2340 5112.0 188
234.5581 5112.0 188
234.9042 5096.0 188
235.6512 4824.0 188
236.6235 5160.0 188
237.3541 4368.0 188
237.7002 4392.0 188
238.3264 5208.0 188
238.6670 5224.0 188
239.0131 5224.0 188
239.3591 5240.0 188
239.6997 5256.0 188
240.0293 5272.0 188
240.3699 5288.0 188
240.7159 5304.0 188
241.7487 5304.0 188
242.7759 5960.0 188
243.7482 6808.0 188
245.4510 6912.0 188
245.7916 6928.0 188
246.1377 6936.0 188
246.8243 6944.0 188
252.1692 3264.0 188
255.5420 3784.0 188
255.8881 3768.0 188
256.2341 3752.0 188
256.5747 3736.0 188
256.9043 3736.0 188
257.2449 3744.0 188
258.3435 3260.0 188
259.3103 3764.0 188
260.7330 3228.0 188
261.4197 3224.0 188
263.2489 6872.0 188
264.2651 7000.0 188
267.5116 3608.0 188
285.7764 8792.0 188
305.3540 7792.0 188
305.7001 7784.0 188
306.0461 7768.0 188
306.3702 7744.0 188
306.7163 7744.0 188
307.0624 7776.0 188
307.4030 7824.0 188
307.7490 7864.0 188
308.0896 7888.0 188
308.4357 7904.0 188
308.7762 7920.0 188
309.1223 7928.0 188
309.4684 7960.0 188
309.8090 8008.0 188
310.1550 8072.0 188
310.4956 8152.0 188
312.4951 9952.0 188
313.5114 9984.0 188
313.8574 9824.0 188
314.1980 9696.0 188
314.5441 9592.0 188
314.8901 9544.0 188
315.2307 9480.0 188
315.5768 9408.0 188
315.9174 9360.0 188
316.2634 9304.0 188
316.6040 9280.0 188
316.9501 9280.0 188
317.2961 9296.0 188
317.6202 9344.0 188
317.9663 9424.0 188
318.6530 9392.0 188
318.9990 8992.0 188
319.3396 8968.0 188
319.6857 8936.0 188
320.0262 8888.0 188
320.3723 8856.0 188
320.7184 8800.0 188
321.0590 8744.0 188
321.4050 8704.0 188
321.7456 8664.0 188
322.0917 8608.0 188
322.4213 8568.0 188
322.7618 8520.0 188
323.1079 8472.0 188
323.4485 8432.0 188
323.7946 8384.0 188
324.1406 8368.0 188
324.4812 8392.0 188
324.8273 8456.0 188
325.8545 8568.0 188
326.2500 6912.0 188
326.5906 6888.0 188
326.9366 6872.0 188
327.2772 6872.0 188
327.6233 6880.0 188
327.9639 6920.0 188
328.9966 6976.0 188
329.6228 9624.0 188
329.9634 9576.0 188
330.3094 9584.0 188
330.6555 9624.0 188
330.9961 9592.0 188
331.3422 9536.0 188
331.6718 9512.0 188
332.0123 9480.0 188
332.3584 9440.0 188
332.6990 9408.0 188
333.0450 9368.0 188
333.3856 9336.0 188
333.7317 9328.0 188
334.0778 9296.0 188
334.4183 9280.0 188
334.7644 9272.0 188
335.1050 9224.0 188
336.1377 9176.0 188
337.9010 7696.0 188
338.2471 7680.0 188
338.5931 7648.0 188
338.9337 7632.0 188
339.2633 7600.0 188
339.6094 7584.0 188
339.9500 7584.0 188
340.2960 7560.0 188
340.6366 7560.0 188
340.9827 7552.0 188
341.3232 7536.0 188
341.6693 7528.0 188
342.0154 7512.0 188
342.3560 7488.0 188
342.7020 7488.0 188
343.0426 7472.0 188
343.3887 7456.0 188
343.7183 7440.0 188
344.0588 7424.0 188
344.4049 7424.0 188
344.7455 7416.0 188
345.0916 7400.0 188
345.4321 7392.0 188
345.7782 7384.0 188
346.1243 7368.0 188
346.4648 7352.0 188
346.8109 7352.0 188
347.1515 7352.0 188
347.4976 7336.0 188
348.1677 7032.0 188
348.5138 6984.0 188
348.8544 6976.0 188
349.2004 6968.0 188
349.5465 7000.0 188
350.2332 7280.0 188
350.5737 7280.0 188
350.9198 7256.0 188
351.2604 7248.0 188
351.6064 7264.0 188
