#RPLIDAR SCAN DATA
#COUNT=780
#Angule	Distance	Quality
352.5128 14576.0 188
353.5126 16896.0 188
354.5123 17104.0 188
356.5118 15600.0 188
356.8414 15600.0 188
357.1875 15592.0 188
357.5116 15624.0 188
357.8412 15608.0 188
358.1873 15560.0 188
358.5114 15552.0 188
358.8409 15552.0 188
359.1870 15584.0 188
359.5111 15584.0 188
359.8572 15544.0 188
0.1868 15544.0 188
0.5109 15560.0 188
0.8569 15560.0 188
1.1865 15552.0 188
1.5106 15440.0 188
1.8567 15376.0 188
2.1863 15488.0 188
2.5104 15552.0 188
2.8564 15568.0 188
3.1860 15600.0 188
3.5156 15584.0 188
4.1858 14400.0 188
4.5154 14456.0 188
5.2954 7800.0 188
5.6360 7752.0 188
5.9656 7736.0 188
6.2952 7736.0 188
6.6357 7752.0 188
6.9653 7776.0 188
7.6355 7840.0 188
8.5144 15624.0 188
11.8542 15712.0 188
12.1838 15832.0 188
12.5299 15944.0 188
12.8540 15976.0 188
13.1836 16008.0 188
13.5297 16008.0 188
13.8593 16024.0 188
14.5294 16064.0 188
15.2490 9024.0 188
15.5731 9040.0 188
16.2488 9024.0 188
16.5729 9016.0 188
18.5889 1200.0 188
18.9185 1182.0 188
19.3085 1168.0 188
19.6381 1158.0 188
19.9841 1150.0 188
20.3082 1142.0 188
20.6378 1136.0 188
20.9839 1130.0 188
21.3080 1126.0 188
21.6376 1120.0 188
22.0276 1116.0 188
22.3737 1112.0 188
22.6978 1110.0 188
23.0273 1106.0 188
23.3734 1102.0 188
23.7030 1102.0 188
24.0271 1100.0 188
24.3732 1098.0 188
24.7028 1096.0 188
25.0269 1096.0 188
25.3729 1094.0 188
25.7025 1094.0 188
26.0431 1094.0 188
26.3727 1094.0 188
26.7023 1094.0 188
27.0428 1094.0 188
27.3724 1096.0 188
27.7020 1096.0 188
28.0426 1098.0 188
28.3722 1100.0 188
28.7018 1102.0 188
29.0424 1104.0 188
29.3719 1106.0 188
29.7015 1108.0 188
30.0421 1112.0 188
30.3717 1114.0 188
30.6519 1118.0 188
30.9814 1122.0 188
31.3275 1128.0 188
31.6516 1132.0 188
31.9812 1138.0 188
32.3273 1146.0 188
32.6514 1154.0 188
32.9974 1162.0 188
33.2611 1172.0 188
33.6072 1184.0 188
33.9368 1198.0 188
34.6069 1222.0 188
35.4968 3888.0 188
35.8264 3860.0 188
36.1670 3832.0 188
36.4966 3796.0 188
36.8262 3768.0 188
37.1667 3736.0 188
37.4963 3704.0 188
37.8424 3680.0 188
38.1665 3656.0 188
38.4961 3616.0 188
38.8422 3580.0 188
39.1718 3552.0 188
39.4958 3548.0 188
39.8419 3552.0 188
40.1715 3552.0 188
40.5121 3564.0 188
40.8417 3580.0 188
41.1713 3600.0 188
41.5118 3628.0 188
41.8414 3652.0 188
42.1875 3668.0 188
42.5116 3684.0 188
42.8412 3700.0 188
43.1873 3716.0 188
43.5114 3728.0 188
43.8574 3748.0 188
44.1870 3764.0 188
44.5111 3784.0 188
44.8572 3804.0 188
45.1868 3828.0 188
45.5273 3860.0 188
45.8569 3884.0 188
46.1865 3900.0 188
46.5271 3924.0 188
46.8567 3948.0 188
47.2028 3972.0 188
47.5269 3996.0 188
47.8564 4028.0 188
48.2025 4060.0 188
48.5266 4064.0 188
48.8727 4052.0 188
49.2023 4064.0 188
49.5264 4088.0 188
49.8120 4104.0 188
50.1526 4128.0 188
50.4822 4144.0 188
50.8118 4168.0 188
51.1523 4200.0 188
51.4819 4232.0 188
51.8280 4256.0 188
52.1521 4280.0 188
52.4817 4312.0 188
52.8278 4336.0 188
53.1519 4360.0 188
53.4979 4384.0 188
53.8275 4416.0 188
54.1516 4440.0 188
54.4977 4472.0 188
54.8273 4512.0 188
55.1514 4560.0 188
55.4974 4592.0 188
55.8270 4624.0 188
56.1676 4640.0 188
56.4972 4632.0 188
56.8268 4616.0 188
57.1674 4600.0 188
57.4969 4576.0 188
57.8430 4552.0 188
58.1671 4536.0 188
58.4967 4520.0 188
58.8428 4496.0 188
59.1669 4480.0 188
59.5129 4464.0 188
59.8425 4448.0 188
60.8423 4424.0 188
61.2323 3880.0 188
61.5729 3880.0 188
61.9025 3888.0 188
62.5122 4296.0 188
62.8583 4312.0 188
63.1824 4304.0 188
63.5120 4288.0 188
63.8580 4264.0 188
64.1821 4264.0 188
64.5117 4248.0 188
64.8578 4232.0 188
65.1874 4216.0 188
65.5115 4200.0 188
65.8575 4192.0 188
66.1871 4184.0 188
66.5277 4168.0 188
66.8573 4160.0 188
67.1869 4152.0 188
67.5275 4136.0 188
67.8571 4128.0 188
68.1866 4112.0 188
68.5272 4104.0 188
68.9172 4092.0 188
69.2468 4080.0 188
69.5764 4060.0 188
69.9170 4056.0 188
70.6366 3132.0 188
70.9662 3124.0 188
71.3123 3116.0 188
71.6364 3108.0 188
71.9824 3100.0 188
72.3120 3096.0 188
72.6361 3088.0 188
72.9822 3080.0 188
73.3722 3072.0 188
73.7018 3068.0 188
74.0259 3072.0 188
74.3115 3076.0 188
74.7015 3068.0 188
75.0311 3064.0 188
75.3717 3064.0 188
75.7013 3056.0 188
76.0309 3052.0 188
76.3715 3044.0 188
76.7010 3036.0 188
77.0416 3024.0 188
77.3712 3008.0 188
77.7008 3004.0 188
78.0469 2996.0 188
78.3710 2992.0 188
78.7006 2984.0 188
79.0466 2976.0 188
79.3707 2972.0 188
79.7003 2968.0 188
80.0464 2968.0 188
80.3705 2964.0 188
80.7166 2956.0 188
81.0461 2968.0 188
81.3702 3008.0 188
81.9800 3176.0 188
82.3260 3256.0 188
82.9962 3484.0 188
83.9355 3576.0 188
84.6057 3768.0 188
84.9353 3768.0 188
85.2759 3764.0 188
85.6055 3756.0 188
85.9351 3752.0 188
86.2811 3752.0 188
86.6052 3756.0 188
86.9348 3752.0 188
87.2809 3748.0 188
87.6050 3748.0 188
87.9346 3744.0 188
88.9508 3748.0 188
89.9506 3668.0 188
90.2802 3700.0 188
90.6042 3736.0 188
90.9503 3736.0 188
91.2799 3736.0 188
91.6040 3736.0 188
91.9501 3736.0 188
92.2797 3736.0 188
92.6202 3736.0 188
92.9498 3736.0 188
93.2794 3736.0 188
93.6200 3736.0 188
93.9496 3740.0 188
94.2792 3732.0 188
94.6198 3732.0 188
94.9493 3736.0 188
95.2789 3736.0 188
95.9491 3740.0 188
97.6080 3740.0 188
97.9486 3744.0 188
98.2782 3744.0 188
98.6078 3748.0 188
98.9484 3752.0 188
99.2780 3748.0 188
99.6075 3752.0 188
99.9371 3756.0 188
100.2777 3756.0 188
100.6073 3760.0 188
100.9369 3780.0 188
101.2775 3780.0 188
101.6071 3768.0 188
101.9366 3772.0 188
102.2772 3772.0 188
102.6068 3760.0 188
102.9364 3736.0 188
104.9359 3812.0 188
105.2655 3824.0 188
105.6061 3828.0 188
105.9357 3832.0 188
106.2653 3840.0 188
106.5894 3844.0 188
106.9354 3856.0 188
107.2650 3864.0 188
107.5891 3864.0 188
107.9352 3872.0 188
108.2648 3884.0 188
108.5889 3892.0 188
108.9349 3900.0 188
109.2645 3908.0 188
109.5886 3916.0 188
109.9347 3916.0 188
110.2643 3920.0 188
110.5884 3928.0 188
110.9180 3936.0 188
111.2640 3940.0 188
111.5936 3948.0 188
111.9177 3948.0 188
112.2638 3952.0 188
112.5934 3964.0 188
112.9175 3968.0 188
113.2635 3972.0 188
113.5931 3980.0 188
113.9172 3992.0 188
114.2468 4004.0 188
114.5929 4004.0 188
114.9170 4012.0 188
115.2466 4024.0 188
115.5927 4028.0 188
115.9167 4044.0 188
116.2463 4028.0 188
116.5924 4008.0 188
116.9165 3996.0 188
117.5757 3816.0 188
117.9218 3804.0 188
119.5752 3660.0 188
119.9213 3628.0 188
120.2454 3588.0 188
120.5750 3548.0 188
120.9650 3504.0 188
121.2946 3460.0 188
121.6406 3420.0 188
121.9647 3388.0 188
122.9645 3360.0 188
123.6237 3152.0 188
123.9642 3180.0 188
124.2938 3160.0 188
124.6234 3140.0 188
124.9640 3124.0 188
125.2936 3132.0 188
125.6232 3176.0 188
125.9637 3216.0 188
126.7932 5568.0 188
127.1228 5576.0 188
127.4524 5584.0 188
127.7765 5584.0 188
128.1226 5592.0 188
128.4521 5600.0 188
128.7762 5616.0 188
129.1058 5632.0 188
129.4519 5648.0 188
129.7760 5664.0 188
130.1056 5672.0 188
130.4352 5680.0 188
130.7813 5696.0 188
131.1053 5712.0 188
131.4349 5728.0 188
131.7810 5744.0 188
132.1051 5760.0 188
132.4347 5776.0 188
132.7643 5792.0 188
133.1049 5808.0 188
133.7640 5824.0 188
134.4342 2392.0 188
134.7638 2380.0 188
135.0934 2368.0 188
136.7633 2380.0 188
137.0929 2404.0 188
138.4827 2228.0 188
138.8123 2204.0 188
139.1364 2180.0 188
139.4659 2172.0 188
139.8120 2164.0 188
140.1361 2152.0 188
140.4657 2136.0 188
140.7953 2128.0 188
141.1359 2136.0 188
141.4655 2148.0 188
141.7950 2156.0 188
142.1246 2168.0 188
142.4652 2180.0 188
142.7948 2196.0 188
143.1244 2216.0 188
143.4045 2236.0 188
144.0582 2260.0 188
144.3384 2720.0 188
145.0580 2276.0 188
145.3876 2264.0 188
145.7336 2256.0 188
146.0577 2248.0 188
146.4478 2232.0 188
146.7773 2228.0 188
147.1069 2220.0 188
147.4530 2208.0 188
147.7771 2200.0 188
148.1067 2188.0 188
148.4363 2180.0 188
148.7769 2172.0 188
149.1064 2160.0 188
149.4360 2152.0 188
149.7656 2140.0 188
150.1062 2136.0 188
150.4358 2128.0 188
150.7654 2116.0 188
151.0895 2108.0 188
151.4355 2100.0 188
151.7651 2092.0 188
152.0892 2084.0 188
152.4188 2080.0 188
152.7649 2072.0 188
153.0890 2068.0 188
153.4186 2060.0 188
153.7482 2050.0 188
154.1382 2042.0 188
154.4843 2036.0 188
154.8083 2032.0 188
155.1379 2022.0 188
155.4675 2014.0 188
155.8081 2012.0 188
156.1377 2006.0 188
156.4673 2000.0 188
156.7969 1994.0 188
157.1375 1988.0 188
157.4670 1978.0 188
157.7966 1974.0 188
158.1372 1968.0 188
158.4668 1956.0 188
158.7964 1950.0 188
159.1205 1948.0 188
160.1202 1944.0 188
166.9043 2924.0 188
167.2339 2912.0 188
167.5745 2912.0 188
167.9041 2920.0 188
168.2336 2920.0 188
168.5577 2916.0 188
168.9038 2916.0 188
169.2334 2884.0 188
169.5575 2848.0 188
169.9036 2872.0 188
170.2332 2896.0 188
170.5573 2888.0 188
170.9033 2876.0 188
171.2329 2876.0 188
171.5625 2872.0 188
171.9031 2876.0 188
172.6227 2684.0 188
172.9523 2668.0 188
173.2928 2668.0 188
173.6224 2664.0 188
173.9520 2664.0 188
174.2926 2656.0 188
174.6222 2644.0 188
174.9518 2644.0 188
176.0614 1424.0 188
176.4020 1420.0 188
177.4017 1424.0 188
178.7311 1062.0 188
179.0771 1062.0 188
179.7308 1068.0 188
180.8405 1880.0 188
181.1700 1866.0 188
181.5106 1864.0 188
181.8402 1864.0 188
182.1698 1864.0 188
182.5104 1862.0 188
182.8400 1862.0 188
183.1696 1862.0 188
183.5156 1864.0 188
183.8397 1862.0 188
184.1693 1862.0 188
184.5154 1864.0 188
184.8395 1864.0 188
185.1691 1862.0 188
185.5151 1866.0 188
185.8392 1868.0 188
186.1688 1866.0 188
186.4984 1864.0 188
186.8390 1864.0 188
187.1686 1866.0 188
187.4982 1868.0 188
187.8387 1868.0 188
188.1683 1870.0 188
189.3384 1536.0 188
190.1678 1878.0 188
190.4974 1878.0 188
190.8435 1880.0 188
191.1676 1882.0 188
191.4972 1884.0 188
191.8433 1884.0 188
192.1674 1886.0 188
192.4969 1888.0 188
192.8265 1890.0 188
193.1067 1892.0 188
193.4528 1894.0 188
193.7769 1898.0 188
194.1064 1900.0 188
194.4360 1902.0 188
194.7766 1906.0 188
195.1062 1918.0 188
196.2762 1156.0 188
196.6058 1154.0 188
196.9354 1156.0 188
197.4957 1244.0 188
197.8253 1262.0 188
198.1714 1268.0 188
198.4955 1268.0 188
198.8251 1268.0 188
199.1547 1272.0 188
199.4952 1276.0 188
199.8248 1276.0 188
200.1544 1278.0 188
200.4950 1292.0 188
201.4343 1970.0 188
201.7639 1976.0 188
202.0935 1980.0 188
202.4341 1984.0 188
202.7637 1990.0 188
203.0933 1994.0 188
203.4338 1998.0 188
203.7634 2000.0 188
204.0930 2006.0 188
204.4171 2012.0 188
204.7632 2018.0 188
205.0928 2022.0 188
205.4169 2026.0 188
205.7629 2028.0 188
206.0925 2032.0 188
206.4166 2038.0 188
206.7627 2040.0 188
207.0923 2048.0 188
207.3724 2052.0 188
207.7020 2060.0 188
208.0261 2068.0 188
209.6521 1112.0 188
210.0311 2084.0 188
210.3552 2108.0 188
210.7013 2112.0 188
211.0309 2120.0 188
211.3550 2128.0 188
211.7010 2140.0 188
212.0306 2148.0 188
212.3547 2152.0 188
212.6843 2160.0 188
213.0304 2168.0 188
213.3545 2172.0 188
213.6841 2184.0 188
214.0302 2192.0 188
215.0299 2216.0 188
215.9637 2240.0 188
217.6227 2280.0 188
217.9688 2296.0 188
218.2928 2280.0 188
218.6224 2280.0 188
218.9685 2284.0 188
219.2926 2296.0 188
219.6222 2312.0 188
219.9518 2320.0 188
220.2924 2328.0 188
220.6219 2340.0 188
220.9515 2352.0 188
221.2921 2360.0 188
221.6217 2372.0 188
221.9513 2380.0 188
222.2919 2392.0 188
222.6215 2408.0 188
222.9510 2428.0 188
223.2806 2440.0 188
223.6212 2452.0 188
223.8904 2464.0 188
224.8407 1658.0 188
225.1703 1642.0 188
225.5603 1630.0 188
226.2140 1620.0 188
227.3895 1334.0 188
227.5598 1638.0 188
227.8235 1644.0 188
228.1696 1654.0 188
229.2188 2724.0 188
229.4824 2740.0 188
229.8230 2756.0 188
230.1526 2776.0 188
230.4822 2800.0 188
230.8118 2824.0 188
231.1523 2848.0 188
231.4819 2864.0 188
231.8115 2880.0 188
232.1521 2900.0 188
232.4817 2928.0 188
232.8113 2956.0 188
233.1354 2980.0 188
233.4814 3000.0 188
233.8110 3020.0 188
234.1406 3044.0 188
234.4208 3076.0 188
234.7449 3108.0 188
235.0745 3132.0 188
235.4205 3164.0 188
235.7446 3192.0 188
236.0742 3216.0 188
236.4203 3248.0 188
236.7499 3280.0 188
237.0740 3300.0 188
237.9639 2188.0 188
238.2935 2180.0 188
238.6230 2176.0 188
238.9636 2180.0 188
240.5731 1108.0 188
242.2321 1516.0 188
242.5616 1470.0 188
242.9022 1470.0 188
243.2318 1466.0 188
243.5614 1462.0 188
243.8855 1466.0 188
244.2316 1478.0 188
244.5612 1496.0 188
244.8853 1512.0 188
245.2148 1530.0 188
246.1707 1548.0 188
246.7639 2848.0 188
247.1045 2840.0 188
247.4341 2836.0 188
247.7637 2848.0 188
248.7634 2884.0 188
283.4033 5816.0 188
283.7494 5808.0 188
284.0735 5824.0 188
284.4031 5840.0 188
284.7327 5864.0 188
285.0732 5904.0 188
285.4028 5928.0 188
292.9340 2836.0 188
293.2635 2804.0 188
293.6041 2788.0 188
293.9337 2776.0 188
294.2633 2764.0 188
294.5929 2752.0 188
294.9335 2748.0 188
295.2631 2744.0 188
295.5927 2740.0 188
295.9332 2736.0 188
296.2628 2736.0 188
296.5924 2740.0 188
296.9165 2740.0 188
297.2626 2744.0 188
297.5922 2752.0 188
297.9218 2760.0 188
298.2458 2772.0 188
298.5919 2784.0 188
298.9215 2796.0 188
299.2456 2816.0 188
299.5917 2852.0 188
300.6848 5384.0 188
301.3550 5808.0 188
301.6846 5848.0 188
302.0142 5840.0 188
302.3547 5824.0 188
303.0139 5808.0 188
303.3435 5808.0 188
304.3433 5784.0 188
304.6838 5776.0 188
305.0134 5768.0 188
305.3430 5752.0 188
305.6671 5760.0 188
306.3428 5752.0 188
306.6669 5736.0 188
306.9965 5736.0 188
307.3425 5720.0 188
307.6666 5712.0 188
307.9962 5704.0 188
308.3423 5704.0 188
308.6719 5704.0 188
308.9960 5704.0 188
309.3256 5696.0 188
309.6716 5688.0 188
309.9957 5696.0 188
310.3253 5688.0 188
310.6549 5688.0 188
310.9955 5680.0 188
311.3251 5696.0 188
311.6547 5704.0 188
311.9843 5688.0 188
312.3248 5688.0 188
312.6544 5680.0 188
312.9840 5680.0 188
313.3246 5680.0 188
313.6542 5720.0 188
313.9838 5712.0 188
314.3079 5680.0 188
314.6539 5680.0 188
315.3076 5664.0 188
315.6372 5232.0 188
316.3074 5264.0 188
316.6370 5672.0 188
316.9830 5680.0 188
317.3071 5680.0 188
317.6367 5680.0 188
317.9663 5688.0 188
318.3124 5696.0 188
318.6365 5696.0 188
318.9661 5696.0 188
319.3121 5696.0 188
319.6362 5704.0 188
319.9658 5704.0 188
320.3119 5704.0 188
320.6360 5712.0 188
320.9656 5720.0 188
321.2952 5720.0 188
321.6357 5720.0 188
321.9653 5728.0 188
322.2949 5736.0 188
323.2947 5504.0 188
324.0143 4912.0 188
324.3549 4768.0 188
324.6844 4632.0 188
325.0140 4496.0 188
325.3546 4360.0 188
325.6842 4304.0 188
326.0138 4312.0 188
326.3544 4312.0 188
326.6840 4312.0 188
327.0135 4320.0 188
327.3431 4320.0 188
327.6837 4328.0 188
328.0133 4336.0 188
328.3429 4344.0 188
328.6835 4344.0 188
329.0131 4344.0 188
329.3427 4352.0 188
329.6832 4368.0 188
330.0128 4376.0 188
330.3424 4384.0 188
330.6830 4392.0 188
331.0126 4392.0 188
331.3422 4400.0 188
331.6718 4408.0 188
332.0123 4416.0 188
332.3419 4424.0 188
332.6715 4368.0 188
333.4021 3676.0 188
333.7317 3680.0 188
334.3854 3688.0 188
334.9951 4504.0 188
335.3412 4520.0 188
335.6708 4528.0 188
335.9949 4536.0 188
336.3409 4544.0 188
336.9946 4248.0 188
337.3407 4184.0 188
337.6703 4136.0 188
337.9999 4100.0 188
338.3899 4056.0 188
338.7140 4008.0 188
339.0601 3952.0 188
339.3896 3904.0 188
339.7137 3888.0 188
340.3894 3896.0 188
340.6696 4124.0 188
340.9991 4100.0 188
341.3892 4056.0 188
341.7188 4012.0 188
342.0428 3968.0 188
342.3889 3920.0 188
342.7185 3872.0 188
343.0426 3840.0 188
343.3887 3804.0 188
343.7183 3760.0 188
344.0424 3720.0 188
344.3719 3712.0 188
344.7180 3728.0 188
345.0421 3744.0 188
345.3717 3760.0 188
345.7178 3768.0 188
346.0419 3780.0 188
346.3715 3796.0 188
346.7175 3808.0 188
347.0416 3820.0 188
347.3712 3840.0 188
347.7008 3852.0 188
348.0469 3864.0 188
348.3710 3884.0 188
348.7006 3896.0 188
349.0466 3904.0 188
349.3707 3924.0 188
349.7003 3940.0 188
350.3705 3960.0 188
