#RPLIDAR SCAN DATA
#COUNT=735
#Angule	Distance	Quality
353.3093 988.0 188
353.6554 984.0 188
354.0619 980.0 188
354.4025 976.0 188
354.7321 972.0 188
355.0781 966.0 188
355.4187 964.0 188
355.7648 960.0 188
356.1053 958.0 188
356.4514 956.0 188
356.7810 956.0 188
357.1216 954.0 188
357.4677 954.0 188
357.8082 952.0 188
358.1543 950.0 188
358.4949 950.0 188
358.8409 948.0 188
359.1705 950.0 188
359.5111 950.0 188
359.8572 950.0 188
0.1978 948.0 188
0.5438 948.0 188
0.8899 950.0 188
1.2305 952.0 188
1.5601 952.0 188
1.9061 954.0 188
2.2467 956.0 188
2.5928 958.0 188
2.9333 960.0 188
3.2794 962.0 188
3.6200 964.0 188
3.9661 966.0 188
4.3121 970.0 188
4.6362 972.0 188
4.9823 976.0 188
5.3229 982.0 188
5.6250 988.0 188
5.9491 992.0 188
6.2952 998.0 188
6.6357 1004.0 188
6.9818 1010.0 188
7.3279 1016.0 188
7.6080 1028.0 188
7.9486 1040.0 188
8.2947 1056.0 188
8.5748 1076.0 188
14.9963 9368.0 188
15.3259 9392.0 188
15.6665 9392.0 188
16.0126 9408.0 188
16.3586 9448.0 188
16.6992 9480.0 188
17.0453 9464.0 188
17.3859 9488.0 188
17.7319 9536.0 188
18.0780 9544.0 188
18.4021 9544.0 188
18.7482 9544.0 188
19.0887 9560.0 188
19.4348 9592.0 188
19.7809 9624.0 188
20.1215 9632.0 188
20.4675 9616.0 188
20.8081 9616.0 188
21.1542 9504.0 188
21.4948 9344.0 188
21.8243 9216.0 188
22.1704 9064.0 188
22.5110 8920.0 188
22.8571 8808.0 188
23.5437 8264.0 188
23.9337 8120.0 188
24.2798 8040.0 188
24.6204 7976.0 188
24.9664 7928.0 188
25.3125 7904.0 188
25.6531 7864.0 188
25.9991 7800.0 188
26.3397 7720.0 188
26.6858 7632.0 188
27.0154 7528.0 188
27.8723 3692.0 188
28.2184 3692.0 188
28.5590 3688.0 188
28.9050 3692.0 188
29.2456 3700.0 188
29.9213 3988.0 188
30.2618 3984.0 188
31.0583 2960.0 188
31.4044 2896.0 188
31.7450 2824.0 188
32.0911 2760.0 188
32.4811 2720.0 188
32.8271 2668.0 188
33.1677 2612.0 188
33.5138 2560.0 188
33.8544 2508.0 188
34.2004 2464.0 188
34.5905 2448.0 188
34.9365 2452.0 188
35.2332 2460.0 188
35.5573 2464.0 188
35.9033 2476.0 188
36.2494 2484.0 188
36.5900 2484.0 188
36.9360 2488.0 188
37.2766 2496.0 188
37.6227 2500.0 188
37.9688 2504.0 188
38.3093 2512.0 188
38.6554 2520.0 188
38.9960 2524.0 188
39.3256 2528.0 188
39.6716 2536.0 188
40.0122 2544.0 188
40.3583 2548.0 188
40.6989 2556.0 188
41.0449 2564.0 188
41.3855 2568.0 188
41.7316 2576.0 188
42.0776 2592.0 188
42.4182 2600.0 188
42.7643 2604.0 188
43.0884 2612.0 188
43.4344 2620.0 188
43.7805 2624.0 188
44.1211 2632.0 188
44.4672 2640.0 188
44.8077 2648.0 188
45.1538 2660.0 188
45.4999 2668.0 188
45.8405 2676.0 188
46.1865 2688.0 188
46.5106 2696.0 188
46.8567 2708.0 188
47.2028 2712.0 188
47.5433 2720.0 188
47.8894 2732.0 188
48.1696 2744.0 188
48.5156 2760.0 188
48.8562 2772.0 188
49.2023 2780.0 188
49.5428 2788.0 188
49.8889 2800.0 188
50.2295 2812.0 188
50.5756 2820.0 188
50.9216 2828.0 188
51.2622 2840.0 188
51.5918 2856.0 188
51.9324 2880.0 188
53.5419 4040.0 188
53.8879 4024.0 188
54.2340 4000.0 188
54.5581 3976.0 188
54.9042 3956.0 188
55.9369 3944.0 188
56.2775 3912.0 188
56.6235 3900.0 188
56.9641 3888.0 188
57.3102 3860.0 188
58.3868 1884.0 188
58.7329 1878.0 188
59.0625 1868.0 188
59.4031 1862.0 188
59.7491 1854.0 188
60.0897 1846.0 188
60.4358 1840.0 188
60.7764 1832.0 188
61.1224 1826.0 188
61.4685 1822.0 188
61.8091 1816.0 188
62.1552 1808.0 188
62.4792 1802.0 188
62.8253 1796.0 188
63.1714 1794.0 188
63.5120 1786.0 188
63.8580 1780.0 188
64.1986 1772.0 188
64.5447 1768.0 188
64.8853 1762.0 188
65.2313 1758.0 188
65.6213 1752.0 188
65.9674 1748.0 188
66.3080 1744.0 188
66.6541 1740.0 188
66.9946 1734.0 188
67.3407 1730.0 188
67.6868 1726.0 188
68.0273 1720.0 188
68.3569 1716.0 188
68.7030 1712.0 188
69.0436 1708.0 188
69.3896 1702.0 188
69.7302 1698.0 188
70.0763 1694.0 188
70.4169 1692.0 188
70.7465 1690.0 188
71.0925 1684.0 188
71.4331 1680.0 188
71.7792 1678.0 188
72.1198 1676.0 188
72.4658 1672.0 188
72.8119 1666.0 188
73.1360 1662.0 188
73.4821 1660.0 188
73.8281 1658.0 188
74.1687 1654.0 188
74.5148 1652.0 188
74.8553 1648.0 188
75.2014 1646.0 188
75.5420 1644.0 188
75.8716 1642.0 188
76.2781 1638.0 188
76.6241 1634.0 188
76.9647 1632.0 188
77.2943 1630.0 188
77.6404 1626.0 188
77.9810 1624.0 188
78.3270 1622.0 188
78.6676 1618.0 188
79.0137 1616.0 188
79.3542 1616.0 188
79.6838 1614.0 188
80.0299 1614.0 188
80.3705 1614.0 188
80.7166 1612.0 188
81.0571 1612.0 188
81.4032 1614.0 188
81.7493 1620.0 188
82.0898 1632.0 188
82.3700 1660.0 188
83.0621 1704.0 188
84.8749 2348.0 188
85.2155 2384.0 188
85.5615 2388.0 188
85.9021 2392.0 188
86.9348 2408.0 188
88.1213 3180.0 188
88.4674 3184.0 188
88.8080 3192.0 188
89.1541 3188.0 188
89.4946 3172.0 188
89.8407 3172.0 188
90.1868 3172.0 188
90.5109 3164.0 188
90.8569 3168.0 188
91.2030 3172.0 188
91.5436 3168.0 188
91.8896 3164.0 188
92.5763 3160.0 188
92.9059 3160.0 188
93.9331 3168.0 188
94.4495 2364.0 188
94.7791 2364.0 188
95.1196 2364.0 188
96.1523 2364.0 188
96.6687 3188.0 188
97.0148 3184.0 188
97.3553 3192.0 188
97.7014 3188.0 188
98.0310 3196.0 188
98.3716 3212.0 188
98.7177 3208.0 188
99.0582 3204.0 188
99.4043 3200.0 188
99.7449 3200.0 188
100.0909 3204.0 188
100.4205 3212.0 188
100.7611 3208.0 188
101.1072 3212.0 188
101.4478 3216.0 188
101.7938 3216.0 188
102.1234 3220.0 188
102.4640 3220.0 188
103.1561 3232.0 188
103.4967 3248.0 188
103.8428 3252.0 188
104.1669 3248.0 188
104.5129 3252.0 188
105.1996 3216.0 188
105.5457 3128.0 188
105.9357 3048.0 188
106.2762 2972.0 188
106.6223 2896.0 188
106.9519 2828.0 188
107.2925 2760.0 188
107.6990 2712.0 188
108.0286 2668.0 188
108.3746 2612.0 188
108.7152 2560.0 188
109.0613 2520.0 188
109.4019 2496.0 188
110.1379 2360.0 188
110.4840 2300.0 188
110.8246 2248.0 188
111.2146 2200.0 188
111.5607 2164.0 188
111.9012 2128.0 188
112.2308 2082.0 188
112.6373 2038.0 188
112.9834 2002.0 188
113.3075 1962.0 188
113.6536 1920.0 188
114.0601 1886.0 188
114.3896 1856.0 188
114.7302 1822.0 188
115.0763 1794.0 188
115.4169 1770.0 188
115.8124 1754.0 188
116.1530 1746.0 188
116.4990 1744.0 188
116.8396 1748.0 188
117.1692 1750.0 188
117.5153 1754.0 188
117.8119 1758.0 188
118.1360 1764.0 188
118.4821 1766.0 188
118.8281 1770.0 188
119.1687 1774.0 188
119.5148 1780.0 188
119.8389 1784.0 188
120.1849 1788.0 188
120.5310 1794.0 188
120.8716 1802.0 188
121.2177 1806.0 188
121.5417 1812.0 188
121.8878 1816.0 188
122.2339 1820.0 188
122.5745 1824.0 188
122.9205 1830.0 188
123.2611 1836.0 188
123.5907 1844.0 188
123.9368 1850.0 188
124.2773 1858.0 188
124.6234 1864.0 188
124.9640 1870.0 188
125.2936 1874.0 188
125.6396 1878.0 188
125.9802 1884.0 188
126.2604 1894.0 188
126.6064 1900.0 188
126.9525 1908.0 188
127.2931 1918.0 188
127.6392 1924.0 188
127.9688 1932.0 188
128.3093 1938.0 188
128.6554 1944.0 188
128.9960 1952.0 188
129.3420 1960.0 188
129.6716 1972.0 188
130.0122 1980.0 188
130.3583 1990.0 188
130.6989 1996.0 188
131.0449 2002.0 188
131.3745 2012.0 188
131.7151 2022.0 188
132.0612 2030.0 188
132.4017 2040.0 188
132.7478 2048.0 188
133.0280 2060.0 188
133.3740 2072.0 188
133.7146 2080.0 188
134.0442 2088.0 188
134.3903 2096.0 188
134.7308 2108.0 188
135.0769 2124.0 188
135.4010 2164.0 188
135.7471 2192.0 188
136.0931 2188.0 188
136.4337 2188.0 188
136.7798 2196.0 188
137.1094 2200.0 188
137.4500 2212.0 188
137.7960 2224.0 188
138.0762 2236.0 188
138.4167 2248.0 188
138.7628 2256.0 188
139.1089 2272.0 188
139.4330 2292.0 188
139.7791 2304.0 188
140.1196 2316.0 188
140.4657 2328.0 188
140.8118 2348.0 188
141.1359 2364.0 188
141.4819 2380.0 188
141.8280 2396.0 188
142.1686 2416.0 188
142.4982 2436.0 188
142.8387 2448.0 188
143.1244 2460.0 188
143.4650 2476.0 188
143.8110 2492.0 188
144.1516 2512.0 188
144.4977 2540.0 188
144.8273 2556.0 188
145.1678 2576.0 188
145.5139 2592.0 188
145.8545 2616.0 188
146.2006 2640.0 188
146.5302 2652.0 188
146.8707 2668.0 188
147.2168 2696.0 188
148.2330 2724.0 188
148.4033 3904.0 188
148.7494 3888.0 188
149.0900 3872.0 188
149.4360 3860.0 188
149.7766 3852.0 188
150.1062 3832.0 188
150.4523 3812.0 188
150.7928 3796.0 188
151.1389 3776.0 188
151.4795 3772.0 188
151.8091 3752.0 188
152.1552 3740.0 188
152.4957 3736.0 188
152.8418 3724.0 188
153.1714 3716.0 188
153.5120 3708.0 188
153.8580 3700.0 188
154.1986 3696.0 188
154.5447 3680.0 188
154.8743 3668.0 188
155.2148 3656.0 188
155.5609 3640.0 188
155.9015 3636.0 188
156.2476 3636.0 188
156.5771 3652.0 188
156.9177 3680.0 188
157.2638 3736.0 188
157.6044 3796.0 188
157.9504 3844.0 188
158.2800 3900.0 188
158.6206 3952.0 188
158.9667 4008.0 188
159.3073 4064.0 188
159.5929 4112.0 188
160.2795 4176.0 188
162.1527 8992.0 188
162.8229 8856.0 188
163.1689 8896.0 188
163.5150 8928.0 188
163.8391 8896.0 188
164.1852 8872.0 188
164.5313 8856.0 188
164.8718 8832.0 188
165.2179 8824.0 188
165.5585 8808.0 188
165.8881 8776.0 188
166.2341 8768.0 188
166.5747 8768.0 188
166.9208 8736.0 188
167.2614 8768.0 188
167.6074 8760.0 188
168.2941 8744.0 188
168.9203 18768.0 188
169.2609 18512.0 188
169.5905 18512.0 188
169.9365 18736.0 188
170.2771 18624.0 188
170.9637 17440.0 188
171.3098 17456.0 188
174.4354 8792.0 188
175.1221 8512.0 188
175.4681 8480.0 188
175.8087 8456.0 188
176.1548 8536.0 188
176.4954 8624.0 188
176.8250 8648.0 188
177.1710 8664.0 188
177.5116 8672.0 188
177.8577 8672.0 188
178.1982 8648.0 188
178.5443 8640.0 188
178.8904 8664.0 188
179.2310 8680.0 188
179.5605 8672.0 188
179.9011 8680.0 188
180.7031 5552.0 188
181.0437 5520.0 188
181.3898 5496.0 188
181.7303 5480.0 188
182.0764 5480.0 188
182.4170 5480.0 188
182.7466 5480.0 188
183.0927 5488.0 188
183.4332 5512.0 188
183.7793 5544.0 188
185.0262 8712.0 188
185.3723 8696.0 188
185.7184 8736.0 188
186.0590 8752.0 188
186.4050 8760.0 188
186.7456 8712.0 188
187.0917 8720.0 188
187.7618 8800.0 188
188.8550 8048.0 188
189.4812 8800.0 188
189.8273 8784.0 188
190.1678 8808.0 188
190.4974 8808.0 188
190.8435 8776.0 188
191.8707 8688.0 188
193.9197 8744.0 188
194.9524 8816.0 188
196.0291 7736.0 188
199.0448 8352.0 188
204.1699 10504.0 188
205.1862 10536.0 188
207.1857 3292.0 188
207.5153 3284.0 188
207.8558 3280.0 188
208.2019 3272.0 188
208.5425 3268.0 188
208.8885 3264.0 188
209.2291 3260.0 188
209.5587 3256.0 188
209.9048 3248.0 188
210.2454 3236.0 188
210.5914 3232.0 188
210.9375 3228.0 188
211.2781 3232.0 188
211.6241 3228.0 188
211.9482 3224.0 188
212.2943 3212.0 188
212.6404 3208.0 188
212.9810 3204.0 188
213.3270 3200.0 188
213.6676 3196.0 188
213.9972 3196.0 188
214.3433 3192.0 188
214.6838 3188.0 188
215.0299 3184.0 188
215.3705 3184.0 188
215.7166 3180.0 188
216.0461 3176.0 188
216.3867 3172.0 188
216.7328 3172.0 188
217.0734 3168.0 188
217.4194 3172.0 188
217.7655 3168.0 188
218.7762 3168.0 188
220.1550 3156.0 188
220.4791 3164.0 188
220.8252 3160.0 188
221.1713 3156.0 188
221.5118 3156.0 188
221.8579 3152.0 188
222.1985 3148.0 188
222.8741 3152.0 188
224.0112 2588.0 188
225.0934 2356.0 188
225.9503 3164.0 188
227.4829 2320.0 188
227.8235 2316.0 188
228.1696 2324.0 188
229.1858 2340.0 188
229.3561 3164.0 188
229.7021 3168.0 188
230.0427 3180.0 188
231.0754 3184.0 188
231.4050 3180.0 188
231.7456 3184.0 188
232.0917 3188.0 188
232.4323 3188.0 188
232.7783 3192.0 188
233.1244 3196.0 188
233.4650 3204.0 188
233.8110 3204.0 188
234.1406 3204.0 188
234.4812 3212.0 188
234.8273 3220.0 188
235.1678 3216.0 188
235.5139 3216.0 188
235.8545 3224.0 188
236.2006 3236.0 188
236.5302 3240.0 188
236.8707 3244.0 188
237.2168 3256.0 188
237.5574 3260.0 188
237.9034 3268.0 188
238.2495 3268.0 188
238.5901 3272.0 188
238.9197 3284.0 188
239.2603 3288.0 188
239.6063 3292.0 188
239.9524 3300.0 188
240.2930 3308.0 188
241.6553 3320.0 188
241.9958 3328.0 188
242.3419 3336.0 188
242.6825 3340.0 188
243.0286 3348.0 188
243.3746 3348.0 188
245.4181 3404.0 188
246.4343 3416.0 188
247.4670 3464.0 188
247.8076 3468.0 188
248.1537 3476.0 188
248.4998 3488.0 188
248.8403 3500.0 188
249.1699 3504.0 188
249.5105 3512.0 188
249.8071 3520.0 188
250.1367 3528.0 188
250.4828 3540.0 188
250.8234 3552.0 188
251.1694 3564.0 188
251.5155 3576.0 188
251.8561 3580.0 188
252.2021 3596.0 188
252.5262 3624.0 188
253.2184 3644.0 188
253.5590 3656.0 188
253.9050 3672.0 188
254.2456 3684.0 188
254.5917 3692.0 188
254.9323 3700.0 188
255.2618 3716.0 188
255.6079 3732.0 188
255.9485 3744.0 188
256.6406 3760.0 188
257.6514 3824.0 188
259.0741 3488.0 188
259.7607 3500.0 188
260.0464 3940.0 188
260.7330 3960.0 188
262.1063 4052.0 188
262.4524 4064.0 188
262.7765 4076.0 188
263.1226 4096.0 188
263.7488 4112.0 188
264.5453 3128.0 188
264.8859 3136.0 188
265.9021 3144.0 188
266.3745 7192.0 188
266.7151 7352.0 188
267.0447 7336.0 188
267.9016 3544.0 188
270.9668 3600.0 188
275.5756 6288.0 188
275.9216 6320.0 188
280.2338 3476.0 188
282.3267 2964.0 188
283.0737 6440.0 188
287.3859 3468.0 188
289.4348 3284.0 188
294.5435 3380.0 188
295.5597 3156.0 188
296.5924 3236.0 188
298.6853 2904.0 188
300.7452 2940.0 188
301.0748 2952.0 188
301.7615 2960.0 188
303.7610 3472.0 188
315.4340 8872.0 188
315.7800 8904.0 188
318.1696 10120.0 188
318.5156 10104.0 188
318.8562 10096.0 188
319.8724 8656.0 188
320.2185 8664.0 188
320.5591 8640.0 188
320.9052 8616.0 188
321.2457 8624.0 188
321.5918 8664.0 188
321.9324 8720.0 188
322.2620 8760.0 188
322.6080 8792.0 188
322.9486 8848.0 188
323.2947 8896.0 188
323.6353 8992.0 188
323.9813 9208.0 188
324.9976 10768.0 188
325.3436 10688.0 188
325.6842 10632.0 188
326.0303 10640.0 188
326.3708 10632.0 188
326.7169 10592.0 188
327.0465 10600.0 188
327.3871 10600.0 188
327.7332 10584.0 188
328.0737 10528.0 188
328.4198 10520.0 188
328.7604 10576.0 188
329.1064 10632.0 188
330.1227 10456.0 188
330.4688 10328.0 188
330.8093 10344.0 188
331.1554 10296.0 188
331.4960 10216.0 188
331.8256 10160.0 188
332.1716 10128.0 188
332.5122 10112.0 188
332.8583 10072.0 188
333.1989 10016.0 188
333.5449 9960.0 188
333.8855 9944.0 188
334.2151 9936.0 188
334.5612 9904.0 188
334.9017 9856.0 188
335.2478 9792.0 188
335.5884 9760.0 188
335.9344 9808.0 188
336.2640 9936.0 188
336.6046 10128.0 188
337.2968 10160.0 188
338.6536 8440.0 188
338.9996 8384.0 188
339.3402 8360.0 188
339.6863 8352.0 188
340.0269 8360.0 188
340.3729 8408.0 188
341.0431 10912.0 188
341.3892 10864.0 188
341.7297 10856.0 188
342.0758 10840.0 188
342.4219 10808.0 188
342.7460 10784.0 188
343.0920 10760.0 188
343.4326 10744.0 188
343.7787 10752.0 188
344.1248 10736.0 188
344.4653 10688.0 188
347.5305 9368.0 188
347.8711 9344.0 188
348.2172 9320.0 188
348.5577 9304.0 188
350.7605 1060.0 188
351.0901 1042.0 188
351.4362 1028.0 188
351.8427 1018.0 188
352.1667 1010.0 188
352.5128 1002.0 188
352.8589 996.0 188
