#RPLIDAR SCAN DATA
#COUNT=654
#Angule	Distance	Quality
7.7783 4560.0 188
8.1244 4520.0 188
8.4650 4496.0 188
8.8110 4488.0 188
9.1516 4480.0 188
9.5142 4472.0 188
9.8547 4464.0 188
10.2008 4472.0 188
10.5469 4472.0 188
10.9039 4480.0 188
11.2500 4496.0 188
11.5906 4520.0 188
11.9366 4576.0 188
14.2603 7320.0 188
14.6063 7304.0 188
14.9524 7280.0 188
15.2930 7264.0 188
15.6555 7248.0 188
15.9961 7224.0 188
16.3422 7208.0 188
16.6992 7200.0 188
17.0453 7192.0 188
17.3859 7184.0 188
17.7319 7176.0 188
18.0890 7176.0 188
18.4351 7176.0 188
18.7811 7160.0 188
19.1217 7160.0 188
19.4843 7152.0 188
19.8248 7136.0 188
20.1709 7128.0 188
20.5280 7128.0 188
20.8740 7112.0 188
21.2146 7096.0 188
21.5607 7096.0 188
21.9177 7088.0 188
22.2638 7080.0 188
22.6044 7072.0 188
22.9669 7072.0 188
23.3075 7056.0 188
23.6536 7056.0 188
23.9996 7056.0 188
24.3567 7024.0 188
24.7028 7008.0 188
25.0433 7024.0 188
25.4059 7016.0 188
25.7465 7000.0 188
26.0925 7000.0 188
26.4331 7000.0 188
26.7957 6992.0 188
27.1362 6992.0 188
27.4823 6992.0 188
27.8394 6984.0 188
28.1854 6984.0 188
28.5260 6976.0 188
29.2291 7464.0 188
29.5752 7488.0 188
29.9213 7488.0 188
30.2618 7488.0 188
30.6244 7480.0 188
30.9650 7472.0 188
31.3110 7472.0 188
31.6681 7472.0 188
32.0142 7480.0 188
32.3547 7480.0 188
32.7008 7488.0 188
33.3435 10400.0 188
33.7006 10368.0 188
34.0466 10368.0 188
34.7498 10376.0 188
36.5460 6328.0 188
36.8866 6280.0 188
37.2327 6256.0 188
37.5732 6240.0 188
37.9358 6240.0 188
38.2764 6248.0 188
38.6224 6272.0 188
38.9795 6304.0 188
39.3256 6392.0 188
39.9683 10440.0 188
41.0120 10424.0 188
41.3580 11272.0 188
41.6986 11256.0 188
42.0447 11272.0 188
42.4017 11312.0 188
42.7478 11328.0 188
43.0884 11336.0 188
43.4509 11344.0 188
44.1376 11376.0 188
45.1868 10904.0 188
50.7458 8928.0 188
51.1084 8928.0 188
51.4490 8880.0 188
51.7950 8864.0 188
52.1356 8872.0 188
52.4982 8952.0 188
53.1354 14840.0 188
53.4814 14944.0 188
58.7494 11840.0 188
59.1064 11808.0 188
59.4525 11816.0 188
59.7931 11920.0 188
60.4358 14760.0 188
60.7764 14920.0 188
61.1389 14968.0 188
61.4795 14880.0 188
61.8256 14848.0 188
62.1716 14848.0 188
62.8748 14168.0 188
63.2153 14040.0 188
63.5614 14008.0 188
63.9185 13984.0 188
64.2645 13856.0 188
64.9512 13856.0 188
65.6982 9480.0 188
66.0608 9520.0 188
67.1539 8072.0 188
68.1372 8960.0 188
69.1864 9528.0 188
73.4216 7960.0 188
73.7622 7952.0 188
74.1083 7944.0 188
74.4653 7952.0 188
74.8114 7944.0 188
75.1520 7952.0 188
75.4980 7960.0 188
75.8551 7952.0 188
76.5417 7936.0 188
77.9370 7088.0 188
78.2776 7072.0 188
78.6401 7056.0 188
78.9807 7056.0 188
79.3268 7064.0 188
79.6674 7056.0 188
80.0299 7056.0 188
80.3705 7064.0 188
80.7166 7032.0 188
81.0571 7024.0 188
81.4197 7088.0 188
81.7603 7136.0 188
82.1063 7144.0 188
82.4524 7136.0 188
82.8094 7112.0 188
83.1555 7112.0 188
83.4961 7160.0 188
83.8422 7160.0 188
84.1827 7144.0 188
84.5453 7152.0 188
84.8859 7152.0 188
85.2319 7168.0 188
85.5780 7184.0 188
85.9351 7184.0 188
86.2811 7176.0 188
86.6217 7184.0 188
86.9678 7192.0 188
87.3083 7176.0 188
87.6709 7160.0 188
88.0115 7144.0 188
88.3575 7112.0 188
88.6981 7136.0 188
89.0607 7120.0 188
91.3074 3884.0 188
91.6534 3660.0 188
92.4060 3448.0 188
92.7466 3360.0 188
93.4332 3276.0 188
93.7958 3092.0 188
94.1858 3008.0 188
94.5428 2932.0 188
94.8889 2860.0 188
95.2295 2784.0 188
95.6360 2724.0 188
97.0313 2552.0 188
97.3718 2500.0 188
97.7783 2448.0 188
98.1244 2396.0 188
98.4650 2348.0 188
98.8110 2304.0 188
99.1681 2268.0 188
99.5746 2228.0 188
99.9207 2184.0 188
100.2612 2140.0 188
100.6073 2088.0 188
100.9479 2056.0 188
101.3104 2060.0 188
101.6510 2064.0 188
101.9971 2068.0 188
102.3431 2072.0 188
102.6837 2080.0 188
103.0463 2084.0 188
103.3868 2092.0 188
103.7329 2096.0 188
104.0735 2100.0 188
104.4360 2104.0 188
104.7766 2112.0 188
105.1227 2116.0 188
105.4688 2124.0 188
105.8093 2132.0 188
106.1719 2136.0 188
106.5125 2144.0 188
106.8585 2152.0 188
107.1991 2156.0 188
107.5616 2164.0 188
107.9022 2168.0 188
108.2483 2172.0 188
108.5889 2180.0 188
108.9349 2188.0 188
109.2920 2196.0 188
109.6381 2204.0 188
109.9841 2212.0 188
110.3247 2220.0 188
111.3739 2232.0 188
115.8234 2280.0 188
116.1694 2272.0 188
116.5265 2272.0 188
116.8726 2268.0 188
117.2186 2264.0 188
117.5592 2260.0 188
117.9053 2252.0 188
118.2623 2244.0 188
118.6084 2240.0 188
119.9213 1556.0 188
120.2783 1548.0 188
120.9650 1542.0 188
122.0581 1524.0 188
122.4042 1504.0 188
122.7612 1496.0 188
123.1073 1486.0 188
123.4479 1484.0 188
123.7939 1480.0 188
124.1400 1474.0 188
124.4971 1468.0 188
124.8431 1458.0 188
125.1837 1450.0 188
125.5902 1444.0 188
125.9363 1436.0 188
126.2769 1428.0 188
126.6229 1424.0 188
126.9800 1418.0 188
127.3260 1412.0 188
127.6666 1406.0 188
128.0127 1404.0 188
128.3698 1400.0 188
128.7158 1394.0 188
129.4025 1392.0 188
129.7485 1382.0 188
130.1056 1372.0 188
130.4517 1368.0 188
130.8582 1362.0 188
131.1987 1356.0 188
131.5448 1354.0 188
131.8854 1344.0 188
132.2314 1346.0 188
132.5885 1362.0 188
133.7476 1746.0 188
134.0936 1742.0 188
134.4507 1736.0 188
134.7968 1730.0 188
135.1373 1726.0 188
135.4834 1722.0 188
135.8240 1718.0 188
136.1865 1710.0 188
136.5271 1706.0 188
136.8732 1702.0 188
137.2137 1700.0 188
137.5598 1696.0 188
138.7793 2064.0 188
139.1364 2056.0 188
139.4824 2052.0 188
139.8889 2048.0 188
140.2295 2044.0 188
140.5756 2040.0 188
140.9216 2036.0 188
141.2787 2034.0 188
141.6248 2026.0 188
142.5421 2256.0 188
143.3551 1950.0 188
143.7012 1944.0 188
144.0417 1938.0 188
144.3878 1934.0 188
144.7449 1934.0 188
145.0909 1928.0 188
145.4370 1922.0 188
145.7776 1916.0 188
146.1237 1910.0 188
146.4807 1906.0 188
146.8268 1898.0 188
147.1674 1892.0 188
147.5739 1890.0 188
147.9199 1886.0 188
148.2605 1882.0 188
148.6066 1876.0 188
148.9636 1872.0 188
149.3097 1870.0 188
149.6558 1868.0 188
149.9963 1864.0 188
150.3424 1862.0 188
150.6830 1856.0 188
151.0291 1850.0 188
151.3861 1846.0 188
151.7322 1846.0 188
152.0728 1842.0 188
152.4188 1836.0 188
152.7649 1832.0 188
153.1055 1832.0 188
153.4680 1852.0 188
154.1547 1886.0 188
154.7919 1924.0 188
155.1379 1914.0 188
155.4840 1900.0 188
155.8246 1892.0 188
156.2311 1884.0 188
156.5771 1868.0 188
156.9177 1858.0 188
157.2638 1850.0 188
157.6044 1842.0 188
157.9669 1830.0 188
158.3075 1818.0 188
158.6536 1808.0 188
158.9996 1800.0 188
159.3402 1790.0 188
159.6863 1780.0 188
160.0433 1772.0 188
160.3894 1762.0 188
160.7794 1750.0 188
161.1365 1742.0 188
161.4825 1736.0 188
161.8231 1724.0 188
162.1692 1718.0 188
162.5153 1712.0 188
162.8558 1702.0 188
163.2184 1694.0 188
163.5590 1688.0 188
163.9050 1680.0 188
164.2456 1678.0 188
164.5917 1694.0 188
164.9323 1712.0 188
165.6354 1724.0 188
165.9814 1716.0 188
166.3275 1698.0 188
166.6681 1684.0 188
167.7173 1670.0 188
189.6515 1468.0 188
189.9976 1456.0 188
190.4041 1444.0 188
190.7446 1430.0 188
191.0907 1414.0 188
191.4368 1412.0 188
191.7938 1412.0 188
192.1399 1414.0 188
192.4805 1418.0 188
192.8265 1420.0 188
193.1671 1420.0 188
193.5297 1418.0 188
193.8702 1416.0 188
194.2163 1412.0 188
194.5624 1416.0 188
194.9194 1416.0 188
195.2655 1412.0 188
195.6061 1414.0 188
195.9521 1414.0 188
196.2927 1412.0 188
196.6553 1422.0 188
196.9958 1428.0 188
197.3419 1412.0 188
197.6825 1402.0 188
198.0286 1402.0 188
198.3856 1402.0 188
198.7317 1400.0 188
199.0778 1400.0 188
199.4183 1402.0 188
199.7644 1398.0 188
200.1215 1390.0 188
200.4675 1390.0 188
200.8081 1396.0 188
201.1542 1408.0 188
201.4948 1434.0 188
201.8573 1442.0 188
202.1979 1432.0 188
202.5439 1432.0 188
202.8900 1432.0 188
203.2471 1434.0 188
203.5931 1432.0 188
203.9337 1426.0 188
204.2798 1430.0 188
205.3235 1436.0 188
206.3562 1434.0 188
207.4054 1430.0 188
208.4491 1432.0 188
209.4818 1434.0 188
226.7029 1550.0 188
227.0599 1556.0 188
227.4060 1570.0 188
227.7466 1584.0 188
228.0927 1588.0 188
229.1364 1590.0 188
229.8230 1570.0 188
230.1691 1554.0 188
230.5151 1564.0 188
230.8722 1570.0 188
231.2183 1574.0 188
231.5588 1582.0 188
231.9049 1588.0 188
232.2455 1592.0 188
232.5916 1600.0 188
232.9486 1604.0 188
233.2947 1610.0 188
233.6353 1618.0 188
233.9813 1624.0 188
234.3274 1630.0 188
234.6680 1636.0 188
234.9646 1642.0 188
235.3107 1650.0 188
235.6512 1660.0 188
236.0138 1664.0 188
236.3544 1670.0 188
236.7004 1678.0 188
237.0465 1690.0 188
237.3871 1702.0 188
237.7496 1710.0 188
238.0902 1714.0 188
238.4363 1722.0 188
238.7769 1734.0 188
239.1229 1734.0 188
239.4635 1740.0 188
239.8260 1752.0 188
240.1062 1762.0 188
240.4523 1770.0 188
240.8093 1778.0 188
241.1554 1784.0 188
241.4960 1796.0 188
242.5287 1814.0 188
245.7147 1678.0 188
246.0608 1690.0 188
246.7474 1696.0 188
247.8406 1608.0 188
248.5437 1610.0 188
248.8898 1632.0 188
249.8730 1660.0 188
250.2136 1678.0 188
250.9058 1698.0 188
251.9330 1722.0 188
252.2955 1742.0 188
252.9218 1768.0 188
253.9655 1802.0 188
254.9982 1834.0 188
255.3387 1872.0 188
255.9814 1908.0 188
257.0142 1950.0 188
257.7173 1996.0 188
258.0579 2026.0 188
258.7006 2056.0 188
259.0466 2080.0 188
260.0739 2124.0 188
261.1230 2168.0 188
261.4636 2212.0 188
261.7493 2260.0 188
262.0898 2288.0 188
263.1390 2316.0 188
269.2474 3020.0 188
269.5935 3024.0 188
270.2966 3052.0 188
270.6372 3008.0 188
270.9833 3060.0 188
271.3239 3068.0 188
271.6205 3084.0 188
271.9666 3100.0 188
272.3071 3096.0 188
272.6532 3088.0 188
272.9993 3096.0 188
273.3563 3136.0 188
273.7024 3208.0 188
274.0430 3236.0 188
274.3890 3220.0 188
275.4218 3224.0 188
276.1688 2916.0 188
276.5149 2908.0 188
276.8719 2904.0 188
277.2180 2896.0 188
277.5586 2892.0 188
277.9047 2892.0 188
278.2452 2892.0 188
278.5913 2888.0 188
278.9374 2888.0 188
279.2944 2888.0 188
279.6405 2888.0 188
279.9811 2888.0 188
280.3271 2884.0 188
280.6677 2884.0 188
281.0138 2884.0 188
281.3708 2884.0 188
281.7169 2884.0 188
282.0575 2884.0 188
282.4036 2884.0 188
282.7496 2880.0 188
283.0902 2884.0 188
283.4528 2884.0 188
283.7933 2884.0 188
284.1394 2884.0 188
284.4800 2884.0 188
284.8260 2884.0 188
285.1666 2884.0 188
285.5292 2888.0 188
285.8698 2888.0 188
286.2158 2888.0 188
286.5619 2888.0 188
286.9025 2888.0 188
287.2650 2888.0 188
287.6056 2892.0 188
287.9517 2896.0 188
288.2922 2900.0 188
288.6383 2904.0 188
288.9844 2908.0 188
289.3414 2908.0 188
289.6875 2908.0 188
290.0281 2912.0 188
290.3741 2912.0 188
290.7147 2916.0 188
291.0608 2920.0 188
291.4178 2920.0 188
291.7639 2920.0 188
292.1045 2924.0 188
292.4506 2928.0 188
292.7966 2932.0 188
293.1537 2940.0 188
293.4998 2944.0 188
293.8403 2948.0 188
294.1864 2948.0 188
294.5270 2952.0 188
294.8730 2956.0 188
295.2301 2956.0 188
295.5762 2960.0 188
295.9167 2964.0 188
296.2628 2968.0 188
296.6089 2972.0 188
296.9495 2976.0 188
297.3120 2984.0 188
297.6526 2992.0 188
298.3392 3012.0 188
299.1083 7632.0 188
299.4489 7544.0 188
299.7949 7448.0 188
300.1355 7392.0 188
300.4980 7312.0 188
300.8386 7296.0 188
301.1847 7248.0 188
301.8713 6240.0 188
302.2174 6184.0 188
302.6239 6144.0 188
302.9645 6072.0 188
303.3270 5992.0 188
303.6676 5952.0 188
304.0137 5896.0 188
304.3542 5848.0 188
304.7003 5800.0 188
305.0464 5728.0 188
305.4034 5688.0 188
305.7495 5664.0 188
306.0901 5624.0 188
306.4362 5584.0 188
307.4799 5520.0 188
308.6224 3616.0 188
308.9795 3632.0 188
309.3256 3676.0 188
309.6716 3724.0 188
310.0122 3744.0 188
310.3583 3756.0 188
310.6989 3760.0 188
311.0614 3772.0 188
311.4020 3792.0 188
311.7480 3812.0 188
312.0886 3836.0 188
312.4347 3848.0 188
312.7808 3864.0 188
313.1378 3884.0 188
313.4839 3904.0 188
313.8245 3920.0 188
314.1705 3928.0 188
314.5111 3936.0 188
314.8572 3944.0 188
315.2142 3956.0 188
315.5603 3968.0 188
315.9009 3980.0 188
316.2469 3992.0 188
316.5930 4008.0 188
316.9336 4028.0 188
317.2961 4048.0 188
317.6367 4072.0 188
317.9828 4096.0 188
318.2629 4120.0 188
318.6200 4144.0 188
318.9661 4160.0 188
319.3121 4184.0 188
319.6527 4192.0 188
319.9988 4200.0 188
320.3394 4184.0 188
320.7019 4192.0 188
321.0425 4216.0 188
321.3885 4160.0 188
321.7291 4120.0 188
322.0752 4184.0 188
322.4213 4216.0 188
322.7618 4192.0 188
323.1244 4168.0 188
323.4650 4160.0 188
323.8110 4152.0 188
324.1516 4160.0 188
324.4977 4192.0 188
324.8438 4240.0 188
325.2008 4296.0 188
325.5469 4328.0 188
325.8875 4360.0 188
326.2335 4384.0 188
326.5741 4416.0 188
326.9202 4472.0 188
327.2772 4512.0 188
327.6233 4560.0 188
327.9639 4608.0 188
328.3099 4664.0 188
328.6560 4704.0 188
328.9966 4752.0 188
329.3427 4808.0 188
329.6997 4848.0 188
330.0458 4904.0 188
330.3259 4976.0 188
330.6830 5056.0 188
331.0291 5104.0 188
331.3696 5168.0 188
331.7157 5248.0 188
332.0618 5312.0 188
332.4023 5384.0 188
332.7484 5400.0 188
333.4515 5712.0 188
333.7921 5800.0 188
334.1382 5928.0 188
334.4843 6080.0 188
334.8248 6104.0 188
335.5280 6048.0 188
335.8081 6624.0 188
336.1542 6784.0 188
336.5112 6936.0 188
336.8573 7048.0 188
337.5439 7088.0 188
337.8900 7640.0 188
338.7030 4744.0 188
339.0436 4744.0 188
339.7302 4776.0 188
340.0269 5168.0 188
340.7135 5160.0 188
341.7627 5160.0 188
342.7954 6120.0 188
343.7787 6936.0 188
349.0302 5088.0 188
350.0739 5768.0 188
