#RPLIDAR SCAN DATA
#COUNT=911
#Angule	Distance	Quality
352.1063 4232.0 188
352.4524 4232.0 188
352.7930 4232.0 188
353.1390 4232.0 188
353.4796 4224.0 188
353.8257 4224.0 188
354.1718 4224.0 188
354.5288 4224.0 188
354.8749 4208.0 188
355.2155 4208.0 188
355.5615 4208.0 188
355.9021 4216.0 188
356.2482 4208.0 188
356.5887 4200.0 188
356.9348 4200.0 188
357.2809 4192.0 188
357.6215 4200.0 188
357.9675 4200.0 188
358.3081 4200.0 188
358.6542 4200.0 188
358.9948 4192.0 188
359.3408 4184.0 188
359.6869 4192.0 188
0.0439 4200.0 188
0.3900 4192.0 188
0.7306 4192.0 188
1.0767 4200.0 188
1.4172 4192.0 188
1.7633 4200.0 188
2.1094 4200.0 188
2.4500 4200.0 188
2.7960 4200.0 188
3.1366 4200.0 188
3.4827 4208.0 188
3.8232 4208.0 188
4.1693 4208.0 188
4.5154 4208.0 188
4.8560 4216.0 188
5.2020 4208.0 188
5.5591 4200.0 188
5.9052 4216.0 188
6.2457 4224.0 188
7.3279 2028.0 188
8.3551 2042.0 188
9.6240 1514.0 188
10.3711 4256.0 188
10.7172 4264.0 188
11.0742 4272.0 188
11.4203 4272.0 188
11.7609 4264.0 188
12.1069 4272.0 188
12.4530 4288.0 188
13.1396 4304.0 188
13.8263 4368.0 188
14.1669 4472.0 188
14.8590 4552.0 188
15.1996 4576.0 188
16.2323 4576.0 188
18.7152 3644.0 188
19.0613 3600.0 188
19.4019 3572.0 188
19.7479 3556.0 188
20.0885 3544.0 188
20.4346 3540.0 188
20.7806 3536.0 188
21.1212 3524.0 188
21.4673 3532.0 188
21.8079 3560.0 188
22.7307 2248.0 188
23.1207 2212.0 188
23.4833 2172.0 188
23.8239 2140.0 188
24.1699 2100.0 188
24.5105 2064.0 188
24.9170 2028.0 188
25.2631 1998.0 188
25.6091 1970.0 188
25.9497 1944.0 188
26.2958 1914.0 188
26.7023 1888.0 188
27.0428 1862.0 188
27.3889 1838.0 188
27.7295 1814.0 188
28.0920 1790.0 188
28.4326 1766.0 188
28.8281 1744.0 188
29.1687 1722.0 188
29.5313 1700.0 188
29.8718 1684.0 188
30.2179 1668.0 188
30.5585 1646.0 188
30.9650 1626.0 188
31.3110 1608.0 188
31.6516 1586.0 188
31.9977 1568.0 188
32.3438 1552.0 188
32.7448 1536.0 188
33.0908 1520.0 188
33.4369 1504.0 188
33.7775 1490.0 188
34.1400 1476.0 188
34.4806 1462.0 188
34.8267 1448.0 188
35.2332 1432.0 188
35.5737 1420.0 188
35.9198 1408.0 188
36.2604 1394.0 188
36.6064 1380.0 188
37.0129 1366.0 188
37.3590 1354.0 188
37.6996 1342.0 188
38.0457 1330.0 188
38.3862 1318.0 188
38.7323 1308.0 188
39.0894 1298.0 188
39.4794 1286.0 188
39.8254 1276.0 188
40.1825 1268.0 188
40.5286 1260.0 188
40.8746 1250.0 188
41.2152 1240.0 188
41.6217 1228.0 188
41.9678 1218.0 188
42.3083 1210.0 188
42.6544 1202.0 188
42.9950 1194.0 188
43.3411 1184.0 188
43.6981 1176.0 188
44.0936 1168.0 188
44.4342 1162.0 188
44.7803 1156.0 188
45.1373 1148.0 188
45.4834 1138.0 188
45.8240 1130.0 188
46.1700 1126.0 188
46.5106 1118.0 188
46.9171 1110.0 188
47.2632 1104.0 188
47.6093 1098.0 188
47.9498 1092.0 188
48.2959 1084.0 188
48.6530 1078.0 188
48.9990 1072.0 188
49.3890 1068.0 188
49.7461 1060.0 188
50.0922 1054.0 188
50.4327 1048.0 188
50.7788 1042.0 188
51.1249 1036.0 188
51.4655 1032.0 188
51.8115 1028.0 188
52.2180 1022.0 188
52.5586 1016.0 188
52.9047 1010.0 188
53.2452 1006.0 188
53.6078 1002.0 188
53.9484 996.0 188
54.2944 990.0 188
54.6405 986.0 188
55.0415 982.0 188
55.3876 978.0 188
55.7336 972.0 188
56.0742 968.0 188
56.4203 964.0 188
56.7609 960.0 188
57.1234 956.0 188
57.4640 950.0 188
57.8101 948.0 188
58.2166 944.0 188
58.5571 940.0 188
58.9032 936.0 188
59.2493 932.0 188
59.5898 928.0 188
59.9359 924.0 188
60.2765 920.0 188
60.6226 918.0 188
60.9796 914.0 188
61.3257 912.0 188
61.7157 908.0 188
62.0618 904.0 188
62.4188 900.0 188
62.7649 898.0 188
63.1055 894.0 188
63.4515 892.0 188
63.7921 890.0 188
64.1382 886.0 188
64.4843 884.0 188
64.8248 880.0 188
65.2313 876.0 188
65.5774 874.0 188
65.9180 872.0 188
66.2805 868.0 188
66.6211 866.0 188
66.9672 864.0 188
67.3077 862.0 188
67.6538 860.0 188
67.9999 858.0 188
68.3405 856.0 188
68.6865 852.0 188
69.0436 850.0 188
69.3896 848.0 188
69.7797 844.0 188
70.1367 842.0 188
70.4828 842.0 188
70.8234 840.0 188
71.1694 838.0 188
71.5155 836.0 188
71.8561 832.0 188
72.2021 832.0 188
72.5427 830.0 188
72.9053 828.0 188
73.2458 826.0 188
73.5919 824.0 188
73.9325 822.0 188
74.2786 822.0 188
74.6246 820.0 188
75.0311 818.0 188
75.3717 816.0 188
75.7178 814.0 188
76.0583 812.0 188
76.4044 810.0 188
76.7450 810.0 188
77.1075 808.0 188
77.4481 806.0 188
77.7942 806.0 188
78.1403 804.0 188
78.4808 804.0 188
78.8269 802.0 188
79.1675 800.0 188
79.5135 800.0 188
79.8706 798.0 188
80.2167 796.0 188
80.5573 796.0 188
80.9033 796.0 188
81.2494 794.0 188
81.5900 794.0 188
81.9965 792.0 188
82.3425 792.0 188
82.6831 790.0 188
83.0292 790.0 188
83.3698 790.0 188
83.7323 788.0 188
84.0729 788.0 188
84.4189 786.0 188
84.7650 786.0 188
85.1056 786.0 188
85.4517 786.0 188
85.7922 784.0 188
86.1383 784.0 188
86.4954 782.0 188
86.8414 782.0 188
87.1875 782.0 188
87.5281 782.0 188
87.8741 782.0 188
88.2147 780.0 188
88.5608 780.0 188
88.9014 778.0 188
89.2639 778.0 188
89.6045 780.0 188
89.9506 778.0 188
90.2966 778.0 188
90.6372 778.0 188
90.9833 778.0 188
91.3239 778.0 188
91.6699 778.0 188
92.0105 778.0 188
92.3566 778.0 188
92.7026 778.0 188
93.0432 778.0 188
93.3893 778.0 188
93.7299 778.0 188
94.0759 778.0 188
94.4165 778.0 188
94.7626 778.0 188
95.1086 778.0 188
95.4492 778.0 188
95.8118 780.0 188
96.1523 780.0 188
96.4984 780.0 188
96.8390 780.0 188
97.1851 780.0 188
97.5311 782.0 188
97.8717 782.0 188
98.2178 782.0 188
98.5583 784.0 188
98.9044 784.0 188
99.2450 784.0 188
99.5911 786.0 188
99.9371 786.0 188
100.2777 788.0 188
100.6238 788.0 188
100.9644 788.0 188
101.3104 790.0 188
101.6510 790.0 188
101.9971 792.0 188
102.3541 792.0 188
102.6398 794.0 188
102.9803 796.0 188
103.3264 798.0 188
103.6670 800.0 188
104.0131 804.0 188
104.3591 808.0 188
104.6997 808.0 188
105.0458 808.0 188
105.3864 806.0 188
105.7324 806.0 188
106.0730 806.0 188
106.4355 806.0 188
106.7761 808.0 188
107.1222 808.0 188
107.4683 808.0 188
107.8088 810.0 188
108.1549 810.0 188
108.4955 812.0 188
108.8416 812.0 188
109.1821 814.0 188
109.5282 816.0 188
109.8743 818.0 188
110.1709 820.0 188
110.5115 822.0 188
110.8575 822.0 188
111.1981 824.0 188
111.5442 826.0 188
111.8903 828.0 188
112.2308 830.0 188
112.5769 830.0 188
112.9175 832.0 188
113.2635 834.0 188
113.6041 836.0 188
113.9502 838.0 188
114.2963 840.0 188
114.6368 844.0 188
114.9829 846.0 188
115.2795 848.0 188
115.6201 850.0 188
115.9662 852.0 188
116.3123 856.0 188
116.6528 856.0 188
116.9989 858.0 188
117.3395 862.0 188
117.6855 866.0 188
118.0261 868.0 188
118.3722 872.0 188
119.0149 882.0 188
120.2454 3820.0 188
120.5914 3840.0 188
120.9375 3860.0 188
121.2781 3884.0 188
121.6241 3900.0 188
121.9647 3912.0 188
122.3108 3924.0 188
122.6514 3940.0 188
122.9974 3948.0 188
123.3435 3960.0 188
123.6841 3976.0 188
124.0302 3988.0 188
124.3707 4000.0 188
124.7168 4020.0 188
125.0574 4036.0 188
125.4034 4052.0 188
125.7495 4072.0 188
126.0901 4096.0 188
126.3867 4120.0 188
126.7328 4136.0 188
127.0734 4152.0 188
127.4194 4168.0 188
127.7655 4184.0 188
128.1061 4200.0 188
129.1388 4224.0 188
129.4794 4712.0 188
129.8254 4720.0 188
130.1715 4736.0 188
130.5121 4752.0 188
130.8582 4784.0 188
131.1987 4816.0 188
131.5448 4840.0 188
131.8854 4872.0 188
132.2314 4912.0 188
132.5116 4936.0 188
132.8577 4960.0 188
133.1982 4944.0 188
133.6047 4872.0 188
133.9508 4824.0 188
134.2969 4800.0 188
134.6375 4848.0 188
134.9176 4928.0 188
135.2637 4968.0 188
135.6042 4992.0 188
135.9503 5024.0 188
136.2964 5040.0 188
136.6370 5072.0 188
136.9830 5104.0 188
137.3236 5136.0 188
137.6697 5168.0 188
138.0103 5192.0 188
138.3563 5224.0 188
138.7024 5216.0 188
139.3396 6760.0 188
139.6857 6744.0 188
140.0262 6712.0 188
140.3723 6664.0 188
140.7184 6624.0 188
141.0590 6592.0 188
141.4050 6560.0 188
141.7456 6552.0 188
142.4323 6536.0 188
144.3549 956.0 188
144.7009 950.0 188
145.0415 946.0 188
145.4370 940.0 188
145.7776 936.0 188
146.1237 932.0 188
146.4642 928.0 188
146.8103 924.0 188
147.1509 922.0 188
147.4969 918.0 188
147.8430 914.0 188
148.1836 912.0 188
148.5901 908.0 188
148.9362 904.0 188
149.2767 902.0 188
149.6228 898.0 188
149.9634 894.0 188
150.3094 892.0 188
150.6555 890.0 188
150.9961 886.0 188
151.3422 884.0 188
151.6827 880.0 188
152.0892 878.0 188
152.4353 876.0 188
152.7759 874.0 188
153.1219 872.0 188
153.4680 868.0 188
153.8086 866.0 188
154.1547 864.0 188
154.4952 862.0 188
154.8413 862.0 188
155.1874 860.0 188
155.5280 860.0 188
155.8740 862.0 188
156.2146 862.0 188
156.5607 858.0 188
156.9012 854.0 188
157.3077 846.0 188
157.6538 844.0 188
157.9999 840.0 188
158.3405 838.0 188
158.6865 836.0 188
159.0271 834.0 188
159.3732 832.0 188
159.7137 830.0 188
160.0598 828.0 188
160.4059 826.0 188
160.7465 826.0 188
161.0925 822.0 188
161.4331 822.0 188
161.7792 820.0 188
162.1857 818.0 188
162.5262 816.0 188
162.8723 816.0 188
163.2184 814.0 188
163.5590 812.0 188
163.9050 810.0 188
164.2456 808.0 188
164.5917 808.0 188
164.9323 806.0 188
165.2783 806.0 188
165.6354 804.0 188
165.9814 802.0 188
166.3275 802.0 188
166.6681 800.0 188
167.0142 800.0 188
167.3547 798.0 188
167.7008 798.0 188
168.0469 798.0 188
168.3875 796.0 188
168.7335 796.0 188
169.0741 794.0 188
169.4202 794.0 188
169.8267 792.0 188
170.1672 792.0 188
170.5133 792.0 188
170.8594 790.0 188
171.2000 788.0 188
171.5460 788.0 188
171.8866 788.0 188
172.2327 788.0 188
172.5732 786.0 188
172.9193 786.0 188
173.2654 786.0 188
173.6060 786.0 188
173.9520 786.0 188
174.2926 784.0 188
174.6387 784.0 188
174.9792 784.0 188
175.3418 784.0 188
175.6824 784.0 188
176.0284 784.0 188
176.3745 782.0 188
176.7151 782.0 188
177.0612 782.0 188
177.4017 782.0 188
177.7478 782.0 188
178.0884 782.0 188
178.4344 782.0 188
178.7805 782.0 188
179.1211 780.0 188
179.4672 782.0 188
179.8077 782.0 188
180.1538 782.0 188
180.4999 782.0 188
180.8405 782.0 188
181.1865 782.0 188
181.5271 782.0 188
181.8896 782.0 188
182.2302 782.0 188
182.5763 782.0 188
182.9169 784.0 188
183.2629 784.0 188
183.6090 784.0 188
183.9496 784.0 188
184.2957 784.0 188
184.6362 786.0 188
184.9823 786.0 188
185.3229 786.0 188
185.6689 786.0 188
186.0150 786.0 188
186.3556 788.0 188
186.7017 790.0 188
187.0422 790.0 188
187.3883 790.0 188
187.7344 790.0 188
188.0750 790.0 188
188.4375 790.0 188
188.7781 792.0 188
189.0582 794.0 188
189.4043 794.0 188
189.7449 796.0 188
190.0909 796.0 188
190.4370 798.0 188
190.7776 798.0 188
191.1237 798.0 188
191.4642 800.0 188
191.8103 802.0 188
192.1509 804.0 188
192.4969 802.0 188
192.8430 804.0 188
193.2001 806.0 188
193.5461 808.0 188
193.8867 810.0 188
194.2328 810.0 188
194.5734 812.0 188
194.9194 812.0 188
195.2655 814.0 188
195.6061 816.0 188
195.9521 818.0 188
196.2323 820.0 188
196.5729 820.0 188
196.9189 822.0 188
197.2650 824.0 188
197.6056 824.0 188
197.9681 826.0 188
198.3087 828.0 188
198.6548 830.0 188
198.9954 832.0 188
199.3414 834.0 188
199.6875 834.0 188
200.0281 836.0 188
200.3741 840.0 188
200.7147 842.0 188
201.0608 844.0 188
201.4014 844.0 188
201.7474 846.0 188
202.0276 850.0 188
202.3737 852.0 188
202.7307 854.0 188
203.0768 856.0 188
203.4174 858.0 188
203.7634 860.0 188
204.1040 864.0 188
204.4501 866.0 188
204.7961 868.0 188
205.1367 870.0 188
205.4828 872.0 188
205.8234 876.0 188
206.1090 880.0 188
206.4496 882.0 188
206.7957 884.0 188
207.1362 886.0 188
207.4988 888.0 188
207.8394 890.0 188
208.1854 894.0 188
208.5260 898.0 188
208.8721 900.0 188
209.2181 904.0 188
209.5587 906.0 188
209.9048 910.0 188
210.1849 914.0 188
210.5310 916.0 188
210.8716 920.0 188
211.2177 922.0 188
211.5582 926.0 188
211.9043 930.0 188
212.2614 932.0 188
212.6074 938.0 188
212.9480 942.0 188
213.2336 946.0 188
213.5742 950.0 188
213.9203 954.0 188
214.2609 958.0 188
214.6069 962.0 188
214.9530 964.0 188
215.2936 968.0 188
215.6396 972.0 188
215.9802 978.0 188
216.2769 984.0 188
216.6229 986.0 188
216.9635 990.0 188
217.3096 996.0 188
217.6556 1000.0 188
217.9962 1004.0 188
218.3423 1010.0 188
218.6829 1014.0 188
219.0289 1018.0 188
219.3750 1024.0 188
219.6716 1030.0 188
220.0122 1036.0 188
220.3583 1040.0 188
220.6989 1046.0 188
221.0449 1052.0 188
221.3855 1056.0 188
221.7316 1062.0 188
222.0776 1068.0 188
222.3743 1074.0 188
222.7148 1082.0 188
223.0609 1086.0 188
223.4015 1092.0 188
223.7476 1098.0 188
224.0936 1106.0 188
224.4342 1112.0 188
224.7144 1118.0 188
225.0604 1124.0 188
225.4175 1132.0 188
225.7635 1138.0 188
226.1041 1146.0 188
226.4502 1154.0 188
226.7963 1160.0 188
227.1368 1166.0 188
227.4170 1176.0 188
227.7631 1184.0 188
228.1091 1192.0 188
228.4662 1200.0 188
228.8123 1208.0 188
229.1528 1216.0 188
229.4989 1226.0 188
229.7791 1236.0 188
230.1196 1244.0 188
230.4657 1254.0 188
230.8118 1262.0 188
231.1523 1270.0 188
231.5149 1280.0 188
231.8555 1292.0 188
232.1356 1302.0 188
232.4817 1312.0 188
232.8278 1324.0 188
233.1683 1338.0 188
233.5144 1348.0 188
233.8550 1358.0 188
234.1516 1370.0 188
234.4977 1380.0 188
234.8438 1396.0 188
235.1843 1408.0 188
235.5304 1418.0 188
235.8710 1432.0 188
236.2170 1446.0 188
236.5137 1458.0 188
236.8542 1472.0 188
237.2003 1486.0 188
237.5464 1502.0 188
237.8870 1518.0 188
238.2330 1530.0 188
238.5132 1546.0 188
238.8702 1560.0 188
239.2163 1574.0 188
239.5624 1592.0 188
240.2490 1608.0 188
241.3092 864.0 188
241.6553 864.0 188
242.0123 870.0 188
242.3584 878.0 188
242.6385 888.0 188
242.9791 898.0 188
243.3252 908.0 188
243.6218 916.0 188
243.9679 926.0 188
244.9951 938.0 188
245.5884 1984.0 188
245.9344 2006.0 188
246.2805 2030.0 188
246.5771 2054.0 188
247.2638 2084.0 188
247.6044 2216.0 188
247.9504 2232.0 188
248.2965 2224.0 188
248.6371 2216.0 188
248.9832 2208.0 188
249.3237 2200.0 188
249.6698 2192.0 188
250.0104 2184.0 188
250.3564 2180.0 188
250.7025 2172.0 188
251.0431 2168.0 188
251.4056 2164.0 188
251.7462 2156.0 188
252.0923 2148.0 188
252.4329 2144.0 188
252.7789 2136.0 188
253.4656 2132.0 188
254.0918 1508.0 188
254.4324 1522.0 188
254.7180 1542.0 188
255.7452 1572.0 188
255.8716 2084.0 188
256.2177 2080.0 188
256.5582 2072.0 188
256.9043 2068.0 188
257.5909 2060.0 188
258.9642 2052.0 188
259.3707 2048.0 188
259.7168 2048.0 188
260.7495 2048.0 188
261.0297 2104.0 188
261.3702 2088.0 188
261.7163 2080.0 188
262.0624 2072.0 188
262.4030 2068.0 188
262.7490 2060.0 188
263.0896 2056.0 188
263.4357 2056.0 188
263.8422 2048.0 188
264.1223 2052.0 188
264.4684 2056.0 188
264.8749 2048.0 188
265.2155 2048.0 188
265.5615 2042.0 188
265.9021 2042.0 188
266.2482 2044.0 188
266.5887 2048.0 188
266.8744 2064.0 188
267.9016 2080.0 188
268.1873 2288.0 188
268.8739 2308.0 188
269.9011 2324.0 188
272.3071 1450.0 188
274.2297 756.0 188
276.3885 2464.0 188
277.0752 2504.0 188
277.4213 2520.0 188
277.7618 2524.0 188
278.1079 2528.0 188
280.8545 2548.0 188
281.2006 2556.0 188
281.5466 2560.0 188
281.8872 2564.0 188
282.2333 2568.0 188
282.5739 2540.0 188
282.9199 2540.0 188
283.2605 2572.0 188
283.6066 2580.0 188
283.9526 2584.0 188
284.2932 2584.0 188
284.6393 2592.0 188
284.9799 2600.0 188
285.3259 2604.0 188
285.6665 2604.0 188
286.0126 2608.0 188
286.3586 2620.0 188
290.4840 2676.0 188
290.8246 2680.0 188
291.1707 2668.0 188
291.5112 2680.0 188
291.8573 2700.0 188
292.1979 2704.0 188
292.5439 2692.0 188
292.9010 2700.0 188
293.2471 2732.0 188
293.5272 2736.0 188
294.5599 2744.0 188
296.4990 1022.0 188
296.8396 1020.0 188
297.5262 1020.0 188
298.4656 2236.0 188
298.8116 2244.0 188
301.5582 2332.0 188
301.9043 2336.0 188
302.2449 2352.0 188
302.9370 2352.0 188
303.2776 2368.0 188
303.6237 2380.0 188
303.9642 2388.0 188
304.3103 2396.0 188
304.6674 2400.0 188
305.0134 2400.0 188
305.3540 2404.0 188
305.7001 2404.0 188
306.0461 2412.0 188
306.3867 2412.0 188
306.7328 2416.0 188
307.0734 2432.0 188
307.6996 2676.0 188
308.0457 2680.0 188
308.3862 2680.0 188
308.7323 2680.0 188
309.0729 2676.0 188
309.4354 2676.0 188
309.7760 2688.0 188
310.1221 2700.0 188
310.4681 2704.0 188
310.8087 2728.0 188
311.0889 2752.0 188
311.4349 2768.0 188
311.7810 2788.0 188
312.1216 2812.0 188
312.4677 2848.0 188
312.8082 2880.0 188
313.1543 2912.0 188
313.4949 2944.0 188
313.8409 2972.0 188
314.1980 3000.0 188
317.1204 584.0 188
316.2634 2752.0 188
316.6040 2764.0 188
316.9501 2784.0 188
317.2961 2796.0 188
319.3561 2888.0 188
320.1691 2248.0 188
320.5591 2232.0 188
320.9052 2232.0 188
321.2457 2232.0 188
321.5918 2232.0 188
321.9489 2232.0 188
322.2290 2236.0 188
322.5751 2240.0 188
322.9211 2248.0 188
323.2617 2252.0 188
323.6078 2256.0 188
323.9484 2260.0 188
324.3109 2264.0 188
324.6515 2272.0 188
324.9976 2264.0 188
325.3436 2260.0 188
325.6842 2276.0 188
326.0303 2280.0 188
326.3708 2288.0 188
326.7169 2300.0 188
327.0575 2308.0 188
327.4036 2320.0 188
327.7496 2324.0 188
328.0902 2336.0 188
328.4363 2348.0 188
328.7933 2360.0 188
329.8260 2388.0 188
331.1993 2332.0 188
332.0618 1764.0 188
332.9352 2240.0 188
333.2813 2236.0 188
333.6713 2232.0 188
334.0118 2228.0 188
334.3579 2228.0 188
334.7150 2228.0 188
335.0610 2228.0 188
335.4016 2228.0 188
335.7477 2232.0 188
336.0938 2232.0 188
336.3739 2240.0 188
336.7145 2240.0 188
337.0770 2240.0 188
337.4176 2248.0 188
337.7637 2252.0 188
338.1042 2256.0 188
338.4503 2260.0 188
338.7964 2244.0 188
339.1370 2248.0 188
339.4830 2272.0 188
339.8236 2288.0 188
340.1697 2312.0 188
341.2793 4448.0 188
341.6199 4432.0 188
341.9659 4424.0 188
342.3120 4416.0 188
342.6526 4408.0 188
342.9987 4408.0 188
343.6853 4384.0 188
344.0259 4360.0 188
344.3719 4352.0 188
344.7290 4352.0 188
345.0751 4344.0 188
345.4211 4336.0 188
346.1078 4328.0 188
347.0581 1528.0 188
347.7008 1546.0 188
348.5138 4280.0 188
348.8708 4272.0 188
349.2169 4264.0 188
349.5575 4264.0 188
349.9036 4264.0 188
350.2496 4256.0 188
350.5902 4248.0 188
350.9363 4248.0 188
351.2769 4248.0 188
351.6229 4240.0 188
