#RPLIDAR SCAN DATA
#COUNT=770
#Angule	Distance	Quality
352.5128 1836.0 188
352.8589 1826.0 188
353.1995 1816.0 188
353.5455 1816.0 188
353.8861 1814.0 188
354.2322 1808.0 188
354.5728 1802.0 188
354.9023 1796.0 188
355.2484 1790.0 188
355.5890 1784.0 188
355.9351 1780.0 188
356.2811 1776.0 188
356.6217 1770.0 188
356.9678 1764.0 188
357.3083 1758.0 188
357.6984 1752.0 188
358.0444 1748.0 188
358.3905 1744.0 188
358.7311 1740.0 188
359.0771 1738.0 188
359.4177 1734.0 188
359.7638 1730.0 188
0.0934 1726.0 188
0.4340 1722.0 188
0.7800 1720.0 188
1.1206 1716.0 188
1.4667 1716.0 188
1.8073 1714.0 188
2.1533 1712.0 188
2.4994 1708.0 188
2.8400 1706.0 188
3.1860 1706.0 188
3.5266 1704.0 188
3.8562 1702.0 188
4.2023 1700.0 188
4.5428 1700.0 188
4.8889 1698.0 188
5.2295 1696.0 188
5.5756 1696.0 188
5.9216 1696.0 188
6.2622 1696.0 188
6.6083 1696.0 188
6.9489 1696.0 188
7.2949 1696.0 188
7.6355 1696.0 188
7.9816 1696.0 188
8.3276 1696.0 188
8.6682 1698.0 188
9.0143 1698.0 188
9.3384 1698.0 188
9.6844 1698.0 188
10.0305 1700.0 188
10.3711 1702.0 188
10.7172 1702.0 188
11.0577 1704.0 188
11.4038 1704.0 188
11.7499 1706.0 188
12.0905 1710.0 188
12.4365 1712.0 188
12.7771 1714.0 188
13.1232 1718.0 188
13.4637 1720.0 188
13.8098 1722.0 188
14.1559 1724.0 188
14.4965 1728.0 188
14.8260 1732.0 188
15.1666 1734.0 188
15.5127 1738.0 188
15.8588 1742.0 188
16.1993 1750.0 188
16.7761 1892.0 188
17.1716 1874.0 188
17.5122 1830.0 188
17.8583 1796.0 188
18.1989 1762.0 188
18.6053 1752.0 188
18.9514 1754.0 188
19.2920 1756.0 188
19.5776 1760.0 188
19.9182 1764.0 188
20.2643 1768.0 188
20.6049 1772.0 188
20.9509 1776.0 188
21.2915 1780.0 188
21.6376 1784.0 188
21.9836 1788.0 188
22.3242 1792.0 188
22.6538 1798.0 188
22.9999 1802.0 188
23.3405 1808.0 188
23.6865 1812.0 188
24.0271 1814.0 188
24.3732 1822.0 188
24.7137 1828.0 188
25.0598 1834.0 188
25.4059 1840.0 188
25.7465 1846.0 188
26.0925 1852.0 188
26.4331 1862.0 188
26.7792 1868.0 188
27.1198 1872.0 188
27.4658 1878.0 188
27.8119 1888.0 188
28.0920 1896.0 188
28.4326 1906.0 188
28.7787 1916.0 188
29.1248 1924.0 188
29.4653 1932.0 188
29.8114 1942.0 188
30.1520 1950.0 188
30.4816 1960.0 188
30.8276 1974.0 188
31.1682 1986.0 188
31.5143 1996.0 188
31.8549 2008.0 188
32.2009 2022.0 188
32.5415 2034.0 188
32.8876 2048.0 188
33.1677 2064.0 188
33.5138 2080.0 188
33.8544 2088.0 188
34.2004 2100.0 188
34.5465 2120.0 188
34.8871 2136.0 188
35.2332 2152.0 188
35.5737 2172.0 188
35.9198 2200.0 188
36.2604 2224.0 188
36.5460 2240.0 188
36.8866 2260.0 188
37.2327 2280.0 188
37.5732 2304.0 188
37.9193 2332.0 188
38.2654 2352.0 188
38.6060 2372.0 188
38.9520 2404.0 188
39.2926 2440.0 188
39.5728 2480.0 188
39.9188 2528.0 188
40.2649 2576.0 188
40.6055 2640.0 188
42.2644 9624.0 188
42.6050 9536.0 188
42.9510 9456.0 188
43.2916 9376.0 188
43.6377 9312.0 188
43.9838 9256.0 188
44.3243 9192.0 188
44.6704 9144.0 188
45.3571 9120.0 188
46.0931 7528.0 188
46.4337 7496.0 188
46.7798 7472.0 188
47.1204 7480.0 188
47.4664 7496.0 188
48.4991 7528.0 188
48.7793 9688.0 188
49.1199 9768.0 188
49.4659 9864.0 188
49.8120 9968.0 188
50.1526 10056.0 188
50.4987 10144.0 188
50.8392 10232.0 188
51.1853 10296.0 188
51.5259 10344.0 188
51.8719 10288.0 188
52.2180 10184.0 188
52.5586 10144.0 188
52.8882 10128.0 188
53.5748 10672.0 188
53.9209 10776.0 188
54.2615 10840.0 188
54.6075 10888.0 188
54.9481 10952.0 188
55.2942 10928.0 188
55.6403 11048.0 188
55.9808 11256.0 188
56.3269 11328.0 188
56.6675 11472.0 188
57.7002 11576.0 188
57.9803 14088.0 188
58.7164 10104.0 188
59.0625 10040.0 188
59.4031 10056.0 188
59.7491 10072.0 188
60.0897 10120.0 188
60.7159 13896.0 188
61.0620 13912.0 188
61.7487 13312.0 188
62.0892 13304.0 188
62.4353 13248.0 188
62.7759 13192.0 188
63.1219 13176.0 188
63.4680 13160.0 188
63.8086 13144.0 188
64.1547 13096.0 188
64.4952 13048.0 188
64.8413 13024.0 188
65.1874 12968.0 188
65.5280 12928.0 188
65.8575 12944.0 188
66.1981 12936.0 188
66.5442 12864.0 188
66.8903 12840.0 188
67.2308 12848.0 188
67.9175 12848.0 188
70.9991 12696.0 188
71.3397 12584.0 188
72.0264 12552.0 188
73.4052 12496.0 188
73.7457 12472.0 188
74.0753 12440.0 188
82.2931 12352.0 188
83.0457 10784.0 188
83.3698 10736.0 188
83.7158 10696.0 188
84.0619 10672.0 188
84.4025 10656.0 188
84.7485 10624.0 188
85.0891 10584.0 188
85.4352 10552.0 188
85.7813 10520.0 188
86.1218 10464.0 188
86.4679 10432.0 188
86.8085 10416.0 188
87.4841 10368.0 188
90.5768 10376.0 188
90.9009 10328.0 188
91.2469 10304.0 188
91.5930 10264.0 188
91.9336 10224.0 188
92.2797 10200.0 188
92.6202 10152.0 188
92.9663 10128.0 188
93.3124 10152.0 188
93.6530 10184.0 188
93.9990 10256.0 188
94.3231 10336.0 188
94.6692 10408.0 188
95.0153 10536.0 188
95.7019 10680.0 188
100.4974 8640.0 188
100.8435 8664.0 188
102.9968 5832.0 188
105.7489 5544.0 188
106.0730 5552.0 188
106.4191 5552.0 188
106.7651 5560.0 188
107.1057 5584.0 188
109.3854 2752.0 188
112.9175 2252.0 188
113.6041 2252.0 188
114.8730 11144.0 188
115.2136 11128.0 188
117.6086 2820.0 188
119.3719 6384.0 188
121.7615 2580.0 188
122.1680 2428.0 188
122.8436 2428.0 188
123.8269 2572.0 188
124.1510 2580.0 188
124.4971 2584.0 188
124.8431 2584.0 188
125.8704 2592.0 188
128.2654 2668.0 188
128.9520 2656.0 188
130.7318 5216.0 188
131.5778 3216.0 188
131.9183 3192.0 188
132.2644 3164.0 188
132.6050 3160.0 188
132.9510 3176.0 188
133.2916 3188.0 188
133.9838 3204.0 188
134.8407 5224.0 188
137.2137 2424.0 188
138.2465 2332.0 188
138.9331 5256.0 188
140.3558 4360.0 188
140.7019 4376.0 188
141.0425 4376.0 188
141.3885 4376.0 188
141.7291 4376.0 188
142.0752 4384.0 188
142.4213 4392.0 188
142.7454 4392.0 188
143.0914 4392.0 188
143.4375 4400.0 188
143.7781 4408.0 188
144.1241 4416.0 188
144.4647 4416.0 188
144.8108 4424.0 188
145.1514 4432.0 188
145.4974 4432.0 188
145.8270 4440.0 188
146.1676 4448.0 188
146.5137 4456.0 188
146.8542 4464.0 188
147.2003 4464.0 188
147.5464 4480.0 188
147.8870 4488.0 188
148.2330 4496.0 188
148.5571 4504.0 188
148.9032 4520.0 188
149.2493 4528.0 188
149.5898 4528.0 188
150.2765 4216.0 188
150.6226 4224.0 188
151.3092 4568.0 188
151.6388 4592.0 188
152.3254 4608.0 188
153.4021 3792.0 188
155.0610 4680.0 188
155.4016 4696.0 188
155.7477 4696.0 188
156.0938 4704.0 188
156.4343 4720.0 188
157.4506 4744.0 188
157.7966 4768.0 188
158.1372 4784.0 188
158.4833 4792.0 188
158.8239 4808.0 188
159.1699 4832.0 188
159.5105 4848.0 188
160.2026 4880.0 188
160.5267 4904.0 188
160.8234 4920.0 188
161.1694 4936.0 188
161.5155 4952.0 188
162.5262 4992.0 188
162.8723 5016.0 188
163.2184 5032.0 188
163.5590 5048.0 188
163.9050 5056.0 188
164.2456 5080.0 188
164.5752 5096.0 188
164.9213 5112.0 188
165.2618 5120.0 188
165.6079 5144.0 188
165.9485 5168.0 188
166.2946 5192.0 188
166.6406 5216.0 188
166.9812 5232.0 188
167.3273 5264.0 188
167.6678 5288.0 188
167.9974 5312.0 188
168.6841 5336.0 188
169.3707 5424.0 188
169.7168 5432.0 188
170.7330 5160.0 188
172.1063 5616.0 188
172.7930 5632.0 188
173.8092 5680.0 188
174.2157 4776.0 188
174.8419 5832.0 188
175.8746 5872.0 188
176.3855 13256.0 188
176.7316 13296.0 188
177.7478 13200.0 188
178.4344 13120.0 188
178.7805 13120.0 188
179.1211 13136.0 188
179.4672 13096.0 188
179.8077 13056.0 188
180.1538 13064.0 188
180.4834 13048.0 188
180.8240 13024.0 188
181.1700 13040.0 188
181.5106 13072.0 188
181.8567 13096.0 188
182.2028 13088.0 188
182.8894 13128.0 188
185.7294 8176.0 188
186.0754 8152.0 188
186.4215 8128.0 188
186.7456 8128.0 188
187.0917 8144.0 188
187.4323 8152.0 188
188.1244 8152.0 188
201.4673 7248.0 188
203.4668 8592.0 188
205.1697 1656.0 188
205.5597 1624.0 188
205.9058 1606.0 188
206.2463 1594.0 188
206.5924 1584.0 188
206.9330 1572.0 188
207.2791 1564.0 188
207.6196 1560.0 188
207.9657 1552.0 188
208.2953 1546.0 188
208.6359 1542.0 188
208.9819 1538.0 188
209.3884 1534.0 188
209.7290 1532.0 188
210.0751 1532.0 188
210.4211 1528.0 188
210.7617 1528.0 188
211.0913 1528.0 188
211.4374 1528.0 188
211.7780 1530.0 188
212.1240 1532.0 188
212.4646 1534.0 188
212.8107 1536.0 188
213.0908 1538.0 188
213.4369 1540.0 188
213.7775 1546.0 188
214.1235 1552.0 188
214.4641 1558.0 188
214.8102 1564.0 188
215.1563 1570.0 188
215.4968 1580.0 188
215.8429 1592.0 188
216.1835 1606.0 188
216.5295 1618.0 188
217.4963 1640.0 188
218.2489 6680.0 188
218.5895 6624.0 188
218.9355 6520.0 188
219.2761 6440.0 188
219.6222 6440.0 188
219.9683 6424.0 188
220.3088 6384.0 188
220.6549 6336.0 188
220.9955 6280.0 188
221.3416 6240.0 188
221.6821 6200.0 188
222.0117 6160.0 188
222.4182 6120.0 188
222.7643 6088.0 188
223.1049 6056.0 188
223.4509 6008.0 188
223.7915 5960.0 188
224.1376 5928.0 188
224.4836 5920.0 188
224.8077 5928.0 188
225.1538 5952.0 188
225.4999 5992.0 188
225.8405 6016.0 188
226.1865 6040.0 188
227.2137 6080.0 188
227.5598 6128.0 188
227.8400 6168.0 188
228.1860 6200.0 188
229.2188 6288.0 188
229.5593 6272.0 188
230.2460 6408.0 188
230.5920 6456.0 188
230.9326 6496.0 188
231.2622 6536.0 188
231.6083 6560.0 188
232.2949 6600.0 188
232.9816 6656.0 188
233.3276 6744.0 188
233.6682 6768.0 188
234.0143 6776.0 188
234.3549 6784.0 188
235.3711 6776.0 188
235.7172 6632.0 188
236.0577 6600.0 188
236.4038 6568.0 188
236.7499 6544.0 188
237.0905 6520.0 188
237.4365 6496.0 188
237.7606 6456.0 188
238.1067 6416.0 188
238.4528 6376.0 188
238.7933 6328.0 188
239.1394 6288.0 188
239.4800 6248.0 188
239.8260 6224.0 188
240.1666 6176.0 188
240.5621 6128.0 188
240.9027 6112.0 188
241.2488 6088.0 188
241.5894 6064.0 188
241.9354 6040.0 188
242.2760 6016.0 188
242.6056 6000.0 188
242.9517 5984.0 188
243.2922 5960.0 188
243.6383 5952.0 188
243.9844 5936.0 188
244.3250 5904.0 188
244.6710 5872.0 188
245.0116 5840.0 188
245.3412 5824.0 188
245.6873 5800.0 188
246.0278 5776.0 188
246.3739 5752.0 188
246.7145 5728.0 188
247.0605 5696.0 188
247.4011 5664.0 188
247.7472 5648.0 188
248.0933 5624.0 188
248.4174 5608.0 188
248.7634 5584.0 188
249.1040 5568.0 188
249.4501 5560.0 188
249.7961 5552.0 188
250.1367 5536.0 188
250.4828 5528.0 188
250.8234 5504.0 188
251.1694 5480.0 188
251.4990 5472.0 188
251.8396 5464.0 188
252.1857 5448.0 188
252.5262 5432.0 188
252.8723 5424.0 188
253.2184 5400.0 188
253.5590 5392.0 188
253.9050 5376.0 188
254.2291 5360.0 188
254.5752 5352.0 188
254.9213 5336.0 188
255.2618 5336.0 188
255.6079 5344.0 188
255.9485 5320.0 188
256.2946 5304.0 188
256.6406 5288.0 188
256.9812 5264.0 188
257.3108 5248.0 188
257.6514 5232.0 188
257.9974 5224.0 188
258.3435 5216.0 188
258.6841 5200.0 188
259.0302 5200.0 188
259.3707 5200.0 188
260.0574 5176.0 188
261.0736 5144.0 188
261.4197 5136.0 188
262.1063 5128.0 188
262.4963 4152.0 188
262.8424 4128.0 188
263.1830 4128.0 188
263.5291 4128.0 188
263.8696 4120.0 188
264.2157 4112.0 188
264.5618 4112.0 188
264.8859 4112.0 188
265.2319 4112.0 188
265.5780 4104.0 188
265.9186 4104.0 188
266.2646 4104.0 188
266.6547 4096.0 188
266.9952 4084.0 188
267.3413 4092.0 188
267.6215 4100.0 188
268.0280 4096.0 188
268.3081 4104.0 188
268.6981 4096.0 188
269.0442 4088.0 188
269.3903 4088.0 188
269.7308 4084.0 188
270.0769 4084.0 188
270.4175 4092.0 188
270.7635 4084.0 188
271.0931 4080.0 188
271.4337 4080.0 188
271.7798 4080.0 188
272.1204 4088.0 188
272.4664 4096.0 188
272.8125 4088.0 188
273.1366 4080.0 188
273.4827 4092.0 188
273.8232 4092.0 188
274.1693 4088.0 188
274.5154 4096.0 188
274.8560 4088.0 188
275.1855 4088.0 188
275.5261 4096.0 188
275.8228 4104.0 188
276.5588 4096.0 188
278.4375 2548.0 188
278.7781 2540.0 188
279.1241 2544.0 188
279.4482 2544.0 188
279.7943 2548.0 188
280.1404 2552.0 188
280.4810 2552.0 188
280.8270 2556.0 188
281.1676 2560.0 188
281.4972 2560.0 188
281.8433 2560.0 188
282.1838 2564.0 188
282.5299 2572.0 188
282.8705 2572.0 188
283.2166 2572.0 188
283.5461 2572.0 188
283.8867 2580.0 188
284.2328 2584.0 188
284.5734 2588.0 188
284.9194 2592.0 188
285.2655 2588.0 188
285.6061 2600.0 188
285.9357 2600.0 188
286.2762 2600.0 188
286.6223 2608.0 188
286.9684 2612.0 188
287.3090 2616.0 188
287.6550 2616.0 188
287.9791 2620.0 188
288.3252 2628.0 188
288.6713 2628.0 188
289.0118 2628.0 188
289.3579 2636.0 188
289.6985 2640.0 188
290.0446 2640.0 188
290.3741 2644.0 188
290.7147 2652.0 188
291.0608 2660.0 188
291.4014 2664.0 188
291.7474 2668.0 188
292.0935 2676.0 188
292.4176 2684.0 188
292.7637 2688.0 188
293.1042 2696.0 188
293.4503 2704.0 188
294.1370 2704.0 188
294.5929 4472.0 188
294.9335 4472.0 188
295.2795 4480.0 188
295.9497 4488.0 188
296.7023 3692.0 188
297.0264 3700.0 188
297.3724 3716.0 188
297.9987 4584.0 188
298.3392 4552.0 188
298.6853 4544.0 188
299.0259 4608.0 188
299.7180 4448.0 188
300.0586 4352.0 188
300.4047 4264.0 188
300.7452 4208.0 188
301.0913 4160.0 188
301.4374 4120.0 188
301.7780 4100.0 188
302.1844 4064.0 188
302.5140 4024.0 188
302.8546 3988.0 188
303.2007 3956.0 188
303.5468 3952.0 188
303.8873 3912.0 188
304.2334 3852.0 188
304.5740 3812.0 188
304.9200 3784.0 188
305.2606 3752.0 188
305.6067 3712.0 188
305.9528 3676.0 188
306.2933 3640.0 188
306.6394 3600.0 188
306.9800 3560.0 188
307.3260 3528.0 188
307.7161 3504.0 188
308.0621 3476.0 188
308.4027 3448.0 188
308.7488 3412.0 188
309.0894 3380.0 188
309.4354 3356.0 188
309.7760 3332.0 188
310.1221 3300.0 188
310.4681 3280.0 188
310.8087 3296.0 188
311.1548 3320.0 188
311.4954 3344.0 188
311.8414 3360.0 188
312.1875 3372.0 188
312.5281 3388.0 188
312.8741 3404.0 188
313.2147 3420.0 188
313.5608 3436.0 188
313.9014 3460.0 188
314.2474 3480.0 188
314.5935 3500.0 188
314.9341 3512.0 188
315.2142 3524.0 188
315.5603 3536.0 188
315.9009 3548.0 188
316.2469 3564.0 188
316.5930 3588.0 188
316.9336 3612.0 188
317.2797 3636.0 188
317.6202 3672.0 188
317.9663 3696.0 188
318.3124 3708.0 188
318.6365 3728.0 188
319.6692 3744.0 188
320.2020 6272.0 188
320.5426 6312.0 188
320.8722 6248.0 188
321.2183 6224.0 188
321.5588 6376.0 188
321.9049 6488.0 188
322.2455 6544.0 188
322.5916 6600.0 188
323.6847 6032.0 188
323.9648 6808.0 188
324.3109 6888.0 188
324.6515 6944.0 188
324.9976 6984.0 188
325.3436 7024.0 188
325.6842 7008.0 188
326.0303 6960.0 188
326.7169 7224.0 188
327.0575 7296.0 188
327.4036 7272.0 188
327.7496 7104.0 188
328.7604 7752.0 188
329.7931 7192.0 188
330.1392 7944.0 188
330.4797 8000.0 188
330.8258 8008.0 188
331.1719 8008.0 188
331.5125 8088.0 188
331.8585 8136.0 188
332.1991 8128.0 188
332.5452 8056.0 188
332.8857 7936.0 188
333.2318 7976.0 188
333.5779 8088.0 188
333.9185 8152.0 188
334.1986 8272.0 188
334.8853 8432.0 188
336.3080 2668.0 188
336.6376 2612.0 188
336.9836 2568.0 188
337.3242 2524.0 188
337.6703 2484.0 188
338.0768 2444.0 188
338.4174 2408.0 188
338.7469 2376.0 188
339.0930 2344.0 188
339.4336 2316.0 188
339.7797 2292.0 188
340.1202 2264.0 188
340.5267 2232.0 188
340.8728 2212.0 188
341.2024 2196.0 188
341.5430 2172.0 188
341.8890 2152.0 188
342.2296 2128.0 188
342.5757 2112.0 188
342.9218 2096.0 188
343.2623 2080.0 188
343.6084 2068.0 188
343.9490 2052.0 188
344.3390 2040.0 188
344.6851 2030.0 188
345.0311 2016.0 188
345.3717 2004.0 188
345.7178 1994.0 188
346.0583 1982.0 188
346.4044 1970.0 188
346.7450 1958.0 188
347.0911 1948.0 188
347.4371 1940.0 188
347.7612 1934.0 188
348.1073 1926.0 188
348.4479 1918.0 188
348.7939 1908.0 188
349.1400 1900.0 188
349.4806 1892.0 188
349.8871 1884.0 188
350.2167 1876.0 188
350.5573 1870.0 188
350.9033 1866.0 188
351.2494 1858.0 188
351.5900 1854.0 188
351.9360 1848.0 188
352.2766 1842.0 188
