#RPLIDAR SCAN DATA
#COUNT=805
#Angule	Distance	Quality
353.1226 1142.0 188
353.4521 1140.0 188
353.7927 1140.0 188
354.1388 1142.0 188
354.4794 1140.0 188
354.8254 1138.0 188
355.1715 1138.0 188
355.4956 1136.0 188
355.8417 1136.0 188
356.1823 1136.0 188
356.5283 1134.0 188
356.8744 1134.0 188
357.2150 1134.0 188
357.5610 1134.0 188
357.8906 1134.0 188
358.2312 1132.0 188
358.5773 1132.0 188
358.9178 1130.0 188
359.2639 1130.0 188
359.6045 1130.0 188
359.9341 1126.0 188
0.2802 1124.0 188
0.6207 1128.0 188
0.9668 1130.0 188
1.3074 1136.0 188
1.6534 1136.0 188
1.9995 1134.0 188
2.3236 1134.0 188
2.6697 1132.0 188
3.0103 1132.0 188
3.3563 1134.0 188
3.7024 1132.0 188
4.0430 1134.0 188
4.3726 1136.0 188
4.7186 1136.0 188
5.0592 1138.0 188
5.4053 1138.0 188
7.5586 1052.0 188
7.9047 1052.0 188
8.2452 1052.0 188
8.5913 1052.0 188
8.9374 1052.0 188
9.2615 1054.0 188
9.6075 1056.0 188
9.9481 1056.0 188
10.2942 1056.0 188
10.6403 1056.0 188
10.9808 1056.0 188
11.3104 1058.0 188
11.6510 1062.0 188
12.6233 1076.0 188
18.9679 3084.0 188
19.3744 3064.0 188
19.9951 3076.0 188
20.7312 2948.0 188
21.0773 2948.0 188
21.4178 2916.0 188
21.7639 2876.0 188
22.1045 2820.0 188
22.4506 2764.0 188
22.8406 2720.0 188
23.1866 2676.0 188
23.5272 2636.0 188
23.8733 2592.0 188
24.2139 2548.0 188
24.5599 2512.0 188
24.9060 2484.0 188
25.2960 2456.0 188
25.6366 2420.0 188
25.9827 2392.0 188
26.3232 2356.0 188
26.6693 2324.0 188
27.0154 2288.0 188
27.3560 2256.0 188
27.7460 2228.0 188
28.0920 2196.0 188
28.4326 2172.0 188
28.7787 2152.0 188
29.1248 2132.0 188
29.4653 2104.0 188
29.8114 2080.0 188
30.1520 2054.0 188
30.5420 2032.0 188
30.8881 2008.0 188
31.2341 1990.0 188
31.5747 1970.0 188
32.5909 1946.0 188
36.0736 1286.0 188
36.4197 1270.0 188
36.7493 1274.0 188
37.0898 1280.0 188
37.4359 1284.0 188
37.7765 1290.0 188
38.0731 1296.0 188
38.4027 1306.0 188
39.0894 1312.0 188
39.5453 1224.0 188
39.8859 1204.0 188
40.2319 1206.0 188
40.5780 1224.0 188
40.9186 1224.0 188
41.2646 1218.0 188
41.6052 1214.0 188
41.9513 1212.0 188
42.2919 1210.0 188
42.6215 1208.0 188
42.9675 1204.0 188
43.3081 1206.0 188
43.6542 1208.0 188
43.9948 1210.0 188
44.3408 1210.0 188
44.6869 1212.0 188
45.0275 1216.0 188
45.3735 1220.0 188
45.7141 1228.0 188
45.9998 1238.0 188
46.3403 1250.0 188
48.3398 1356.0 188
48.6694 1340.0 188
49.0155 1326.0 188
49.3561 1318.0 188
49.7021 1310.0 188
50.0427 1306.0 188
50.3888 1300.0 188
50.7788 1294.0 188
51.1249 1288.0 188
51.4655 1280.0 188
51.8115 1272.0 188
52.1521 1266.0 188
52.4982 1260.0 188
52.8387 1254.0 188
53.1683 1248.0 188
53.5144 1244.0 188
53.8550 1238.0 188
54.2010 1232.0 188
54.6075 1228.0 188
54.9371 1222.0 188
55.2777 1216.0 188
55.6238 1210.0 188
55.9644 1204.0 188
56.3104 1198.0 188
56.6510 1192.0 188
56.9971 1188.0 188
57.3431 1184.0 188
57.6672 1180.0 188
58.0133 1176.0 188
58.4198 1170.0 188
58.7604 1166.0 188
59.0900 1162.0 188
59.4360 1158.0 188
59.7766 1154.0 188
60.1227 1148.0 188
60.4688 1144.0 188
60.8093 1140.0 188
61.1554 1136.0 188
61.4960 1132.0 188
61.8256 1128.0 188
62.1716 1124.0 188
62.5122 1122.0 188
62.8583 1118.0 188
63.2648 1114.0 188
63.5889 1110.0 188
63.9349 1108.0 188
64.2810 1104.0 188
64.6216 1100.0 188
64.9677 1096.0 188
65.3082 1094.0 188
65.6543 1090.0 188
65.9949 1086.0 188
66.3245 1084.0 188
66.6705 1080.0 188
67.0111 1078.0 188
67.3572 1076.0 188
67.6978 1072.0 188
68.0933 1068.0 188
68.4338 1066.0 188
68.7799 1064.0 188
69.1205 1060.0 188
69.4666 1058.0 188
69.8071 1056.0 188
70.1532 1054.0 188
70.4993 1050.0 188
70.8234 1048.0 188
71.1694 1046.0 188
71.5155 1042.0 188
71.8561 1040.0 188
72.2021 1038.0 188
72.5427 1036.0 188
72.8888 1034.0 188
73.2294 1032.0 188
73.5590 1030.0 188
73.9050 1030.0 188
74.2456 1026.0 188
74.6521 1024.0 188
74.9817 1024.0 188
75.3278 1022.0 188
75.6683 1020.0 188
76.0144 1018.0 188
76.3550 1016.0 188
76.7010 1014.0 188
77.0416 1012.0 188
77.3877 1012.0 188
77.7173 1010.0 188
78.0579 1008.0 188
78.4039 1006.0 188
78.7500 1006.0 188
79.0906 1004.0 188
79.4366 1004.0 188
79.7772 1002.0 188
80.1233 1000.0 188
80.4529 998.0 188
80.7935 998.0 188
81.1395 996.0 188
81.4801 996.0 188
81.8262 994.0 188
82.1558 992.0 188
82.4963 992.0 188
82.8424 990.0 188
83.1830 990.0 188
83.5291 990.0 188
83.8586 988.0 188
84.1992 988.0 188
84.5453 986.0 188
84.8859 986.0 188
85.2155 986.0 188
85.5615 984.0 188
85.9021 984.0 188
86.2482 984.0 188
86.6382 982.0 188
86.9843 982.0 188
87.3248 982.0 188
87.6544 980.0 188
87.9950 980.0 188
88.3411 980.0 188
88.6871 980.0 188
89.0277 978.0 188
89.3573 978.0 188
89.6979 978.0 188
90.0439 978.0 188
90.3900 978.0 188
90.7141 978.0 188
91.0602 978.0 188
91.4063 978.0 188
91.7468 978.0 188
92.0929 978.0 188
92.4170 978.0 188
92.7631 978.0 188
93.1091 978.0 188
93.4497 978.0 188
93.7958 978.0 188
94.1199 978.0 188
94.4659 978.0 188
94.8120 978.0 188
95.1526 978.0 188
95.4822 978.0 188
95.8228 980.0 188
96.1688 980.0 188
96.5149 980.0 188
96.8555 980.0 188
97.1851 980.0 188
97.5311 980.0 188
97.8717 982.0 188
98.2178 982.0 188
98.5419 982.0 188
98.8879 982.0 188
99.1681 984.0 188
99.5142 984.0 188
99.8547 986.0 188
100.2008 986.0 188
100.8710 990.0 188
102.0740 2520.0 188
102.7606 6616.0 188
103.1067 6632.0 188
103.4528 6648.0 188
103.7933 6656.0 188
104.1229 6656.0 188
104.4635 6672.0 188
104.8096 6680.0 188
105.1556 6688.0 188
105.4797 6680.0 188
105.8258 6688.0 188
106.1719 6704.0 188
106.5125 6712.0 188
106.8585 6712.0 188
107.1826 6728.0 188
107.5287 6760.0 188
107.8748 6768.0 188
108.2153 6768.0 188
108.5449 6776.0 188
108.8855 6792.0 188
109.2316 6808.0 188
109.5776 6816.0 188
109.9182 6832.0 188
110.2478 6848.0 188
110.9344 6848.0 188
111.4948 3488.0 188
111.8408 3452.0 188
112.1869 3428.0 188
112.5110 3416.0 188
112.8571 3404.0 188
113.2031 3396.0 188
113.5437 3392.0 188
113.8898 3392.0 188
114.2139 3392.0 188
114.5599 3392.0 188
114.9060 3400.0 188
115.2466 3404.0 188
115.5927 3416.0 188
115.9167 3432.0 188
116.2628 3456.0 188
117.2791 3484.0 188
118.0920 7176.0 188
127.2766 8176.0 188
134.7638 7792.0 188
135.1044 7664.0 188
135.4504 7512.0 188
135.7965 7424.0 188
136.1206 7432.0 188
136.4667 7448.0 188
136.8073 7472.0 188
137.1533 7488.0 188
137.4994 7488.0 188
137.8235 7512.0 188
138.1696 7536.0 188
138.5156 7544.0 188
138.8562 7560.0 188
139.2023 7584.0 188
139.5264 7600.0 188
139.8724 7600.0 188
140.2185 7616.0 188
140.5591 7640.0 188
140.9052 7672.0 188
141.2292 7696.0 188
141.5753 7712.0 188
142.5916 7752.0 188
143.5583 8528.0 188
143.9044 8520.0 188
144.5911 8456.0 188
147.6563 9848.0 188
147.9968 9848.0 188
148.3264 9832.0 188
148.6670 9792.0 188
149.0131 9736.0 188
149.3591 9672.0 188
149.6832 9616.0 188
150.0293 9560.0 188
150.3699 9528.0 188
150.7159 9512.0 188
151.0620 9552.0 188
151.3861 9704.0 188
151.7322 9848.0 188
152.0728 9928.0 188
152.4188 10016.0 188
152.7484 10120.0 188
153.4351 11176.0 188
153.7811 11144.0 188
154.1217 11104.0 188
154.4513 11088.0 188
154.7919 11056.0 188
155.1379 11000.0 188
155.4840 11040.0 188
155.8081 11176.0 188
156.1542 11368.0 188
156.8408 11592.0 188
157.1869 11712.0 188
157.5110 11752.0 188
157.8571 11824.0 188
158.2031 11960.0 188
158.8898 8664.0 188
159.2139 8592.0 188
159.5599 8568.0 188
159.9060 8576.0 188
160.2466 8632.0 188
160.9167 8720.0 188
162.5757 18432.0 188
162.9053 18416.0 188
163.2458 18352.0 188
163.5919 18368.0 188
163.9325 18384.0 188
164.9487 18384.0 188
168.0139 17952.0 188
170.3870 1270.0 188
170.7166 1254.0 188
171.0571 1240.0 188
171.4032 1232.0 188
171.7932 1224.0 188
172.1393 1214.0 188
172.4799 1208.0 188
172.8259 1202.0 188
173.1555 1196.0 188
173.4961 1190.0 188
173.8422 1186.0 188
174.1827 1182.0 188
174.5288 1180.0 188
174.8584 1178.0 188
175.1990 1174.0 188
175.5450 1172.0 188
175.8856 1172.0 188
176.2811 1170.0 188
176.6217 1168.0 188
176.9678 1168.0 188
177.2919 1166.0 188
177.6379 1166.0 188
177.9840 1168.0 188
178.3246 1168.0 188
178.6707 1170.0 188
178.9948 1170.0 188
179.3408 1170.0 188
179.6210 1174.0 188
179.9670 1176.0 188
180.3076 1178.0 188
180.6537 1182.0 188
180.9998 1184.0 188
181.3403 1188.0 188
181.6699 1192.0 188
182.0105 1196.0 188
182.3566 1202.0 188
182.7026 1208.0 188
183.0432 1216.0 188
183.3893 1222.0 188
183.6694 1232.0 188
184.0155 1244.0 188
184.3561 1252.0 188
184.6857 1264.0 188
185.3723 1288.0 188
186.4655 9928.0 188
186.8115 10008.0 188
187.1521 10080.0 188
187.4982 10152.0 188
187.8387 10224.0 188
188.1683 10232.0 188
188.5144 10184.0 188
188.8550 10152.0 188
189.2010 10136.0 188
189.5416 10080.0 188
189.8877 10040.0 188
190.2173 10072.0 188
190.5579 10152.0 188
190.9039 10256.0 188
191.2500 10360.0 188
191.5906 10544.0 188
191.9366 10672.0 188
192.2607 10648.0 188
192.6068 10632.0 188
192.9529 10624.0 188
193.2935 10552.0 188
193.6395 10496.0 188
193.9801 10464.0 188
194.3097 10448.0 188
194.6558 10432.0 188
194.9963 10392.0 188
195.3424 10368.0 188
195.6830 10352.0 188
196.0291 10328.0 188
196.6992 10248.0 188
197.7319 10896.0 188
202.5000 8528.0 188
202.8406 8536.0 188
203.1866 8568.0 188
203.8733 8560.0 188
221.0284 5000.0 188
221.4349 4896.0 188
221.7645 4800.0 188
222.1051 4736.0 188
222.4512 4696.0 188
222.7917 4648.0 188
223.1378 4592.0 188
223.4839 4544.0 188
223.8080 4504.0 188
224.5605 3808.0 188
224.8901 3748.0 188
225.2307 3720.0 188
225.5768 3700.0 188
225.9174 3688.0 188
226.2634 3668.0 188
226.5930 3648.0 188
226.9336 3632.0 188
227.2797 3612.0 188
227.6202 3596.0 188
227.9663 3576.0 188
228.3124 3560.0 188
228.6365 3548.0 188
228.9825 3536.0 188
229.3231 3528.0 188
229.7186 3512.0 188
230.0592 3500.0 188
230.4053 3496.0 188
230.7458 3488.0 188
231.0919 3472.0 188
231.4325 3460.0 188
231.7621 3448.0 188
232.1082 3436.0 188
232.4487 3432.0 188
232.7948 3424.0 188
233.1354 3412.0 188
233.4814 3400.0 188
233.8110 3388.0 188
234.1516 3376.0 188
234.4977 3372.0 188
234.8438 3368.0 188
235.1843 3364.0 188
235.5139 3360.0 188
235.8545 3356.0 188
236.2006 3352.0 188
236.5466 3356.0 188
236.8872 3356.0 188
237.2333 3356.0 188
237.5574 3360.0 188
237.9034 3376.0 188
238.2495 3392.0 188
238.5901 3408.0 188
238.9362 3428.0 188
239.2603 3448.0 188
239.9524 3468.0 188
240.2930 3316.0 188
240.6390 3336.0 188
240.9796 3416.0 188
241.3092 3472.0 188
241.6553 3480.0 188
241.9958 3484.0 188
242.3419 3488.0 188
243.0286 3496.0 188
244.5886 1054.0 188
244.9347 1046.0 188
245.2808 1038.0 188
245.6213 1034.0 188
245.9674 1032.0 188
246.3080 1030.0 188
246.6376 1026.0 188
247.0441 1022.0 188
247.3737 1018.0 188
247.7142 1014.0 188
248.0603 1012.0 188
248.4009 1008.0 188
248.7469 1006.0 188
249.0930 1004.0 188
249.4171 1002.0 188
249.7632 998.0 188
250.1093 994.0 188
250.4498 996.0 188
250.7959 996.0 188
251.1200 988.0 188
251.4661 986.0 188
251.8121 984.0 188
252.2021 982.0 188
252.5427 980.0 188
252.8888 978.0 188
253.2294 976.0 188
253.5754 974.0 188
253.9050 972.0 188
254.2456 970.0 188
254.5917 968.0 188
254.9323 966.0 188
255.2783 964.0 188
255.6079 962.0 188
255.9485 962.0 188
256.2946 962.0 188
256.6406 960.0 188
256.9812 962.0 188
257.3108 964.0 188
257.6514 964.0 188
257.9974 966.0 188
258.3435 968.0 188
258.6841 974.0 188
259.0137 978.0 188
259.3542 982.0 188
259.6399 990.0 188
259.9805 1002.0 188
260.3265 1020.0 188
261.2933 1042.0 188
261.7932 936.0 188
262.1393 936.0 188
262.4799 934.0 188
262.8259 934.0 188
263.1665 932.0 188
263.4961 932.0 188
263.8422 932.0 188
264.1827 930.0 188
264.5288 930.0 188
264.8749 928.0 188
265.1990 928.0 188
265.5450 928.0 188
265.8856 928.0 188
266.2317 926.0 188
266.5778 926.0 188
266.9019 926.0 188
267.2479 926.0 188
267.5885 926.0 188
267.9346 924.0 188
268.2806 924.0 188
268.6047 924.0 188
268.9508 924.0 188
269.2969 924.0 188
269.6375 928.0 188
269.9835 936.0 188
270.3076 938.0 188
270.6537 934.0 188
270.9998 934.0 188
271.3403 932.0 188
271.6864 932.0 188
272.0105 934.0 188
272.3566 936.0 188
272.7026 942.0 188
273.2629 1008.0 188
273.6090 1008.0 188
273.9496 1008.0 188
274.6362 1008.0 188
275.2789 4792.0 188
275.6085 4800.0 188
275.9491 4800.0 188
276.2952 4792.0 188
276.6357 4784.0 188
276.9818 4776.0 188
277.3279 4760.0 188
277.6520 4752.0 188
277.9980 4784.0 188
278.3386 4840.0 188
278.6847 4848.0 188
279.0308 4872.0 188
279.3549 4912.0 188
279.7009 4912.0 188
280.0415 4912.0 188
280.3271 4920.0 188
280.6677 4928.0 188
281.0138 4920.0 188
281.4038 4912.0 188
281.7499 4904.0 188
282.0905 4912.0 188
282.4365 4904.0 188
282.7167 4920.0 188
283.0573 4928.0 188
283.4033 4920.0 188
283.7494 4928.0 188
284.0735 4968.0 188
284.4196 5000.0 188
284.7656 5000.0 188
285.1062 5000.0 188
285.4523 5008.0 188
285.7928 5008.0 188
286.1224 5016.0 188
286.4685 5032.0 188
286.8091 5056.0 188
287.1552 5072.0 188
287.4957 5080.0 188
287.8253 5096.0 188
288.1714 5104.0 188
288.5120 5120.0 188
288.8580 5136.0 188
289.1986 5088.0 188
289.5447 5048.0 188
289.8743 5072.0 188
290.9015 5104.0 188
291.5936 5080.0 188
291.9177 5056.0 188
292.2638 5008.0 188
292.6044 4920.0 188
292.9999 4848.0 188
293.3405 4768.0 188
293.6865 4696.0 188
294.0271 4632.0 188
294.3732 4576.0 188
294.7028 4504.0 188
295.0433 4432.0 188
295.3894 4384.0 188
295.7300 4328.0 188
296.0760 4256.0 188
296.4166 4184.0 188
296.7462 4120.0 188
297.1527 4072.0 188
297.4988 4028.0 188
297.8229 3984.0 188
298.1689 3984.0 188
298.5150 3996.0 188
298.8556 4004.0 188
299.2017 4012.0 188
299.5422 4024.0 188
299.8718 4040.0 188
300.2179 4060.0 188
300.5585 4076.0 188
300.9045 4084.0 188
301.2451 4088.0 188
301.5912 4080.0 188
301.9208 4076.0 188
302.2614 4072.0 188
302.6074 4072.0 188
302.9480 4064.0 188
303.2941 4052.0 188
303.6237 4040.0 188
303.9642 4016.0 188
304.3103 3984.0 188
304.6509 3956.0 188
304.9969 3924.0 188
305.3430 3912.0 188
305.6671 3900.0 188
306.0132 3888.0 188
306.3593 3872.0 188
306.6998 3860.0 188
307.4963 2988.0 188
307.8259 2960.0 188
308.1665 2936.0 188
308.5126 2936.0 188
308.8586 2952.0 188
309.1992 2968.0 188
309.5453 2984.0 188
309.8749 2996.0 188
310.2155 3016.0 188
310.5615 3028.0 188
310.9021 3036.0 188
311.2482 3048.0 188
311.5887 3068.0 188
311.8744 3080.0 188
312.2150 3092.0 188
312.5446 3104.0 188
312.8906 3120.0 188
313.2312 3132.0 188
313.5773 3148.0 188
313.9178 3160.0 188
314.2639 3176.0 188
314.5935 3192.0 188
314.9341 3208.0 188
315.6207 3228.0 188
319.2462 1446.0 188
320.6085 1382.0 188
320.9491 1374.0 188
321.3556 1366.0 188
321.6852 1362.0 188
322.0313 1356.0 188
322.3718 1348.0 188
326.4038 1376.0 188
326.8103 1358.0 188
327.1509 1356.0 188
327.4805 1352.0 188
327.8265 1344.0 188
328.1671 1338.0 188
328.5132 1332.0 188
328.8593 1330.0 188
329.1998 1326.0 188
329.5294 1318.0 188
329.8700 1316.0 188
330.2161 1310.0 188
330.5621 1304.0 188
330.9027 1300.0 188
331.2323 1296.0 188
331.6388 1290.0 188
331.9794 1288.0 188
332.3090 1284.0 188
332.6550 1280.0 188
332.9956 1276.0 188
333.3417 1272.0 188
333.6823 1266.0 188
334.0283 1262.0 188
334.3579 1260.0 188
334.6985 1256.0 188
335.0446 1252.0 188
335.3906 1250.0 188
335.7312 1246.0 188
336.0773 1242.0 188
336.4014 1240.0 188
336.7474 1236.0 188
337.0935 1232.0 188
337.4835 1228.0 188
337.8241 1226.0 188
338.1702 1224.0 188
338.5107 1220.0 188
338.8568 1218.0 188
339.2029 1216.0 188
339.5270 1214.0 188
339.8730 1210.0 188
340.2136 1206.0 188
340.5597 1204.0 188
340.9058 1202.0 188
341.2299 1198.0 188
341.5759 1196.0 188
341.9165 1194.0 188
342.2626 1192.0 188
342.6086 1188.0 188
342.9492 1188.0 188
343.2953 1186.0 188
343.6249 1182.0 188
343.9655 1180.0 188
344.3115 1178.0 188
344.6521 1178.0 188
344.9982 1176.0 188
345.3387 1174.0 188
345.7343 1170.0 188
346.0748 1170.0 188
346.4209 1170.0 188
346.7615 1166.0 188
347.1075 1164.0 188
347.4371 1162.0 188
347.7777 1162.0 188
348.1238 1160.0 188
348.4644 1158.0 188
348.8104 1156.0 188
349.1510 1154.0 188
349.4971 1154.0 188
349.8267 1154.0 188
350.1672 1152.0 188
350.5133 1150.0 188
350.8594 1148.0 188
351.2000 1148.0 188
351.5460 1146.0 188
351.8701 1146.0 188
352.2162 1144.0 188
352.5623 1142.0 188
