#RPLIDAR SCAN DATA
#COUNT=765
#Angule	Distance	Quality
356.1823 11264.0 188
356.5283 9288.0 188
356.8854 9136.0 188
357.2314 9000.0 188
357.5775 8888.0 188
358.2642 8824.0 188
358.7805 4736.0 188
359.1376 4704.0 188
359.4836 4680.0 188
359.8242 4648.0 188
0.1703 4624.0 188
0.5109 4624.0 188
0.8734 4632.0 188
1.2140 4640.0 188
1.5601 4648.0 188
1.9061 4672.0 188
2.5928 4696.0 188
3.5266 8144.0 188
3.8727 8128.0 188
4.2188 8112.0 188
4.5593 8096.0 188
4.9219 8080.0 188
5.2625 8080.0 188
5.6085 8072.0 188
5.9491 8064.0 188
6.2952 8064.0 188
6.6357 8056.0 188
6.9983 8048.0 188
7.3389 8048.0 188
7.6849 8056.0 188
8.0310 8056.0 188
8.3716 8064.0 188
8.7341 8064.0 188
9.0747 8072.0 188
9.4208 8152.0 188
9.7614 8144.0 188
10.1074 8080.0 188
10.4480 8104.0 188
10.8105 8120.0 188
11.1511 8128.0 188
11.4972 8136.0 188
11.8433 8152.0 188
12.1838 8184.0 188
12.5299 8192.0 188
12.8265 8208.0 188
13.1671 8248.0 188
13.5132 8272.0 188
13.8702 8304.0 188
14.2163 8344.0 188
14.5624 8384.0 188
14.9030 8448.0 188
15.2490 8504.0 188
15.5896 8552.0 188
15.9521 8616.0 188
16.2927 8688.0 188
16.6388 8760.0 188
16.9794 8824.0 188
17.3254 8872.0 188
17.6825 8936.0 188
18.0286 9056.0 188
19.0613 9200.0 188
19.6985 13016.0 188
20.0446 13144.0 188
20.3906 13152.0 188
20.7477 13192.0 188
21.0938 13168.0 188
21.4343 13176.0 188
21.7804 13224.0 188
22.1210 13248.0 188
23.1702 15200.0 188
23.5107 15216.0 188
24.2029 15216.0 188
26.2793 15304.0 188
28.3557 12968.0 188
29.4049 14456.0 188
30.6079 5264.0 188
31.6516 5784.0 188
31.9977 5784.0 188
32.6843 5760.0 188
34.4202 5632.0 188
34.7772 5680.0 188
37.9028 5344.0 188
38.2654 5320.0 188
38.6060 5312.0 188
38.9520 5352.0 188
39.9957 5432.0 188
44.5770 2180.0 188
44.9176 2172.0 188
45.2637 2172.0 188
45.6207 2192.0 188
48.4167 4104.0 188
48.7628 4120.0 188
49.4659 4144.0 188
52.2455 4416.0 188
52.5916 4296.0 188
52.9321 4192.0 188
53.7012 3964.0 188
54.0417 3868.0 188
54.3878 3776.0 188
54.7339 3696.0 188
55.0909 3612.0 188
55.7776 3524.0 188
56.3544 2300.0 188
56.7004 2268.0 188
57.0575 2260.0 188
58.0902 2280.0 188
58.6835 2892.0 188
59.0295 2836.0 188
59.3701 2784.0 188
59.7327 2744.0 188
60.1392 2700.0 188
61.1719 2656.0 188
61.8750 2476.0 188
62.2760 2432.0 188
62.6221 2396.0 188
62.9681 2356.0 188
63.3252 2324.0 188
63.6713 2292.0 188
64.0118 2256.0 188
64.4183 2228.0 188
64.7809 2192.0 188
65.1215 2168.0 188
65.4675 2144.0 188
65.8081 2116.0 188
66.1707 2084.0 188
66.5112 2060.0 188
66.9177 2032.0 188
67.2638 2004.0 188
67.6208 1982.0 188
67.9669 1956.0 188
68.3075 1932.0 188
68.6536 1910.0 188
69.0601 1888.0 188
69.4061 1866.0 188
69.7467 1844.0 188
70.0928 1820.0 188
70.4498 1806.0 188
70.7959 1790.0 188
71.1365 1770.0 188
71.5430 1748.0 188
71.8890 1732.0 188
72.2296 1714.0 188
72.5757 1696.0 188
72.9327 1678.0 188
73.2788 1660.0 188
73.6249 1646.0 188
74.0259 1628.0 188
74.3719 1614.0 188
74.7180 1600.0 188
75.0586 1596.0 188
75.4211 1602.0 188
75.7617 1610.0 188
76.1078 1616.0 188
76.4484 1622.0 188
76.7944 1630.0 188
77.1515 1638.0 188
77.4371 1646.0 188
77.7777 1654.0 188
78.1403 1662.0 188
78.4808 1668.0 188
78.8269 1678.0 188
79.1675 1686.0 188
79.5135 1692.0 188
79.8706 1702.0 188
80.2167 1712.0 188
80.5573 1718.0 188
80.9033 1726.0 188
81.2494 1736.0 188
81.6064 1744.0 188
81.9525 1754.0 188
82.2327 1764.0 188
82.5897 1774.0 188
82.9358 1786.0 188
83.2764 1794.0 188
83.6224 1802.0 188
83.9685 1812.0 188
84.3256 1824.0 188
84.6716 1834.0 188
85.0122 1844.0 188
85.3583 1854.0 188
85.6989 1864.0 188
86.0614 1876.0 188
86.4020 1888.0 188
86.6821 1900.0 188
87.0447 1916.0 188
87.3853 1934.0 188
87.7313 1950.0 188
88.0774 1964.0 188
88.4180 1978.0 188
88.7805 1990.0 188
89.1211 1998.0 188
89.4672 2010.0 188
89.8077 2026.0 188
90.1538 2040.0 188
90.4504 2052.0 188
90.7965 2064.0 188
91.1371 2084.0 188
91.4996 2100.0 188
91.8402 2116.0 188
92.1863 2132.0 188
92.5269 2148.0 188
92.8729 2164.0 188
93.2300 2184.0 188
93.5760 2200.0 188
93.9166 2212.0 188
94.2627 2228.0 188
94.5593 2248.0 188
94.9054 2268.0 188
95.2460 2288.0 188
95.5920 2308.0 188
95.9491 2332.0 188
96.2952 2352.0 188
96.6357 2376.0 188
96.9818 2396.0 188
97.3279 2416.0 188
97.6849 2436.0 188
97.9651 2464.0 188
98.3112 2488.0 188
98.6682 2504.0 188
99.0143 2524.0 188
99.3549 2548.0 188
99.7009 2580.0 188
100.0415 2608.0 188
100.4041 2636.0 188
100.7446 2664.0 188
101.0907 2696.0 188
101.4368 2720.0 188
101.7334 2752.0 188
102.0740 2788.0 188
102.4200 2816.0 188
102.7606 2852.0 188
103.1067 2880.0 188
103.4528 2908.0 188
103.7933 2940.0 188
104.1394 2980.0 188
104.4965 3020.0 188
104.8425 3060.0 188
105.9357 6680.0 188
106.2762 6696.0 188
106.6388 6728.0 188
107.6715 6800.0 188
108.5889 13496.0 188
108.9349 13536.0 188
109.2810 13432.0 188
109.6216 13296.0 188
111.6980 15096.0 188
115.2136 8816.0 188
115.9058 8880.0 188
117.1692 3832.0 188
117.5153 3796.0 188
117.8558 3772.0 188
118.2019 3756.0 188
118.5590 3748.0 188
118.9050 3744.0 188
119.2456 3744.0 188
119.5917 3744.0 188
119.9323 3744.0 188
120.2783 3748.0 188
120.6244 3756.0 188
120.9650 3760.0 188
121.3275 3776.0 188
122.3547 3812.0 188
123.1677 8904.0 188
123.5138 8840.0 188
123.8544 8792.0 188
124.2004 8736.0 188
124.5465 8664.0 188
124.9036 8600.0 188
125.2496 8488.0 188
125.5902 8384.0 188
125.9363 8312.0 188
126.2769 8240.0 188
126.6229 8200.0 188
126.9635 8224.0 188
127.3096 8280.0 188
127.6666 8336.0 188
128.0127 8408.0 188
128.3588 8496.0 188
128.6993 8560.0 188
129.0454 8616.0 188
129.3860 8672.0 188
129.7321 8704.0 188
130.0781 8824.0 188
130.4352 8968.0 188
134.9176 8248.0 188
135.2802 8208.0 188
135.6207 8232.0 188
135.9668 8304.0 188
136.3074 8392.0 188
136.6534 8496.0 188
136.9995 8632.0 188
137.3566 8760.0 188
137.7026 8808.0 188
138.0432 8872.0 188
138.3893 8928.0 188
138.7299 8976.0 188
139.0924 9032.0 188
139.4330 9064.0 188
139.7791 9088.0 188
140.1196 9144.0 188
140.4657 9200.0 188
140.8118 9208.0 188
141.1688 9232.0 188
141.5149 9296.0 188
141.8555 9360.0 188
142.2015 9424.0 188
142.5421 9504.0 188
142.8882 9608.0 188
143.2452 9728.0 188
143.5913 9856.0 188
143.9374 9968.0 188
144.2780 10080.0 188
144.6240 10128.0 188
144.9811 10176.0 188
145.3271 10264.0 188
145.6677 10344.0 188
146.0138 10408.0 188
146.3544 10536.0 188
146.7004 10672.0 188
147.0575 10752.0 188
147.4036 10848.0 188
148.0902 10928.0 188
148.3868 12992.0 188
148.7329 12960.0 188
149.0735 12904.0 188
149.4196 12856.0 188
149.7656 12816.0 188
150.1227 12768.0 188
150.4688 12744.0 188
150.8093 12744.0 188
151.1554 12720.0 188
151.4960 12640.0 188
151.8420 12560.0 188
152.1991 12528.0 188
152.8857 12976.0 188
153.2318 13112.0 188
156.1212 7624.0 188
156.4673 7600.0 188
156.8079 7584.0 188
157.1539 7576.0 188
157.5000 7560.0 188
157.8571 7536.0 188
158.2031 7520.0 188
158.5437 7504.0 188
158.8898 7496.0 188
159.2303 7480.0 188
159.5929 7448.0 188
159.9335 7424.0 188
160.2795 7408.0 188
160.6201 7392.0 188
160.9662 7384.0 188
161.3123 7384.0 188
161.6693 7376.0 188
162.0154 7352.0 188
162.3560 7344.0 188
162.7020 7336.0 188
163.0426 7328.0 188
163.3887 7320.0 188
163.7457 7312.0 188
164.0918 7304.0 188
164.4324 7304.0 188
164.7784 7296.0 188
165.1245 7280.0 188
165.4816 7272.0 188
165.8276 7264.0 188
166.1682 7248.0 188
166.5143 7240.0 188
166.8549 7232.0 188
167.2009 7224.0 188
167.5580 7216.0 188
167.9041 7208.0 188
169.0906 1936.0 188
169.4366 1904.0 188
169.8431 1882.0 188
170.1837 1868.0 188
170.5298 1854.0 188
170.8704 1844.0 188
171.2329 1838.0 188
171.5735 1832.0 188
171.9196 1826.0 188
172.2656 1822.0 188
172.6062 1818.0 188
172.9523 1814.0 188
173.2928 1812.0 188
173.6554 1812.0 188
173.9960 1812.0 188
174.3420 1812.0 188
174.6826 1812.0 188
175.0287 1814.0 188
175.3748 1816.0 188
175.7153 1822.0 188
176.0614 1824.0 188
176.4185 1828.0 188
176.7645 1832.0 188
177.1051 1840.0 188
177.4512 1850.0 188
177.7917 1860.0 188
178.1378 1876.0 188
178.4839 1890.0 188
178.7805 1908.0 188
179.8077 1938.0 188
183.1201 8064.0 188
183.4662 8128.0 188
183.8123 8136.0 188
184.1528 8136.0 188
184.4989 8104.0 188
193.1561 7968.0 188
193.8428 7848.0 188
199.3744 7560.0 188
200.0610 7544.0 188
200.4016 7560.0 188
200.7642 7560.0 188
201.1047 7568.0 188
201.4508 7576.0 188
201.7969 7560.0 188
202.1375 7560.0 188
202.5000 7480.0 188
202.8406 7352.0 188
203.1866 7312.0 188
203.5272 7296.0 188
203.8733 7296.0 188
204.2139 7280.0 188
205.2631 7296.0 188
208.7292 7440.0 188
209.0753 7552.0 188
209.4214 7576.0 188
209.7620 7592.0 188
210.4651 7536.0 188
215.6561 7200.0 188
215.9967 6768.0 188
216.3593 6592.0 188
216.6998 6448.0 188
217.0459 6336.0 188
217.3865 6200.0 188
217.7930 6096.0 188
218.1390 5976.0 188
218.4796 5880.0 188
218.8257 5864.0 188
219.1827 5872.0 188
219.5288 5888.0 188
219.8749 5904.0 188
220.2155 5920.0 188
220.5615 5936.0 188
220.9021 5952.0 188
221.8854 6184.0 188
222.9950 6128.0 188
224.0277 6104.0 188
225.0769 5208.0 188
225.4175 5208.0 188
225.7635 5200.0 188
226.1041 5240.0 188
227.1533 5064.0 188
227.9333 1936.0 188
228.2959 1932.0 188
228.6365 1924.0 188
228.9825 1914.0 188
229.3231 1902.0 188
229.7296 1890.0 188
230.0757 1880.0 188
230.4218 1872.0 188
230.7623 1864.0 188
231.1249 1856.0 188
231.4655 1844.0 188
231.8115 1832.0 188
232.1521 1820.0 188
232.4982 1812.0 188
232.8552 1802.0 188
233.2013 1794.0 188
233.5419 1790.0 188
233.8879 1782.0 188
234.2340 1772.0 188
234.5746 1762.0 188
234.9811 1754.0 188
235.3271 1748.0 188
235.6677 1740.0 188
236.0303 1732.0 188
236.3708 1724.0 188
236.7169 1714.0 188
237.0575 1704.0 188
237.4036 1698.0 188
237.7496 1694.0 188
238.1067 1688.0 188
238.4528 1682.0 188
238.7933 1674.0 188
239.1394 1666.0 188
239.4800 1660.0 188
239.8260 1654.0 188
240.1666 1648.0 188
240.5292 1642.0 188
240.9192 1636.0 188
241.2762 1628.0 188
241.6223 1622.0 188
241.9684 1616.0 188
242.3090 1612.0 188
242.6550 1608.0 188
242.9956 1604.0 188
243.3417 1596.0 188
243.6987 1592.0 188
244.0448 1586.0 188
244.3854 1580.0 188
244.7314 1574.0 188
245.0775 1570.0 188
245.4181 1564.0 188
245.7806 1560.0 188
246.1212 1554.0 188
246.4673 1550.0 188
246.8079 1546.0 188
247.1539 1542.0 188
247.5000 1540.0 188
247.8406 1538.0 188
248.2031 1538.0 188
248.5437 1540.0 188
248.8898 1546.0 188
249.2303 1562.0 188
249.5764 1580.0 188
249.9170 1602.0 188
250.2795 1630.0 188
250.5597 1652.0 188
250.9058 1676.0 188
251.2463 1708.0 188
251.6089 1740.0 188
251.8890 1768.0 188
252.2296 1798.0 188
252.5922 1830.0 188
252.9327 1860.0 188
253.2184 1896.0 188
253.5590 1932.0 188
253.9215 1972.0 188
254.2621 2016.0 188
254.5422 2064.0 188
254.8883 2100.0 188
255.5914 2144.0 188
256.2177 2388.0 188
256.5747 2440.0 188
256.8549 2500.0 188
257.2009 2556.0 188
257.5580 2616.0 188
257.9041 2680.0 188
258.1842 2748.0 188
258.5303 2816.0 188
258.8873 2888.0 188
259.2334 2968.0 188
259.5740 3044.0 188
259.8541 3088.0 188
260.2167 3092.0 188
260.5573 3084.0 188
260.9033 3076.0 188
261.2494 3076.0 188
261.5900 3076.0 188
261.9360 3080.0 188
263.1390 1474.0 188
264.7650 3072.0 188
266.1548 3068.0 188
266.4954 3056.0 188
266.8414 3056.0 188
267.1875 3060.0 188
267.5281 3060.0 188
267.8741 3056.0 188
268.2312 3052.0 188
269.0277 2284.0 188
269.3738 2292.0 188
269.7144 2292.0 188
270.0604 2292.0 188
271.3239 3060.0 188
271.6699 3056.0 188
272.0270 3056.0 188
272.3730 3060.0 188
272.7136 3064.0 188
273.0597 3068.0 188
273.4058 3068.0 188
273.7463 3072.0 188
274.0924 3072.0 188
274.4330 3068.0 188
274.7791 3068.0 188
275.1196 3072.0 188
275.4822 3072.0 188
275.7623 3076.0 188
276.1084 3076.0 188
276.4490 3080.0 188
276.7950 3088.0 188
277.1356 3088.0 188
277.4982 3088.0 188
278.1848 3104.0 188
280.3107 2848.0 188
280.7172 2692.0 188
281.4038 2540.0 188
283.9801 2044.0 188
284.3262 1994.0 188
284.6667 1954.0 188
285.0128 1912.0 188
285.4193 1870.0 188
285.7654 1826.0 188
286.1060 1784.0 188
286.5125 1746.0 188
286.8585 1712.0 188
287.1991 1674.0 188
287.6056 1636.0 188
287.9517 1602.0 188
288.2922 1578.0 188
288.6383 1566.0 188
288.9844 1564.0 188
289.3250 1564.0 188
289.6710 1566.0 188
290.0116 1568.0 188
290.3741 1572.0 188
290.7147 1574.0 188
291.0608 1578.0 188
291.4014 1584.0 188
291.7474 1588.0 188
292.0935 1594.0 188
292.4341 1598.0 188
292.7802 1604.0 188
293.1207 1608.0 188
293.4668 1612.0 188
293.8074 1614.0 188
294.1699 1620.0 188
294.5105 1624.0 188
294.8566 1632.0 188
295.2026 1636.0 188
295.4828 1642.0 188
295.8234 1646.0 188
296.1859 1652.0 188
296.5265 1656.0 188
296.8726 1662.0 188
297.2186 1666.0 188
297.5592 1670.0 188
297.9053 1676.0 188
298.2458 1684.0 188
298.5919 1690.0 188
298.9325 1694.0 188
299.2786 1700.0 188
299.6246 1708.0 188
299.9817 1716.0 188
300.3278 1722.0 188
300.6683 1728.0 188
301.0144 1734.0 188
301.3550 1740.0 188
301.7010 1748.0 188
302.0416 1756.0 188
302.3438 1762.0 188
302.6843 1768.0 188
303.0304 1774.0 188
303.3875 1780.0 188
303.7335 1786.0 188
304.0741 1794.0 188
304.4202 1802.0 188
304.7607 1812.0 188
305.1068 1820.0 188
305.4639 1828.0 188
305.8099 1838.0 188
306.1560 1848.0 188
306.4966 1854.0 188
306.8427 1864.0 188
307.1832 1870.0 188
307.5458 1876.0 188
307.8864 1884.0 188
308.1665 1894.0 188
308.5126 1906.0 188
308.8696 1914.0 188
309.2157 1926.0 188
309.5618 1940.0 188
310.5890 1962.0 188
310.8417 5688.0 188
311.1823 5704.0 188
311.5448 5736.0 188
311.8854 5768.0 188
312.2314 5792.0 188
312.5775 5824.0 188
312.9181 5856.0 188
313.2642 5888.0 188
313.6047 5912.0 188
313.9673 5944.0 188
314.3079 5968.0 188
314.6539 5984.0 188
315.0000 6000.0 188
315.3406 6024.0 188
315.6866 6040.0 188
316.0437 6064.0 188
316.3898 6096.0 188
316.7303 6136.0 188
317.0270 6160.0 188
317.3730 6200.0 188
317.7136 6248.0 188
318.0597 6288.0 188
318.4058 6320.0 188
318.7463 6376.0 188
319.1089 6448.0 188
319.4495 6496.0 188
319.7955 6520.0 188
320.1361 6544.0 188
320.4822 6576.0 188
320.8228 6600.0 188
321.1853 6640.0 188
321.5259 6696.0 188
321.8719 6736.0 188
322.2180 6768.0 188
322.5586 6792.0 188
322.9047 6840.0 188
323.2617 6888.0 188
323.6078 6936.0 188
323.9484 6976.0 188
324.6405 7024.0 188
325.3436 6984.0 188
325.6842 6888.0 188
326.0303 6856.0 188
326.3708 6824.0 188
326.7169 6800.0 188
327.0575 6776.0 188
327.4200 6744.0 188
327.7606 6712.0 188
328.1067 6696.0 188
328.7933 6536.0 188
329.1394 6600.0 188
329.4965 6584.0 188
329.8425 6560.0 188
330.1831 6536.0 188
330.5292 6520.0 188
330.8698 6496.0 188
331.2158 6544.0 188
331.5729 6656.0 188
331.9189 6768.0 188
332.2650 6848.0 188
332.6056 6912.0 188
332.9517 6992.0 188
333.2922 7064.0 188
333.6548 7128.0 188
333.9954 7208.0 188
334.3414 7296.0 188
335.0281 7336.0 188
335.3741 7680.0 188
335.7147 7784.0 188
336.0608 7872.0 188
337.1045 7840.0 188
337.4506 7184.0 188
337.7966 7152.0 188
338.1372 7136.0 188
338.4833 7120.0 188
338.8403 7104.0 188
339.1864 7080.0 188
339.5270 7064.0 188
339.8730 7072.0 188
340.2136 7032.0 188
340.5597 6984.0 188
340.9058 6976.0 188
341.2628 6960.0 188
341.6089 6952.0 188
341.9495 6928.0 188
342.2955 6904.0 188
342.6361 6896.0 188
342.9822 6888.0 188
343.3228 6872.0 188
343.6688 6864.0 188
344.0259 6856.0 188
344.3719 6848.0 188
344.7180 6824.0 188
345.0586 6792.0 188
345.4047 6784.0 188
345.7452 6776.0 188
346.0913 6824.0 188
346.4484 6984.0 188
346.7944 7160.0 188
347.4811 7304.0 188
347.7612 8528.0 188
348.1238 8544.0 188
348.4644 8520.0 188
