#RPLIDAR SCAN DATA
#COUNT=881
#Angule	Distance	Quality
353.7323 4800.0 188
11.9037 6744.0 188
12.2498 6688.0 188
12.5903 6608.0 188
12.9364 6520.0 188
13.2770 6344.0 188
14.3701 5624.0 188
14.7162 5504.0 188
15.0623 5408.0 188
15.4028 5304.0 188
15.7489 5216.0 188
16.0895 5112.0 188
16.4355 5008.0 188
16.8420 4912.0 188
17.1826 4816.0 188
17.5287 4728.0 188
17.8748 4624.0 188
18.5614 4568.0 188
18.9020 4400.0 188
19.2480 4352.0 188
19.5886 4288.0 188
19.9347 4224.0 188
20.2808 4152.0 188
20.6873 4088.0 188
21.0278 4024.0 188
21.3739 3960.0 188
21.7145 3884.0 188
22.0605 3832.0 188
22.4011 3784.0 188
22.7637 3732.0 188
23.1042 3712.0 188
23.4503 3720.0 188
23.7964 3732.0 188
24.1370 3748.0 188
24.4830 3756.0 188
24.8236 3772.0 188
25.1697 3780.0 188
25.5103 3792.0 188
25.8728 3812.0 188
26.2134 3828.0 188
26.5594 3840.0 188
26.9055 3856.0 188
27.2461 3868.0 188
27.6086 3884.0 188
27.9492 3900.0 188
28.2953 3912.0 188
28.6359 3928.0 188
28.9984 3932.0 188
29.3390 3944.0 188
29.6851 3952.0 188
30.0311 3964.0 188
30.3717 3980.0 188
31.6406 1486.0 188
31.9812 1488.0 188
32.6678 1496.0 188
33.4479 4128.0 188
33.7939 4144.0 188
34.1400 4168.0 188
34.4806 4176.0 188
34.8267 4192.0 188
35.1837 4216.0 188
35.5298 4232.0 188
35.8704 4248.0 188
36.2164 4272.0 188
36.5735 4288.0 188
36.9196 4304.0 188
37.2656 4296.0 188
37.6062 4272.0 188
37.9523 4280.0 188
38.3093 4296.0 188
38.6554 4272.0 188
39.3420 4248.0 188
40.3088 1512.0 188
41.0614 1428.0 188
41.4020 1404.0 188
41.7480 1394.0 188
42.0886 1384.0 188
42.4512 1378.0 188
43.1378 1372.0 188
43.6542 1178.0 188
43.9948 1178.0 188
44.3408 1174.0 188
45.3900 1176.0 188
45.6866 1278.0 188
46.0272 1264.0 188
46.3733 1262.0 188
46.7139 1262.0 188
47.0599 1262.0 188
47.4170 1264.0 188
47.7631 1268.0 188
48.1091 1276.0 188
48.4497 1284.0 188
48.8123 1294.0 188
49.0924 1306.0 188
49.4330 1318.0 188
49.7955 1330.0 188
50.1361 1332.0 188
50.4822 1332.0 188
50.8228 1334.0 188
51.1688 1342.0 188
51.5259 1354.0 188
51.8719 1366.0 188
52.1521 1380.0 188
52.5146 1394.0 188
52.8552 1406.0 188
53.2013 1424.0 188
53.5419 1436.0 188
53.8385 1448.0 188
54.7614 1192.0 188
55.1074 1194.0 188
55.4480 1192.0 188
55.7941 1194.0 188
56.8433 1200.0 188
57.1399 1772.0 188
57.4805 1768.0 188
57.8430 1758.0 188
58.2330 1750.0 188
58.5901 1744.0 188
58.9362 1738.0 188
59.2767 1734.0 188
59.6228 1728.0 188
59.9634 1720.0 188
60.3094 1716.0 188
60.6555 1712.0 188
61.0126 1706.0 188
61.3586 1698.0 188
61.6992 1694.0 188
62.0453 1696.0 188
62.3859 1690.0 188
62.7319 1680.0 188
63.0780 1676.0 188
63.4186 1672.0 188
63.7811 1666.0 188
64.1217 1660.0 188
64.4678 1656.0 188
64.8083 1652.0 188
65.1544 1648.0 188
65.4950 1642.0 188
65.8411 1640.0 188
66.2476 1636.0 188
66.5936 1634.0 188
66.8903 1640.0 188
67.2803 1632.0 188
68.6536 904.0 188
68.9996 902.0 188
69.3402 906.0 188
69.6863 908.0 188
70.0269 910.0 188
70.3235 912.0 188
70.6696 914.0 188
72.7020 1256.0 188
73.0426 1254.0 188
73.3887 1258.0 188
74.4214 1260.0 188
74.8883 1550.0 188
75.2344 1548.0 188
75.5750 1546.0 188
75.9210 1544.0 188
76.2781 1542.0 188
76.6241 1538.0 188
76.9647 1538.0 188
77.3108 1546.0 188
77.6514 1546.0 188
78.0579 1536.0 188
78.4039 1532.0 188
78.7500 1530.0 188
79.0906 1528.0 188
79.4366 1526.0 188
79.7772 1526.0 188
80.1398 1524.0 188
80.4803 1524.0 188
80.8264 1522.0 188
81.1670 1520.0 188
81.5131 1518.0 188
81.8591 1516.0 188
82.1997 1516.0 188
82.5458 1516.0 188
82.9028 1524.0 188
83.2489 1532.0 188
83.5895 1520.0 188
83.9355 1512.0 188
84.2761 1512.0 188
84.6222 1510.0 188
84.9683 1508.0 188
85.3088 1508.0 188
85.6714 1508.0 188
86.0120 1508.0 188
86.3580 1506.0 188
86.6986 1506.0 188
87.0447 1506.0 188
87.3853 1506.0 188
87.7313 1506.0 188
88.0774 1504.0 188
88.4344 1510.0 188
88.7805 1522.0 188
89.1211 1514.0 188
89.4672 1502.0 188
89.8077 1504.0 188
90.1538 1506.0 188
90.4999 1506.0 188
90.8405 1506.0 188
91.2030 1506.0 188
91.5436 1506.0 188
91.8896 1508.0 188
92.2302 1506.0 188
92.5763 1508.0 188
92.9169 1510.0 188
93.2629 1510.0 188
93.6090 1510.0 188
93.9496 1510.0 188
94.3121 1522.0 188
94.6527 1520.0 188
94.9988 1512.0 188
95.3394 1514.0 188
95.6854 1516.0 188
96.0260 1514.0 188
96.3721 1516.0 188
96.7181 1518.0 188
97.0587 1518.0 188
97.4048 1520.0 188
97.7618 1522.0 188
98.1079 1524.0 188
98.4485 1524.0 188
98.7946 1526.0 188
99.1406 1528.0 188
99.4812 1530.0 188
99.7778 1542.0 188
100.1239 1542.0 188
100.5139 1534.0 188
100.8710 1536.0 188
101.1511 1538.0 188
101.4972 1542.0 188
101.8433 1544.0 188
102.1838 1546.0 188
102.5299 1548.0 188
102.8870 1550.0 188
103.2330 1552.0 188
103.5736 1554.0 188
103.9197 1558.0 188
104.2603 1558.0 188
104.6063 1562.0 188
104.9524 1566.0 188
105.2930 1576.0 188
105.6390 1562.0 188
106.4520 1430.0 188
106.7926 1402.0 188
107.1387 1378.0 188
107.5452 1352.0 188
107.8857 1326.0 188
108.2318 1302.0 188
108.6383 1284.0 188
108.9844 1270.0 188
109.3250 1264.0 188
109.6710 1258.0 188
110.0116 1252.0 188
110.3577 1248.0 188
110.6982 1248.0 188
111.0443 1248.0 188
111.3904 1248.0 188
111.7310 1248.0 188
112.0935 1248.0 188
112.4341 1252.0 188
112.7802 1256.0 188
113.1207 1260.0 188
113.4668 1264.0 188
113.8074 1266.0 188
114.1534 1270.0 188
114.4995 1274.0 188
114.8401 1278.0 188
115.2026 1282.0 188
115.5432 1286.0 188
115.8893 1290.0 188
116.2299 1294.0 188
116.5155 1298.0 188
116.8561 1302.0 188
117.2186 1308.0 188
117.5592 1312.0 188
117.9053 1314.0 188
118.2458 1318.0 188
118.5919 1324.0 188
118.9325 1330.0 188
119.2786 1336.0 188
119.6246 1340.0 188
119.9652 1346.0 188
120.3113 1350.0 188
120.6683 1356.0 188
121.0144 1362.0 188
121.2946 1368.0 188
121.6406 1372.0 188
121.9812 1376.0 188
122.3438 1382.0 188
122.6843 1388.0 188
123.0304 1394.0 188
123.3710 1402.0 188
123.7170 1406.0 188
124.0576 1412.0 188
124.4037 1418.0 188
124.7498 1426.0 188
125.0903 1432.0 188
125.4364 1440.0 188
125.7330 1448.0 188
126.0736 1454.0 188
126.4197 1460.0 188
126.7603 1468.0 188
127.1063 1476.0 188
127.4524 1482.0 188
127.7930 1488.0 188
128.1390 1496.0 188
128.4796 1504.0 188
128.8422 1512.0 188
129.1827 1522.0 188
129.5288 1530.0 188
129.8090 1538.0 188
130.1550 1546.0 188
130.4956 1554.0 188
130.8417 1562.0 188
131.1823 1572.0 188
131.5283 1582.0 188
131.8744 1592.0 188
132.2314 1602.0 188
132.5775 1610.0 188
132.9181 1620.0 188
133.2642 1632.0 188
133.5443 1640.0 188
133.8904 1648.0 188
134.2310 1660.0 188
134.5770 1670.0 188
134.9176 1678.0 188
135.2802 1690.0 188
135.6207 1704.0 188
135.9668 1716.0 188
136.3074 1728.0 188
136.6534 1740.0 188
136.9995 1752.0 188
137.2797 1766.0 188
137.6202 1778.0 188
137.9663 1790.0 188
138.3234 1800.0 188
138.6694 1812.0 188
139.0155 1826.0 188
139.3561 1840.0 188
139.7021 1856.0 188
140.0427 1870.0 188
140.3888 1886.0 188
140.6689 1902.0 188
141.0150 1916.0 188
141.3721 1932.0 188
142.4048 1950.0 188
142.9211 2572.0 188
143.2617 2596.0 188
143.6078 2612.0 188
143.9484 2632.0 188
144.2944 2656.0 188
144.6405 2684.0 188
144.9811 2712.0 188
145.3436 2732.0 188
145.6238 2752.0 188
145.9644 2776.0 188
146.3104 2804.0 188
146.6510 2832.0 188
147.4036 2668.0 188
147.7496 2636.0 188
148.0902 2660.0 188
148.4363 2676.0 188
148.7769 2652.0 188
149.4635 2644.0 188
149.7656 2800.0 188
150.1062 2848.0 188
150.4523 2860.0 188
150.7928 2892.0 188
151.1389 2924.0 188
151.4795 2964.0 188
151.8256 2996.0 188
152.1716 3020.0 188
152.4683 3076.0 188
152.8088 3124.0 188
153.1549 3156.0 188
153.4955 3140.0 188
154.7644 4456.0 188
155.1050 4448.0 188
155.4510 4424.0 188
155.7916 4408.0 188
156.1377 4400.0 188
156.4838 4392.0 188
156.8243 4384.0 188
157.1704 4368.0 188
157.5110 4352.0 188
157.8735 4328.0 188
158.2141 4328.0 188
158.5602 4368.0 188
158.9063 4432.0 188
159.2468 4496.0 188
159.5929 4584.0 188
159.9335 4672.0 188
160.2795 4752.0 188
160.6201 4832.0 188
160.9662 4904.0 188
161.2628 5008.0 188
161.6089 5120.0 188
161.9495 5216.0 188
162.2955 5304.0 188
162.6361 5408.0 188
162.9822 5520.0 188
163.3228 5648.0 188
163.6688 5752.0 188
164.0149 5872.0 188
164.3555 6040.0 188
164.6521 6200.0 188
164.9982 6320.0 188
165.6848 6448.0 188
166.0309 6832.0 188
166.3715 6968.0 188
166.7175 7112.0 188
167.0581 7304.0 188
167.4042 7528.0 188
167.7448 7592.0 188
168.1073 7544.0 188
168.4479 7536.0 188
168.7939 7528.0 188
169.1400 7520.0 188
169.4806 7520.0 188
169.8267 7560.0 188
171.7767 12424.0 188
172.8094 12616.0 188
173.1555 12784.0 188
173.5126 12736.0 188
173.8586 12744.0 188
174.1992 12760.0 188
174.5453 12752.0 188
174.8859 12744.0 188
175.2319 12736.0 188
175.5780 12752.0 188
175.9186 12760.0 188
176.9513 12736.0 188
177.8741 4168.0 188
178.2147 4152.0 188
178.9508 3988.0 188
179.3079 4008.0 188
179.6539 4020.0 188
180.0000 4016.0 188
180.3406 4020.0 188
182.7026 4248.0 188
183.0432 4240.0 188
183.3893 4248.0 188
184.1364 3912.0 188
184.4824 3896.0 188
184.8230 3888.0 188
185.5151 3844.0 188
185.8557 3768.0 188
186.2018 3676.0 188
186.5424 3572.0 188
186.8884 3516.0 188
187.2949 3504.0 188
187.6355 3500.0 188
187.9816 3452.0 188
188.3276 3392.0 188
188.6682 3400.0 188
189.3109 3536.0 188
189.6515 3540.0 188
189.9976 3548.0 188
190.3436 3516.0 188
190.7446 3484.0 188
191.0303 3540.0 188
191.6675 4256.0 188
193.1067 3844.0 188
193.4528 3792.0 188
193.7933 3792.0 188
194.1394 3808.0 188
194.4800 3808.0 188
194.8260 3812.0 188
195.1831 3828.0 188
195.5292 3840.0 188
195.8698 3844.0 188
196.2158 3852.0 188
197.2485 1998.0 188
197.5891 1970.0 188
197.9352 1952.0 188
198.2813 1936.0 188
198.6218 1926.0 188
198.9679 1918.0 188
199.3085 1908.0 188
199.6545 1900.0 188
199.9951 1896.0 188
200.4016 1864.0 188
201.1542 1730.0 188
201.4948 1724.0 188
201.8408 1718.0 188
202.1869 1710.0 188
202.5275 1702.0 188
202.8900 1696.0 188
203.2306 1690.0 188
203.5767 1684.0 188
203.9172 1678.0 188
204.2633 1672.0 188
204.6094 1664.0 188
204.9500 1660.0 188
205.2960 1656.0 188
205.6366 1650.0 188
205.9991 1646.0 188
206.3397 1640.0 188
206.7297 1634.0 188
207.0923 1630.0 188
207.4329 1626.0 188
207.7789 1620.0 188
208.1250 1616.0 188
208.4656 1612.0 188
208.8116 1608.0 188
209.1522 1604.0 188
209.4983 1600.0 188
209.8389 1596.0 188
210.2014 1592.0 188
210.5420 1588.0 188
210.8881 1584.0 188
211.2341 1580.0 188
211.5747 1576.0 188
211.9208 1574.0 188
212.2614 1572.0 188
212.6074 1574.0 188
212.9480 1584.0 188
213.3105 1596.0 188
213.6511 1618.0 188
213.9368 1646.0 188
214.5740 1854.0 188
214.9200 1838.0 188
215.2606 1822.0 188
215.6067 1806.0 188
215.9528 1794.0 188
216.2933 1780.0 188
216.6559 1766.0 188
217.0459 1748.0 188
217.3865 1738.0 188
217.7325 1726.0 188
218.0896 1712.0 188
218.4357 1708.0 188
218.7762 1714.0 188
219.1223 1722.0 188
219.4684 1732.0 188
219.8090 1742.0 188
220.1550 1752.0 188
220.4517 1762.0 188
220.7922 1772.0 188
221.1383 1778.0 188
221.4844 1790.0 188
221.8250 1802.0 188
222.1710 1810.0 188
222.5116 1820.0 188
222.8741 1832.0 188
223.2147 1842.0 188
223.5608 1854.0 188
223.9014 1866.0 188
224.2474 1876.0 188
224.5935 1886.0 188
224.8901 1900.0 188
225.2307 1914.0 188
225.5768 1922.0 188
225.9174 1934.0 188
226.2634 1950.0 188
226.6040 1962.0 188
226.9501 1972.0 188
227.3071 1988.0 188
227.6532 2004.0 188
227.9993 2018.0 188
228.3398 2030.0 188
228.6859 2044.0 188
228.9825 2060.0 188
229.3231 2080.0 188
229.6692 2092.0 188
230.0153 2104.0 188
230.3558 2120.0 188
230.7019 2136.0 188
231.0425 2152.0 188
231.3885 2172.0 188
231.7291 2188.0 188
232.0917 2200.0 188
232.4323 2220.0 188
232.7179 2240.0 188
233.0585 2260.0 188
233.4045 2280.0 188
233.7616 2296.0 188
234.1077 2316.0 188
234.4482 2340.0 188
234.7943 2360.0 188
235.1404 2372.0 188
235.4810 2392.0 188
235.8270 2416.0 188
236.1676 2440.0 188
236.4642 2464.0 188
236.8103 2488.0 188
237.1509 2512.0 188
237.4969 2540.0 188
237.8430 2564.0 188
238.1836 2592.0 188
238.5461 2620.0 188
238.8867 2640.0 188
239.2328 2664.0 188
239.5734 2696.0 188
239.9194 2720.0 188
240.2161 2748.0 188
240.5621 2784.0 188
240.9027 2820.0 188
241.2488 2852.0 188
241.5894 2884.0 188
241.9354 2924.0 188
242.2760 2968.0 188
242.6221 3000.0 188
242.9681 3032.0 188
243.3252 3064.0 188
243.6053 3100.0 188
243.9514 3140.0 188
244.2920 3180.0 188
244.6381 3228.0 188
244.9951 3268.0 188
245.3412 3316.0 188
245.6873 3368.0 188
246.0278 3412.0 188
246.3739 3464.0 188
246.6705 3520.0 188
247.0111 3576.0 188
247.6978 3612.0 188
248.5437 1636.0 188
248.8898 1632.0 188
249.2303 1628.0 188
249.5929 1622.0 188
249.9335 1620.0 188
250.2795 1616.0 188
250.6201 1612.0 188
250.9662 1608.0 188
251.3123 1606.0 188
251.6528 1602.0 188
251.9989 1600.0 188
252.3560 1600.0 188
252.7020 1596.0 188
253.0426 1592.0 188
253.3887 1588.0 188
253.7292 1586.0 188
254.0753 1586.0 188
254.4214 1584.0 188
254.7620 1582.0 188
255.1080 1578.0 188
255.4651 1576.0 188
255.8112 1574.0 188
256.1517 1570.0 188
256.4978 1568.0 188
256.8384 1568.0 188
257.1844 1564.0 188
257.5305 1564.0 188
257.8711 1562.0 188
258.2172 1562.0 188
258.5577 1560.0 188
258.9038 1560.0 188
259.2499 1558.0 188
259.5905 1556.0 188
259.9530 1554.0 188
260.2936 1552.0 188
260.6396 1552.0 188
260.9802 1550.0 188
261.3263 1550.0 188
261.6669 1550.0 188
262.0129 1548.0 188
262.3590 1546.0 188
262.6996 1546.0 188
263.0457 1546.0 188
263.3862 1546.0 188
263.7323 1544.0 188
264.0729 1542.0 188
264.4189 1544.0 188
264.7650 1544.0 188
265.1056 1544.0 188
265.4517 1542.0 188
265.7922 1542.0 188
266.1383 1542.0 188
266.4844 1542.0 188
266.8250 1544.0 188
267.1710 1544.0 188
267.5116 1542.0 188
267.8577 1540.0 188
268.2147 1544.0 188
268.5608 1544.0 188
268.9014 1544.0 188
269.2474 1544.0 188
269.5935 1546.0 188
269.9341 1544.0 188
270.2802 1544.0 188
270.6207 1546.0 188
270.9668 1544.0 188
271.3074 1546.0 188
271.6534 1546.0 188
271.9995 1548.0 188
272.3401 1548.0 188
272.6862 1550.0 188
273.0267 1552.0 188
273.3728 1550.0 188
273.7134 1552.0 188
274.0594 1554.0 188
274.4055 1556.0 188
274.7461 1556.0 188
275.0922 1558.0 188
275.4327 1560.0 188
275.7788 1560.0 188
276.1249 1562.0 188
276.4819 1562.0 188
276.8280 1564.0 188
277.1686 1566.0 188
277.5146 1570.0 188
277.8552 1572.0 188
278.2013 1576.0 188
279.2340 1584.0 188
279.7009 4360.0 188
283.1561 4432.0 188
283.4967 4408.0 188
283.8428 4368.0 188
284.1833 4344.0 188
284.5294 4344.0 188
284.8700 4344.0 188
286.9354 4376.0 188
287.9681 4584.0 188
288.3087 4488.0 188
289.1052 3188.0 188
290.1544 3148.0 188
290.3906 4476.0 188
291.0773 4488.0 188
291.4178 4472.0 188
292.0605 5048.0 188
293.0933 5064.0 188
294.1040 1456.0 188
294.5105 1432.0 188
294.8566 1412.0 188
295.2026 1392.0 188
295.5432 1372.0 188
295.9497 1354.0 188
296.2958 1336.0 188
296.6364 1316.0 188
296.9824 1300.0 188
297.3889 1284.0 188
297.7295 1270.0 188
298.0756 1254.0 188
298.4326 1240.0 188
298.8281 1224.0 188
299.1687 1212.0 188
299.5313 1198.0 188
299.8718 1184.0 188
300.2618 1170.0 188
300.6244 1158.0 188
300.9650 1144.0 188
301.3110 1132.0 188
301.6516 1120.0 188
302.0581 1110.0 188
302.4042 1102.0 188
302.7448 1090.0 188
303.0908 1080.0 188
303.4973 1068.0 188
303.8434 1058.0 188
304.1840 1048.0 188
304.5300 1038.0 188
304.8706 1028.0 188
305.2771 1018.0 188
305.6232 1008.0 188
305.9637 1000.0 188
306.3098 992.0 188
306.6669 984.0 188
307.0624 978.0 188
307.4030 970.0 188
307.7655 962.0 188
308.1061 954.0 188
308.4961 944.0 188
308.8586 936.0 188
309.1992 930.0 188
309.5453 924.0 188
309.8859 916.0 188
310.2924 908.0 188
310.6384 900.0 188
310.9790 894.0 188
311.3251 890.0 188
311.6711 882.0 188
312.0776 876.0 188
312.4182 872.0 188
312.7643 864.0 188
313.1049 860.0 188
313.4509 852.0 188
313.8574 846.0 188
314.1980 842.0 188
314.5441 836.0 188
314.9011 830.0 188
315.2472 826.0 188
315.5933 822.0 188
315.9998 818.0 188
316.3403 814.0 188
316.6864 810.0 188
317.0270 806.0 188
317.3730 806.0 188
317.7136 806.0 188
318.0597 804.0 188
318.4058 806.0 188
318.7628 808.0 188
319.1089 812.0 188
319.4495 814.0 188
319.7955 818.0 188
320.0922 824.0 188
320.4327 828.0 188
320.7788 834.0 188
321.1249 840.0 188
321.4655 846.0 188
321.7621 852.0 188
322.1082 856.0 188
322.4487 862.0 188
322.7948 870.0 188
323.1354 878.0 188
323.4375 884.0 188
323.7781 890.0 188
324.1241 896.0 188
324.4647 904.0 188
324.8108 910.0 188
325.1074 916.0 188
325.4480 924.0 188
325.7941 934.0 188
326.1401 942.0 188
326.4203 950.0 188
326.7773 958.0 188
327.1234 966.0 188
327.4640 974.0 188
327.8101 982.0 188
328.0902 992.0 188
328.4363 1000.0 188
328.7769 1008.0 188
329.1229 1018.0 188
329.4196 1028.0 188
329.7656 1040.0 188
330.1062 1050.0 188
330.4523 1060.0 188
330.7489 1072.0 188
331.0895 1082.0 188
331.4355 1092.0 188
331.7761 1102.0 188
332.1222 1114.0 188
332.4023 1126.0 188
332.7649 1140.0 188
333.1055 1152.0 188
333.4515 1162.0 188
333.7317 1176.0 188
334.0778 1190.0 188
334.4183 1206.0 188
334.7644 1220.0 188
335.0610 1236.0 188
335.4016 1252.0 188
335.7477 1266.0 188
336.0938 1280.0 188
336.3904 1298.0 188
336.7310 1318.0 188
337.0770 1334.0 188
337.4176 1352.0 188
337.6978 1370.0 188
338.0438 1390.0 188
338.3899 1410.0 188
338.7469 1432.0 188
339.0271 1452.0 188
339.3732 1476.0 188
339.7137 1500.0 188
340.0598 1520.0 188
340.3564 1546.0 188
340.7025 1576.0 188
341.0431 1602.0 188
341.3892 1626.0 188
341.6693 1658.0 188
342.0154 1688.0 188
342.3724 1718.0 188
342.7185 1752.0 188
342.9987 1788.0 188
343.3392 1824.0 188
343.6853 1860.0 188
343.9819 1900.0 188
344.3280 1944.0 188
346.3385 4552.0 188
347.0306 4480.0 188
347.5415 3048.0 188
347.8876 3040.0 188
348.2336 3052.0 188
349.1071 4416.0 188
349.4531 4432.0 188
349.7937 4448.0 188
350.1398 4456.0 188
351.1670 4504.0 188
