#RPLIDAR SCAN DATA
#COUNT=1056
#Angule	Distance	Quality
352.0459 8672.0 188
352.3700 8696.0 188
352.6996 8736.0 188
353.0292 8752.0 188
353.3588 8784.0 188
353.6719 8944.0 188
353.9960 8944.0 188
354.3256 8840.0 188
354.6552 8872.0 188
354.9792 8880.0 188
355.3088 8896.0 188
355.6219 8928.0 188
355.9515 8984.0 188
356.2811 8904.0 188
356.6052 8880.0 188
356.9348 9008.0 188
357.2644 8992.0 188
357.5885 9000.0 188
357.9016 9056.0 188
358.2312 9080.0 188
359.2145 9152.0 188
0.5273 2904.0 188
1.4996 8600.0 188
1.8073 8608.0 188
2.1368 8664.0 188
2.4664 8696.0 188
2.7960 8728.0 188
3.1201 8760.0 188
3.4497 8800.0 188
3.7793 8840.0 188
4.0924 8880.0 188
4.4165 8896.0 188
4.7461 8896.0 188
5.0757 8928.0 188
5.4053 8960.0 188
5.7294 8992.0 188
6.0425 9008.0 188
6.3721 9064.0 188
6.7017 9128.0 188
7.0313 9136.0 188
9.3274 2876.0 188
9.6405 2808.0 188
9.9646 2740.0 188
10.3546 2668.0 188
10.6677 2604.0 188
10.9973 2552.0 188
11.3269 2508.0 188
11.6510 2460.0 188
12.0300 2412.0 188
12.3541 2372.0 188
12.6837 2336.0 188
13.0133 2296.0 188
13.3429 2264.0 188
13.7164 2224.0 188
14.0460 2184.0 188
14.3701 2156.0 188
14.6997 2132.0 188
15.0293 2104.0 188
15.3589 2076.0 188
15.7324 2044.0 188
16.0620 2014.0 188
16.3861 1994.0 188
16.7157 1976.0 188
17.0453 1950.0 188
17.3749 1924.0 188
17.6990 1904.0 188
18.0780 1888.0 188
18.4021 1868.0 188
18.7317 1848.0 188
19.0613 1830.0 188
19.3854 1810.0 188
19.7150 1796.0 188
20.0446 1786.0 188
20.3741 1768.0 188
20.7477 1750.0 188
21.0773 1732.0 188
21.4014 1720.0 188
21.7310 1710.0 188
22.0605 1694.0 188
22.3901 1678.0 188
22.7142 1662.0 188
23.0438 1644.0 188
23.4174 1634.0 188
23.7469 1626.0 188
24.0765 1614.0 188
24.4061 1602.0 188
24.7302 1586.0 188
25.0598 1578.0 188
25.3894 1568.0 188
25.7135 1556.0 188
26.0431 1546.0 188
26.4166 1532.0 188
26.7462 1524.0 188
27.0758 1518.0 188
27.4054 1506.0 188
27.7295 1494.0 188
28.0591 1482.0 188
28.3887 1472.0 188
28.7183 1466.0 188
29.0424 1458.0 188
29.3719 1450.0 188
29.7455 1440.0 188
30.0751 1430.0 188
30.4047 1424.0 188
30.7343 1418.0 188
31.0583 1410.0 188
31.3879 1400.0 188
31.7175 1390.0 188
32.0416 1384.0 188
32.3547 1380.0 188
32.6843 1374.0 188
33.0743 1366.0 188
33.4039 1358.0 188
33.7335 1350.0 188
34.0576 1346.0 188
34.3872 1340.0 188
34.7168 1332.0 188
35.0299 1326.0 188
35.3540 1318.0 188
35.6836 1312.0 188
36.0132 1304.0 188
36.3428 1300.0 188
36.6669 1296.0 188
37.0624 1290.0 188
37.3865 1284.0 188
37.6996 1278.0 188
38.0292 1272.0 188
38.3588 1268.0 188
38.6829 1262.0 188
39.0125 1256.0 188
39.3420 1252.0 188
39.6716 1248.0 188
39.9957 1244.0 188
40.3253 1240.0 188
40.6549 1236.0 188
41.0284 1228.0 188
41.3580 1224.0 188
41.6821 1220.0 188
42.0117 1218.0 188
42.3413 1212.0 188
42.6709 1206.0 188
42.9950 1202.0 188
43.3246 1198.0 188
43.6542 1196.0 188
43.9838 1192.0 188
44.3079 1188.0 188
44.6210 1184.0 188
44.9506 1180.0 188
45.2802 1178.0 188
45.6042 1174.0 188
45.9998 1170.0 188
46.3239 1166.0 188
46.6534 1162.0 188
46.9830 1158.0 188
47.2961 1156.0 188
47.6202 1154.0 188
47.9498 1148.0 188
48.2794 1144.0 188
48.6090 1142.0 188
48.9331 1140.0 188
49.2627 1138.0 188
49.5923 1134.0 188
49.9219 1130.0 188
50.2460 1128.0 188
50.5756 1126.0 188
50.9052 1124.0 188
51.2183 1120.0 188
51.5424 1118.0 188
51.9324 1116.0 188
52.2620 1112.0 188
52.5916 1110.0 188
52.9211 1108.0 188
53.2452 1106.0 188
53.5583 1102.0 188
53.8879 1100.0 188
54.2175 1098.0 188
54.5416 1096.0 188
54.8712 1094.0 188
55.2008 1090.0 188
55.5304 1088.0 188
55.8545 1088.0 188
56.1841 1086.0 188
56.5137 1084.0 188
56.8433 1082.0 188
57.1674 1080.0 188
57.4805 1078.0 188
57.8101 1076.0 188
58.1396 1076.0 188
58.4637 1074.0 188
58.7933 1072.0 188
59.1833 1068.0 188
59.5129 1066.0 188
59.8260 1066.0 188
60.1556 1064.0 188
60.4797 1062.0 188
60.8093 1060.0 188
61.1389 1058.0 188
61.4685 1060.0 188
61.7926 1058.0 188
62.1222 1058.0 188
62.4518 1054.0 188
62.7759 1054.0 188
63.1055 1052.0 188
63.4351 1052.0 188
63.7482 1052.0 188
64.0778 1050.0 188
64.4019 1048.0 188
64.7314 1048.0 188
65.0610 1048.0 188
65.3906 1046.0 188
65.7147 1044.0 188
66.0443 1046.0 188
66.3739 1044.0 188
66.6980 1044.0 188
67.0276 1042.0 188
67.3572 1040.0 188
67.6703 1040.0 188
67.9999 1040.0 188
68.3240 1040.0 188
68.6536 1040.0 188
68.9832 1040.0 188
69.3073 1040.0 188
69.6368 1038.0 188
69.9664 1038.0 188
70.2960 1038.0 188
70.6201 1038.0 188
70.9497 1036.0 188
71.2793 1036.0 188
71.5924 1036.0 188
71.9165 1038.0 188
72.2461 1036.0 188
72.5757 1036.0 188
72.9053 1036.0 188
73.2294 1036.0 188
73.5590 1036.0 188
73.8885 1036.0 188
74.2181 1036.0 188
74.5422 1036.0 188
74.8718 1036.0 188
75.2014 1036.0 188
75.5145 1036.0 188
75.8386 1036.0 188
76.1682 1036.0 188
76.4978 1038.0 188
76.8274 1038.0 188
77.1515 1038.0 188
77.4811 1038.0 188
77.8107 1038.0 188
78.1403 1040.0 188
78.4644 1040.0 188
78.7775 1040.0 188
79.1071 1040.0 188
79.4366 1040.0 188
79.7607 1040.0 188
80.0903 1042.0 188
80.4199 1042.0 188
80.7330 1042.0 188
81.0571 1044.0 188
81.3867 1044.0 188
81.7163 1046.0 188
82.0459 1046.0 188
82.3700 1046.0 188
82.6996 1048.0 188
83.0127 1050.0 188
83.3423 1050.0 188
83.6719 1052.0 188
83.9960 1052.0 188
84.3256 1052.0 188
84.6552 1052.0 188
84.9683 1054.0 188
85.2924 1056.0 188
85.6219 1056.0 188
85.9515 1058.0 188
86.2811 1060.0 188
86.6052 1060.0 188
86.9348 1062.0 188
87.2479 1064.0 188
87.5775 1066.0 188
87.9016 1068.0 188
88.2312 1068.0 188
88.4949 1070.0 188
88.8245 1072.0 188
89.1541 1072.0 188
89.4836 1074.0 188
89.8077 1076.0 188
90.1208 1078.0 188
90.4504 1080.0 188
90.7800 1082.0 188
91.1041 1084.0 188
91.4337 1084.0 188
91.7633 1088.0 188
92.0764 1090.0 188
92.4060 1092.0 188
92.7301 1094.0 188
93.0597 1096.0 188
93.3893 1098.0 188
93.7134 1102.0 188
94.0430 1104.0 188
94.3561 1104.0 188
94.6857 1106.0 188
95.0153 1110.0 188
95.3394 1112.0 188
95.6689 1114.0 188
95.9326 1118.0 188
96.2622 1120.0 188
96.5918 1122.0 188
96.9214 1126.0 188
97.2290 1130.0 188
97.5586 1132.0 188
97.8882 1134.0 188
98.2178 1136.0 188
98.5419 1140.0 188
98.8715 1144.0 188
99.1846 1146.0 188
99.5142 1148.0 188
99.8438 1150.0 188
100.1678 1154.0 188
100.4974 1158.0 188
100.8270 1160.0 188
101.1401 1164.0 188
101.4642 1166.0 188
101.7938 1170.0 188
102.0575 1174.0 188
102.3871 1178.0 188
102.7167 1182.0 188
103.0463 1184.0 188
103.3704 1188.0 188
103.7000 1192.0 188
104.0131 1196.0 188
104.3427 1202.0 188
104.6667 1204.0 188
104.9963 1206.0 188
105.3259 1212.0 188
105.6555 1218.0 188
105.9796 1220.0 188
106.2927 1222.0 188
106.6223 1228.0 188
106.9025 1232.0 188
107.2156 1238.0 188
107.5452 1242.0 188
107.8748 1244.0 188
108.1989 1250.0 188
108.5284 1254.0 188
108.8580 1262.0 188
109.1711 1266.0 188
109.4952 1270.0 188
109.8248 1276.0 188
110.1544 1282.0 188
110.4840 1288.0 188
110.8081 1294.0 188
111.0773 1302.0 188
111.4014 1306.0 188
111.7310 1310.0 188
112.0605 1316.0 188
112.3737 1322.0 188
112.6978 1328.0 188
113.0273 1334.0 188
113.3569 1340.0 188
113.6865 1348.0 188
114.0106 1356.0 188
114.3402 1362.0 188
114.6698 1366.0 188
114.9335 1372.0 188
115.2631 1380.0 188
115.5927 1388.0 188
115.9058 1396.0 188
116.2299 1402.0 188
116.5594 1408.0 188
116.8890 1416.0 188
117.2186 1426.0 188
117.5427 1434.0 188
117.8723 1442.0 188
118.1360 1450.0 188
118.4656 1456.0 188
118.7952 1464.0 188
119.1083 1476.0 188
119.4324 1486.0 188
119.7620 1492.0 188
120.0916 1496.0 188
120.4211 1506.0 188
120.7452 1518.0 188
121.0748 1528.0 188
121.4044 1536.0 188
121.6681 1546.0 188
121.9977 1554.0 188
122.3273 1566.0 188
122.6404 1578.0 188
122.9645 1586.0 188
123.2941 1596.0 188
123.6237 1606.0 188
123.9478 1618.0 188
124.2773 1628.0 188
124.5465 1640.0 188
124.8706 1652.0 188
125.2002 1664.0 188
125.5298 1676.0 188
125.8429 1688.0 188
126.1670 1704.0 188
126.4966 1712.0 188
126.8262 1720.0 188
127.1558 1736.0 188
127.4799 1754.0 188
127.7490 1768.0 188
128.0731 1780.0 188
128.4027 1794.0 188
128.7323 1808.0 188
129.0619 1822.0 188
129.3750 1838.0 188
129.6991 1852.0 188
130.0287 1864.0 188
130.3583 1884.0 188
130.6219 1902.0 188
130.9515 1920.0 188
131.2811 1938.0 188
131.6052 1954.0 188
131.9348 1970.0 188
132.2644 1988.0 188
132.5775 2008.0 188
132.9016 2026.0 188
133.2312 2044.0 188
133.4949 2060.0 188
133.8245 2084.0 188
134.1541 2104.0 188
134.4836 2128.0 188
134.8077 2152.0 188
135.1373 2172.0 188
135.4669 2192.0 188
135.7965 2216.0 188
136.0602 2240.0 188
136.3898 2268.0 188
136.7139 2288.0 188
137.0270 2312.0 188
137.3566 2344.0 188
137.6862 2372.0 188
138.0103 2400.0 188
138.3398 2428.0 188
138.6694 2452.0 188
138.9331 2488.0 188
139.2627 2516.0 188
139.5923 2548.0 188
139.9219 2556.0 188
140.2295 2548.0 188
140.5591 2544.0 188
141.5424 2536.0 188
141.8719 2564.0 188
142.1851 2600.0 188
142.5146 2596.0 188
142.8387 2600.0 188
143.1683 2596.0 188
143.4979 2596.0 188
143.8275 2592.0 188
144.1406 2588.0 188
144.4647 2588.0 188
144.7943 2588.0 188
145.1239 2588.0 188
145.4480 2588.0 188
145.7776 2584.0 188
146.0907 2584.0 188
146.4203 2580.0 188
146.7499 2576.0 188
147.0740 2580.0 188
147.4036 2576.0 188
147.7332 2572.0 188
148.0463 2576.0 188
148.3704 2584.0 188
148.7000 2584.0 188
149.0295 2576.0 188
149.3591 2580.0 188
149.6832 2580.0 188
149.9963 2576.0 188
150.3259 2580.0 188
150.6555 2580.0 188
150.9796 2576.0 188
151.3092 2580.0 188
151.6388 2580.0 188
151.9519 2584.0 188
152.2760 2588.0 188
152.6056 2592.0 188
152.9352 2588.0 188
153.2648 2592.0 188
153.5889 2596.0 188
153.9020 2596.0 188
154.2316 2596.0 188
154.5612 2596.0 188
154.8853 2600.0 188
155.2148 2600.0 188
155.5444 2604.0 188
155.8575 2608.0 188
156.1871 2608.0 188
156.5112 2612.0 188
156.8408 2612.0 188
157.1704 2612.0 188
157.5000 2612.0 188
157.8076 2616.0 188
158.1372 2620.0 188
158.4668 2616.0 188
158.7964 2620.0 188
159.1205 2628.0 188
159.4501 2628.0 188
159.7632 2628.0 188
160.0928 2628.0 188
161.0760 2632.0 188
161.4056 2612.0 188
161.7188 2592.0 188
162.0428 2596.0 188
163.3557 2592.0 188
163.6688 2596.0 188
163.9984 2600.0 188
164.3280 2604.0 188
164.6521 2604.0 188
164.9817 2608.0 188
165.3113 2612.0 188
165.6244 2616.0 188
165.9485 2624.0 188
166.2781 2628.0 188
166.6077 2632.0 188
166.9373 2632.0 188
167.2614 2636.0 188
167.5745 2640.0 188
167.9041 2648.0 188
168.2336 2652.0 188
168.5577 2656.0 188
168.8873 2664.0 188
169.2169 2668.0 188
169.5300 2680.0 188
169.8541 2684.0 188
170.1837 2688.0 188
170.5133 2700.0 188
170.8429 2712.0 188
171.1670 2732.0 188
171.4362 2744.0 188
171.7603 2772.0 188
172.0734 2800.0 188
172.4030 2804.0 188
172.7325 2812.0 188
173.0621 2824.0 188
173.3862 2836.0 188
173.7158 2844.0 188
174.0289 2852.0 188
174.3585 2852.0 188
174.6826 2860.0 188
175.0122 2872.0 188
175.3418 2884.0 188
175.6714 2892.0 188
175.9790 2896.0 188
176.3086 2912.0 188
176.6382 2920.0 188
176.9678 2920.0 188
177.2919 2932.0 188
177.6050 2940.0 188
177.9346 2944.0 188
178.2642 2960.0 188
178.5938 2972.0 188
178.9178 2980.0 188
179.2474 2988.0 188
179.5605 3000.0 188
179.8901 3012.0 188
180.2142 3020.0 188
180.5438 3040.0 188
180.8734 3056.0 188
181.1865 3064.0 188
181.5106 3072.0 188
181.7963 3080.0 188
182.1094 3092.0 188
182.4335 3096.0 188
182.7631 3108.0 188
183.0927 3124.0 188
183.4167 3132.0 188
183.7299 3148.0 188
184.0594 3160.0 188
184.3890 3176.0 188
184.7186 3192.0 188
185.0427 3208.0 188
185.3723 3220.0 188
186.3391 3232.0 188
186.6687 3236.0 188
186.9983 3228.0 188
187.3279 3228.0 188
187.6355 3248.0 188
187.9651 3260.0 188
188.2947 3260.0 188
188.6243 3272.0 188
188.9484 3288.0 188
189.2615 3308.0 188
189.5911 3320.0 188
189.9207 3332.0 188
190.2448 3348.0 188
190.5743 3364.0 188
190.9039 3380.0 188
191.2170 3404.0 188
191.5466 3424.0 188
191.8707 3444.0 188
192.2003 3468.0 188
192.5299 3488.0 188
192.8540 3500.0 188
193.1671 3508.0 188
193.4528 3524.0 188
193.7604 3552.0 188
194.0900 3572.0 188
194.4196 3588.0 188
194.7491 3612.0 188
195.0732 3644.0 188
195.4028 3676.0 188
195.7159 3696.0 188
196.0455 3708.0 188
196.3696 3728.0 188
196.6992 3752.0 188
197.0288 3764.0 188
197.3419 3792.0 188
197.6715 3788.0 188
197.9956 3756.0 188
198.9844 3756.0 188
199.2920 3740.0 188
199.6216 3728.0 188
199.9512 3712.0 188
200.2808 3696.0 188
200.6049 3680.0 188
200.9180 3672.0 188
201.2476 3660.0 188
201.5771 3640.0 188
201.9012 3616.0 188
202.2308 3600.0 188
202.5604 3584.0 188
202.8900 3568.0 188
203.2031 3556.0 188
203.5272 3540.0 188
203.8568 3524.0 188
204.2468 3508.0 188
204.5599 3496.0 188
204.8895 3484.0 188
205.2136 3464.0 188
205.5432 3452.0 188
205.8728 3440.0 188
206.2024 3432.0 188
206.5155 3428.0 188
206.8396 3416.0 188
207.1692 3404.0 188
207.4988 3392.0 188
207.8229 3388.0 188
208.1525 3380.0 188
208.4656 3368.0 188
208.7952 3352.0 188
209.1248 3340.0 188
209.4489 3328.0 188
209.7784 3312.0 188
210.1080 3292.0 188
210.4321 3256.0 188
210.7452 3232.0 188
211.0748 3208.0 188
211.4044 3200.0 188
211.7340 3204.0 188
212.0581 3188.0 188
212.3877 3172.0 188
212.7008 3164.0 188
213.0304 3148.0 188
213.3545 3140.0 188
213.6841 3132.0 188
214.0137 3128.0 188
214.3433 3116.0 188
214.6674 3104.0 188
214.9805 3096.0 188
215.3101 3092.0 188
215.6396 3088.0 188
216.0132 3060.0 188
216.3428 3048.0 188
216.6669 3064.0 188
216.9965 3064.0 188
217.3260 3064.0 188
217.6556 3060.0 188
217.9797 3048.0 188
218.2928 3044.0 188
218.6224 3036.0 188
218.9520 3004.0 188
219.6552 2652.0 188
219.9792 2660.0 188
220.5780 2992.0 188
220.9021 2984.0 188
221.2317 2980.0 188
221.5613 2972.0 188
221.8854 2968.0 188
222.1985 2960.0 188
222.5281 2952.0 188
222.8577 2948.0 188
223.1873 2944.0 188
223.5114 2944.0 188
223.8409 2944.0 188
224.1705 2940.0 188
224.4836 2936.0 188
224.8077 2928.0 188
225.1373 2924.0 188
225.4669 2924.0 188
225.7965 2920.0 188
226.1206 2916.0 188
226.4337 2908.0 188
226.7633 2908.0 188
227.0929 2904.0 188
227.4170 2896.0 188
227.7466 2892.0 188
228.0762 2892.0 188
228.4058 2892.0 188
228.7134 2884.0 188
229.0430 2880.0 188
229.3726 2880.0 188
229.7021 2880.0 188
230.0262 2884.0 188
230.3558 2876.0 188
230.6689 2868.0 188
230.9985 2868.0 188
231.3281 2868.0 188
231.6522 2864.0 188
231.9818 2868.0 188
232.3114 2864.0 188
232.6245 2860.0 188
232.9486 2856.0 188
233.2782 2856.0 188
233.6078 2852.0 188
233.9374 2852.0 188
234.2615 2852.0 188
234.5746 2848.0 188
234.9042 2844.0 188
235.2338 2844.0 188
235.5579 2844.0 188
235.8875 2880.0 188
236.2006 2876.0 188
236.5302 2840.0 188
236.8542 2840.0 188
237.1838 2856.0 188
237.5134 2880.0 188
237.8265 2888.0 188
238.1561 2880.0 188
238.4802 2888.0 188
238.8098 2888.0 188
239.1394 2884.0 188
239.4525 2892.0 188
239.7766 2892.0 188
240.1062 2888.0 188
240.4358 2888.0 188
240.7654 2896.0 188
241.0730 2900.0 188
241.4026 2900.0 188
241.7322 2892.0 188
242.0618 2888.0 188
242.3859 2888.0 188
242.6990 2892.0 188
243.0286 2892.0 188
243.3582 2892.0 188
243.6823 2896.0 188
244.0118 2896.0 188
244.3250 2904.0 188
244.6545 2908.0 188
244.9841 2904.0 188
245.3082 2900.0 188
245.6378 2904.0 188
245.9509 2916.0 188
246.2805 2920.0 188
246.6046 2920.0 188
246.9342 2924.0 188
247.2638 2928.0 188
247.5769 2924.0 188
247.9010 2924.0 188
248.2306 2932.0 188
248.5602 2932.0 188
248.8898 2932.0 188
249.2029 2940.0 188
249.5270 2944.0 188
249.8566 2948.0 188
250.1862 2952.0 188
250.5103 2952.0 188
250.8234 2960.0 188
251.1530 2964.0 188
251.4825 2964.0 188
251.8121 2964.0 188
252.1362 2972.0 188
252.4493 2972.0 188
252.7789 2980.0 188
253.1085 2988.0 188
253.4326 2988.0 188
253.7622 2992.0 188
254.7290 3004.0 188
255.0586 2964.0 188
255.3882 2972.0 188
255.7178 2936.0 188
256.6846 3072.0 188
257.0142 2912.0 188
257.3438 2868.0 188
257.6514 2812.0 188
257.9810 2760.0 188
258.3545 2716.0 188
258.6841 2672.0 188
259.0137 2632.0 188
259.3433 2592.0 188
259.6674 2548.0 188
259.9969 2508.0 188
260.3101 2480.0 188
260.7001 2444.0 188
261.0132 2408.0 188
261.3428 2372.0 188
261.6669 2340.0 188
261.9965 2312.0 188
262.3260 2284.0 188
262.6392 2252.0 188
263.0292 2228.0 188
263.6719 2204.0 188
266.2811 2088.0 188
266.5887 2064.0 188
266.9843 2040.0 188
267.3083 2024.0 188
267.6215 2004.0 188
267.9510 1982.0 188
268.2806 1960.0 188
268.6047 1940.0 188
268.9178 1920.0 188
269.2474 1904.0 188
269.6210 1888.0 188
269.9506 1866.0 188
270.2802 1844.0 188
270.6042 1832.0 188
270.9174 1816.0 188
271.2469 1798.0 188
271.5765 1782.0 188
271.9061 1764.0 188
272.2797 1752.0 188
272.6093 1736.0 188
272.9169 1720.0 188
273.2465 1708.0 188
273.5760 1692.0 188
273.9056 1674.0 188
274.2188 1664.0 188
274.5428 1648.0 188
274.9219 1636.0 188
275.2460 1626.0 188
275.5756 1612.0 188
275.9052 1598.0 188
276.2183 1584.0 188
276.5424 1572.0 188
276.8719 1560.0 188
277.2015 1550.0 188
277.5146 1540.0 188
277.9047 1528.0 188
278.2343 1514.0 188
278.5419 1506.0 188
278.8715 1496.0 188
279.5746 1402.0 188
279.9042 1392.0 188
280.2338 1382.0 188
280.5469 1374.0 188
280.9369 1360.0 188
281.2500 1344.0 188
281.5741 1336.0 188
281.9037 1326.0 188
282.2333 1320.0 188
282.5464 1314.0 188
282.8705 1304.0 188
283.2001 1296.0 188
283.5736 1288.0 188
283.9032 1282.0 188
284.2328 1276.0 188
284.5624 1268.0 188
284.8700 1260.0 188
285.1996 1254.0 188
285.5292 1248.0 188
285.8588 1242.0 188
286.1719 1236.0 188
286.4960 1230.0 188
286.8750 1222.0 188
287.1991 1216.0 188
287.5287 1212.0 188
287.8583 1204.0 188
288.1714 1198.0 188
288.4955 1192.0 188
288.8251 1186.0 188
289.1547 1182.0 188
289.4678 1178.0 188
289.7919 1172.0 188
290.1709 1166.0 188
290.4950 1160.0 188
290.8246 1156.0 188
291.1542 1150.0 188
291.4673 1144.0 188
291.7969 1140.0 188
292.1210 1136.0 188
292.4506 1132.0 188
292.7637 1126.0 188
293.0933 1120.0 188
293.4833 1116.0 188
293.7964 1112.0 188
294.1205 1108.0 188
294.4501 1104.0 188
294.7797 1100.0 188
295.0928 1094.0 188
295.4169 1090.0 188
295.7465 1086.0 188
296.0760 1082.0 188
296.3892 1078.0 188
296.7188 1074.0 188
297.0428 1072.0 188
297.4329 1068.0 188
297.7625 1064.0 188
298.0756 1060.0 188
298.4052 1056.0 188
298.7292 1054.0 188
299.0588 1050.0 188
299.3884 1046.0 188
299.7180 1042.0 188
300.0421 1040.0 188
300.3717 1036.0 188
300.7013 1034.0 188
301.0309 1032.0 188
301.3550 1028.0 188
301.6846 1026.0 188
302.0581 1022.0 188
302.3877 1020.0 188
302.7173 1016.0 188
303.0469 1012.0 188
303.3710 1010.0 188
303.7006 1008.0 188
304.0302 1004.0 188
304.3433 1002.0 188
304.6674 1000.0 188
304.9969 998.0 188
305.3265 994.0 188
305.6561 992.0 188
305.9802 990.0 188
306.3098 988.0 188
306.6394 984.0 188
307.0129 982.0 188
307.3425 980.0 188
307.6666 978.0 188
307.9962 976.0 188
308.3258 974.0 188
308.6554 972.0 188
308.9795 970.0 188
309.3091 968.0 188
309.6387 966.0 188
309.9683 968.0 188
310.2924 972.0 188
310.6055 978.0 188
310.8856 988.0 188
311.2152 996.0 188
311.5448 1006.0 188
311.8744 1014.0 188
312.1875 1022.0 188
312.4677 1032.0 188
312.7917 1042.0 188
313.1213 1052.0 188
313.4509 1062.0 188
313.7146 1072.0 188
314.0442 1082.0 188
314.3738 1094.0 188
314.6979 1104.0 188
315.0275 1116.0 188
315.2966 1126.0 188
315.6207 1136.0 188
315.9503 1150.0 188
316.2799 1162.0 188
316.5436 1176.0 188
316.8732 1186.0 188
317.2028 1198.0 188
317.5269 1214.0 188
317.7960 1230.0 188
318.1201 1244.0 188
318.4497 1258.0 188
318.7793 1272.0 188
319.1089 1286.0 188
319.3726 1302.0 188
319.7021 1320.0 188
320.0262 1338.0 188
320.3558 1354.0 188
320.6250 1368.0 188
320.9491 1388.0 188
321.2787 1410.0 188
321.6083 1430.0 188
321.8719 1450.0 188
322.2015 1468.0 188
322.5311 1490.0 188
322.8552 1512.0 188
323.1848 1534.0 188
323.4485 1556.0 188
323.7781 1578.0 188
324.1077 1604.0 188
324.4373 1628.0 188
324.7009 1654.0 188
325.0305 1686.0 188
325.3546 1714.0 188
325.6842 1740.0 188
325.9479 1768.0 188
326.2775 1802.0 188
326.6071 1836.0 188
326.9366 1868.0 188
327.2168 1898.0 188
327.5299 1936.0 188
327.8540 1974.0 188
328.1836 2018.0 188
328.4528 2054.0 188
328.7769 2088.0 188
329.1064 2132.0 188
329.4360 2180.0 188
329.7656 2232.0 188
330.0293 2280.0 188
330.3589 2328.0 188
330.6830 2380.0 188
330.9961 2432.0 188
331.2762 2496.0 188
331.5894 2572.0 188
331.9189 2632.0 188
332.2485 2696.0 188
332.8418 2776.0 188
333.1714 2948.0 188
333.8251 3024.0 188
334.7479 3220.0 188
335.6708 3692.0 188
335.9839 3924.0 188
336.6376 3776.0 188
336.9672 3768.0 188
337.2968 3768.0 188
337.6208 3772.0 188
337.9340 3772.0 188
338.2635 3764.0 188
338.5931 3768.0 188
338.9172 3768.0 188
339.2468 3756.0 188
339.5764 3760.0 188
339.8895 3764.0 188
340.2136 3760.0 188
340.5432 3768.0 188
341.7297 5560.0 188
342.0593 5560.0 188
342.3889 5576.0 188
342.7185 5576.0 188
343.0426 5584.0 188
343.3557 5592.0 188
343.6853 5600.0 188
344.0149 5608.0 188
344.3390 5616.0 188
344.6686 5624.0 188
344.9982 5640.0 188
345.3113 5648.0 188
345.6354 5656.0 188
345.9650 5672.0 188
346.2946 5688.0 188
346.6241 5696.0 188
346.9482 5696.0 188
347.2614 5704.0 188
347.5909 5720.0 188
347.9205 5728.0 188
348.2446 5736.0 188
348.5742 5744.0 188
348.9038 5776.0 188
349.2169 5800.0 188
349.5465 5808.0 188
349.8706 5824.0 188
350.2002 5840.0 188
350.5298 5848.0 188
350.8429 5864.0 188
351.1670 5888.0 188
351.4966 5912.0 188
