#RPLIDAR SCAN DATA
#COUNT=819
#Angule	Distance	Quality
352.3096 3688.0 188
352.6556 3700.0 188
352.9962 3696.0 188
353.3423 3676.0 188
353.6829 3660.0 188
354.0454 3652.0 188
354.3860 3648.0 188
354.7321 3644.0 188
355.0781 3636.0 188
355.4352 3632.0 188
355.7813 3628.0 188
356.1218 3616.0 188
356.4679 3608.0 188
356.8085 3608.0 188
357.1710 3600.0 188
357.5116 3596.0 188
357.8577 3592.0 188
358.1982 3588.0 188
358.5608 3584.0 188
358.9014 3580.0 188
359.2474 3576.0 188
359.5935 3568.0 188
359.9341 3560.0 188
0.2966 3560.0 188
0.6372 3556.0 188
0.9833 3556.0 188
1.3239 3552.0 188
1.6699 3548.0 188
2.0270 3552.0 188
2.3730 3544.0 188
2.7136 3536.0 188
3.0597 3536.0 188
3.4167 3536.0 188
3.7628 3536.0 188
4.1089 3540.0 188
4.4495 3540.0 188
5.1526 3564.0 188
10.0909 15056.0 188
11.1841 8864.0 188
11.8707 8416.0 188
12.2333 8408.0 188
12.5739 8408.0 188
13.3264 8088.0 188
13.6670 8088.0 188
14.3701 7992.0 188
14.7162 6576.0 188
15.0623 6432.0 188
15.4193 6352.0 188
15.7654 6304.0 188
16.1060 6232.0 188
16.4520 6176.0 188
16.8585 6120.0 188
17.1991 6056.0 188
17.5616 6008.0 188
17.9022 5960.0 188
18.2483 5920.0 188
18.5889 5888.0 188
18.9514 5864.0 188
19.2920 5832.0 188
19.6381 5800.0 188
19.9841 5768.0 188
20.3412 5728.0 188
20.6873 5704.0 188
21.0278 5680.0 188
21.3739 5656.0 188
21.7310 5624.0 188
22.0770 5600.0 188
22.4176 5584.0 188
22.7637 5568.0 188
23.1207 5560.0 188
23.4668 5544.0 188
23.8074 5528.0 188
24.1534 5512.0 188
24.5105 5496.0 188
24.8566 5496.0 188
25.2026 5480.0 188
25.5432 5480.0 188
25.9058 5472.0 188
26.2463 5464.0 188
26.5924 5464.0 188
26.9330 5456.0 188
27.2955 5456.0 188
27.6361 5456.0 188
27.9822 5456.0 188
28.3228 5456.0 188
28.6853 5456.0 188
29.0259 5456.0 188
29.3719 5456.0 188
29.7180 5456.0 188
30.0751 5464.0 188
30.4211 5464.0 188
30.7617 5464.0 188
31.1078 5456.0 188
31.4648 5456.0 188
31.8109 5456.0 188
32.1515 5456.0 188
32.4976 5464.0 188
32.8546 5472.0 188
33.2007 5480.0 188
33.5468 5480.0 188
33.8873 5488.0 188
34.2499 5496.0 188
34.5905 5504.0 188
34.9365 5520.0 188
35.2771 5520.0 188
35.6396 5528.0 188
35.9802 5544.0 188
36.3263 5560.0 188
36.6669 5584.0 188
37.0294 5608.0 188
37.3700 5664.0 188
37.7161 5696.0 188
38.0621 5664.0 188
38.4192 5664.0 188
38.7653 5704.0 188
39.1058 5744.0 188
39.4519 5768.0 188
39.8090 5792.0 188
40.1550 5840.0 188
40.4956 5872.0 188
40.8417 5896.0 188
41.1987 5920.0 188
41.5448 5952.0 188
41.8854 5976.0 188
42.2314 6024.0 188
42.5885 6080.0 188
42.9346 6136.0 188
43.5773 6200.0 188
44.3738 2208.0 188
44.7144 2184.0 188
45.0604 2168.0 188
45.4010 2156.0 188
45.7635 2140.0 188
46.1041 2132.0 188
46.4502 2132.0 188
46.7963 2124.0 188
47.1533 2116.0 188
47.4994 2112.0 188
47.8400 2112.0 188
48.1860 2112.0 188
48.5431 2108.0 188
48.8892 2108.0 188
49.2297 2112.0 188
49.5758 2116.0 188
49.9329 2120.0 188
50.2789 2120.0 188
50.6250 2128.0 188
50.9656 2136.0 188
51.3281 2144.0 188
51.6687 2156.0 188
52.0148 2168.0 188
52.3553 2184.0 188
52.7179 2208.0 188
53.3551 2244.0 188
54.2340 14016.0 188
54.5911 13904.0 188
54.9371 14112.0 188
55.2777 14360.0 188
55.6238 14480.0 188
55.9808 14576.0 188
56.3269 14672.0 188
56.6675 14672.0 188
57.0135 14728.0 188
57.3706 14776.0 188
57.7167 14800.0 188
58.0573 14856.0 188
59.1064 13600.0 188
59.4525 13536.0 188
60.1556 13536.0 188
62.2321 18016.0 188
62.5781 16784.0 188
62.9352 16864.0 188
63.2813 16880.0 188
63.6218 16816.0 188
63.9679 16832.0 188
64.3250 16880.0 188
64.6710 16816.0 188
65.0116 16720.0 188
65.3577 16640.0 188
65.7147 16592.0 188
66.0608 16560.0 188
66.4014 16480.0 188
67.4506 16416.0 188
71.8396 4440.0 188
75.2618 4936.0 188
75.6683 4896.0 188
76.0144 4800.0 188
77.0581 4840.0 188
79.1510 4352.0 188
84.3750 4600.0 188
84.7156 4840.0 188
85.0616 4848.0 188
85.4022 4888.0 188
87.6709 10944.0 188
88.0280 10888.0 188
88.3740 10888.0 188
90.0604 12768.0 188
90.4010 12760.0 188
90.7471 12736.0 188
91.0931 12736.0 188
91.4502 12744.0 188
91.7963 12672.0 188
92.4829 12592.0 188
95.7294 8008.0 188
100.0140 4160.0 188
100.6512 5048.0 188
100.9973 5032.0 188
102.0465 5016.0 188
103.1561 4504.0 188
103.4967 4888.0 188
103.8428 4856.0 188
104.1833 4832.0 188
104.5459 4808.0 188
105.2325 4808.0 188
105.9192 4728.0 188
106.2762 4712.0 188
106.6223 4704.0 188
106.9684 4680.0 188
107.3090 4672.0 188
107.6715 4656.0 188
108.0121 4648.0 188
108.3582 4640.0 188
108.6987 4624.0 188
109.0448 4608.0 188
109.4019 4592.0 188
109.7479 4584.0 188
110.0885 4560.0 188
110.4346 4544.0 188
110.7806 4520.0 188
111.1377 4496.0 188
111.4838 4480.0 188
112.1704 4456.0 188
112.5110 4432.0 188
112.8735 4416.0 188
113.2141 4416.0 188
113.5602 4400.0 188
113.9063 4384.0 188
114.2468 4384.0 188
114.6094 4376.0 188
115.6366 4336.0 188
115.9991 4328.0 188
116.3397 4320.0 188
116.6858 4312.0 188
117.0264 4304.0 188
117.3724 4296.0 188
117.7295 4288.0 188
118.0756 4280.0 188
118.4216 4272.0 188
118.7622 4256.0 188
119.1083 4248.0 188
119.4653 4240.0 188
119.8114 4224.0 188
120.1520 4216.0 188
120.8386 4208.0 188
121.8878 4200.0 188
122.2339 4160.0 188
122.5745 4160.0 188
122.9370 4152.0 188
123.2776 4144.0 188
123.6237 4136.0 188
123.9642 4128.0 188
125.1233 3344.0 188
126.1670 3340.0 188
127.4963 3968.0 188
127.8424 4012.0 188
128.1830 4064.0 188
128.5455 4068.0 188
128.8861 4060.0 188
129.2322 4044.0 188
129.5728 4044.0 188
129.9188 4048.0 188
130.2759 4040.0 188
130.6219 4028.0 188
130.9680 4024.0 188
131.3086 4020.0 188
132.3578 4028.0 188
133.3905 4004.0 188
133.7476 4000.0 188
134.0936 4004.0 188
134.4342 4008.0 188
134.7803 4000.0 188
135.1373 4000.0 188
135.4834 3996.0 188
135.8240 3988.0 188
136.1700 3992.0 188
136.5106 3992.0 188
136.8732 3992.0 188
137.2137 3992.0 188
137.5598 3988.0 188
137.9059 3988.0 188
138.2465 3984.0 188
138.6090 3984.0 188
138.9496 3980.0 188
139.2957 3976.0 188
139.6362 3984.0 188
140.6854 4008.0 188
141.1523 11600.0 188
141.4984 11568.0 188
141.8555 11472.0 188
142.5421 11368.0 188
143.2947 6776.0 188
143.6353 6744.0 188
143.9813 6728.0 188
144.3384 6728.0 188
144.6844 6744.0 188
145.0305 6768.0 188
145.7336 6808.0 188
146.7169 11928.0 188
149.4800 11464.0 188
149.8425 11608.0 188
150.1831 11752.0 188
150.5292 11928.0 188
150.8698 12008.0 188
151.2158 12048.0 188
151.5729 12120.0 188
151.9189 12216.0 188
152.2156 12304.0 188
152.5616 12368.0 188
152.9022 12368.0 188
153.2483 12384.0 188
153.5889 12608.0 188
153.9514 12872.0 188
154.2920 13024.0 188
154.6381 13160.0 188
154.9841 13280.0 188
155.3247 13368.0 188
155.6873 13456.0 188
156.0278 13520.0 188
156.3739 13608.0 188
156.7145 13736.0 188
157.0770 13928.0 188
157.4176 14152.0 188
158.1042 16232.0 188
158.4503 16312.0 188
158.8074 16256.0 188
159.1534 16176.0 188
159.4995 16128.0 188
159.8401 16088.0 188
160.2026 16040.0 188
160.5432 16000.0 188
161.2299 16016.0 188
164.0753 10792.0 188
164.4214 10760.0 188
164.7620 10744.0 188
165.1080 10744.0 188
165.4486 10720.0 188
165.8112 10680.0 188
166.1517 10688.0 188
166.4978 10688.0 188
166.8384 10656.0 188
167.2009 10640.0 188
167.5415 10640.0 188
167.8876 10624.0 188
168.7006 5208.0 188
169.0466 5176.0 188
169.3872 5152.0 188
169.7333 5136.0 188
170.0739 5128.0 188
170.4364 5120.0 188
170.7770 5128.0 188
171.1230 5144.0 188
171.4636 5152.0 188
171.8097 5176.0 188
173.0896 10464.0 188
173.4357 10440.0 188
173.7927 10424.0 188
174.1388 10416.0 188
174.4794 10408.0 188
174.8254 10416.0 188
175.1715 10416.0 188
175.5286 10400.0 188
175.8746 10376.0 188
176.9019 10272.0 188
180.7306 10392.0 188
181.0767 10392.0 188
181.4172 10392.0 188
181.7633 10392.0 188
182.1204 10392.0 188
182.8125 11064.0 188
183.1531 11064.0 188
183.4991 11080.0 188
184.2023 11080.0 188
188.2343 3660.0 188
188.5913 3652.0 188
190.3711 1814.0 188
190.7172 1806.0 188
191.0577 1806.0 188
191.4038 1804.0 188
191.7499 1804.0 188
192.1069 1804.0 188
192.4530 1804.0 188
192.7936 1806.0 188
193.1396 1808.0 188
193.4802 1808.0 188
193.8428 1808.0 188
194.1833 1810.0 188
194.5294 1810.0 188
194.8700 1812.0 188
195.2161 1814.0 188
195.5731 1816.0 188
195.9192 1816.0 188
196.2653 1820.0 188
196.6058 1822.0 188
196.9519 1822.0 188
197.3090 1824.0 188
197.6550 1828.0 188
197.9956 1828.0 188
198.3417 1830.0 188
198.6987 1834.0 188
199.0448 1836.0 188
199.3854 1836.0 188
199.7314 1836.0 188
200.0775 1840.0 188
200.4346 1842.0 188
200.7806 1844.0 188
201.1212 1848.0 188
201.4673 1850.0 188
201.8079 1852.0 188
202.1704 1856.0 188
202.5110 1858.0 188
202.8571 1862.0 188
203.2031 1864.0 188
203.5437 1870.0 188
203.9063 1870.0 188
204.2468 1874.0 188
204.5929 1880.0 188
204.9335 1884.0 188
205.2960 1886.0 188
205.6366 1888.0 188
205.9167 1892.0 188
206.2793 1896.0 188
206.6199 1898.0 188
206.9659 1904.0 188
207.3120 1910.0 188
207.6526 1914.0 188
208.0151 1920.0 188
208.3557 1924.0 188
208.7018 1928.0 188
209.0424 1932.0 188
209.4049 1936.0 188
209.7455 1940.0 188
210.0916 1944.0 188
210.4321 1950.0 188
210.7782 1956.0 188
211.1353 1962.0 188
211.4813 1968.0 188
211.8274 1976.0 188
212.1680 1984.0 188
212.5305 1998.0 188
212.8711 2022.0 188
213.2172 2028.0 188
213.5577 2018.0 188
213.9038 2020.0 188
214.2609 2024.0 188
214.6069 2026.0 188
214.9530 2030.0 188
215.2936 2036.0 188
215.6561 2044.0 188
215.9967 2048.0 188
216.2769 2056.0 188
216.6394 2060.0 188
216.9800 2068.0 188
217.3260 2076.0 188
217.6666 2084.0 188
218.0127 2092.0 188
218.3698 2100.0 188
218.7158 2104.0 188
219.0619 2116.0 188
219.4025 2124.0 188
219.7650 2132.0 188
220.1056 2140.0 188
220.4517 2148.0 188
220.7922 2156.0 188
221.1383 2164.0 188
221.4954 2176.0 188
221.8414 2184.0 188
222.1875 2192.0 188
222.5281 2204.0 188
222.8906 2216.0 188
223.2312 2228.0 188
223.5114 2236.0 188
223.8739 2244.0 188
224.2145 2256.0 188
224.5605 2264.0 188
224.9011 2276.0 188
225.2472 2288.0 188
225.6042 2300.0 188
225.9503 2316.0 188
226.2964 2324.0 188
226.6370 2336.0 188
226.9995 2348.0 188
227.3401 2360.0 188
227.6862 2376.0 188
228.0267 2392.0 188
228.3728 2404.0 188
228.7299 2416.0 188
229.0759 2428.0 188
229.4165 2444.0 188
229.7186 2464.0 188
230.0592 2464.0 188
230.4657 2444.0 188
230.8118 2432.0 188
231.1523 2416.0 188
231.4984 2400.0 188
231.8555 2384.0 188
232.2015 2368.0 188
232.5421 2356.0 188
232.8882 2344.0 188
233.2343 2328.0 188
233.5913 2312.0 188
233.9374 2300.0 188
234.2780 2288.0 188
234.6240 2276.0 188
234.9811 2264.0 188
235.3271 2252.0 188
235.6677 2244.0 188
236.0742 2228.0 188
236.4203 2216.0 188
236.7609 2204.0 188
237.1069 2192.0 188
237.4640 2180.0 188
237.8101 2168.0 188
238.1561 2164.0 188
238.4967 2156.0 188
238.8593 2136.0 188
239.1998 2124.0 188
239.5459 2116.0 188
239.9030 2108.0 188
240.2490 2096.0 188
240.5896 2088.0 188
240.9357 2080.0 188
241.2927 2076.0 188
241.6388 2068.0 188
241.9794 2052.0 188
242.3859 2040.0 188
242.7319 2032.0 188
243.0890 2026.0 188
243.4351 2018.0 188
243.7811 2010.0 188
244.1382 2002.0 188
244.4843 1994.0 188
244.8248 1992.0 188
245.1709 2004.0 188
245.5280 2020.0 188
245.8740 2032.0 188
246.1707 2052.0 188
246.5112 2072.0 188
246.8573 2088.0 188
247.2144 2104.0 188
247.5604 2124.0 188
248.2471 2144.0 188
248.6041 2172.0 188
248.9502 2200.0 188
249.2963 2216.0 188
249.6368 2200.0 188
249.9994 2148.0 188
250.3400 2148.0 188
251.3232 2340.0 188
251.6858 2368.0 188
252.0264 2384.0 188
252.3724 2412.0 188
252.7185 2440.0 188
253.0151 2464.0 188
253.3557 2488.0 188
253.7183 2516.0 188
254.0588 2540.0 188
254.4049 2568.0 188
255.4486 2600.0 188
256.4978 2544.0 188
256.7944 2764.0 188
257.4811 2804.0 188
258.4039 1970.0 188
258.7500 1974.0 188
261.6064 3172.0 188
262.3096 3204.0 188
262.6556 3184.0 188
263.6993 3180.0 188
264.9023 2368.0 188
265.0891 3116.0 188
265.4352 3108.0 188
265.7813 3104.0 188
266.8250 3112.0 188
267.8741 3076.0 188
268.2806 3072.0 188
268.6212 3068.0 188
268.9673 3064.0 188
269.3243 3064.0 188
269.6704 3060.0 188
270.0110 3052.0 188
270.3735 3048.0 188
270.7141 3040.0 188
271.0602 3036.0 188
271.4063 3036.0 188
271.7633 3028.0 188
272.1094 3020.0 188
272.4500 3024.0 188
272.7960 3012.0 188
273.1366 3008.0 188
273.4991 3004.0 188
273.8397 3000.0 188
274.1858 3004.0 188
274.5264 2996.0 188
274.8724 2996.0 188
275.2295 2992.0 188
275.5756 2988.0 188
275.9216 2984.0 188
276.2622 2980.0 188
276.6248 2984.0 188
276.9653 2984.0 188
277.3114 2972.0 188
277.6520 2964.0 188
277.9980 2960.0 188
278.3551 2948.0 188
278.7012 2940.0 188
279.0417 2940.0 188
279.3878 2944.0 188
279.7339 2944.0 188
280.0909 2944.0 188
280.4370 2944.0 188
280.7776 2944.0 188
281.1237 2936.0 188
281.4642 2932.0 188
281.8268 2936.0 188
282.1674 2936.0 188
282.5134 2936.0 188
282.8540 2936.0 188
283.2001 2936.0 188
283.5571 2932.0 188
283.9032 2932.0 188
284.2493 2936.0 188
284.5898 2928.0 188
284.9524 2924.0 188
285.2930 2936.0 188
285.6390 2936.0 188
285.9796 2932.0 188
286.3257 2940.0 188
286.6827 2948.0 188
287.0288 2948.0 188
287.3749 2944.0 188
287.7155 2944.0 188
288.0615 2944.0 188
288.4186 2948.0 188
288.7646 2940.0 188
289.1052 2948.0 188
289.4513 2956.0 188
289.7919 2956.0 188
290.1544 2956.0 188
290.4950 2956.0 188
290.8411 2952.0 188
291.1871 2960.0 188
291.5277 2964.0 188
291.8903 2964.0 188
292.2308 2968.0 188
292.5769 2972.0 188
292.9175 2972.0 188
293.2635 2976.0 188
293.6206 2980.0 188
293.9667 2976.0 188
294.3073 2976.0 188
294.6533 2980.0 188
295.0104 2988.0 188
295.3564 2996.0 188
295.7025 3000.0 188
296.0431 3000.0 188
296.3892 3004.0 188
296.7462 3012.0 188
297.0923 3012.0 188
297.4329 3016.0 188
297.7789 3020.0 188
298.1250 3028.0 188
298.4821 3036.0 188
298.8281 3036.0 188
299.1687 3036.0 188
299.5148 3048.0 188
299.8553 3060.0 188
300.2179 3064.0 188
300.5585 3068.0 188
300.9045 3072.0 188
301.2012 3076.0 188
301.5417 3076.0 188
301.8878 3084.0 188
302.2339 3088.0 188
302.5909 3092.0 188
302.9370 3100.0 188
303.2776 3104.0 188
303.6237 3112.0 188
303.9642 3124.0 188
304.3268 3136.0 188
304.6674 3144.0 188
305.0134 3148.0 188
305.3540 3152.0 188
305.7166 3160.0 188
306.0571 3172.0 188
306.4032 3184.0 188
306.7603 3200.0 188
307.1063 3208.0 188
307.4524 3212.0 188
307.7930 3216.0 188
308.1555 3224.0 188
308.4961 3232.0 188
308.8422 3240.0 188
309.1992 3248.0 188
309.5453 3260.0 188
309.8859 3272.0 188
310.2319 3284.0 188
310.5890 3304.0 188
310.9351 3320.0 188
311.2811 3328.0 188
311.6382 3340.0 188
311.9843 3352.0 188
312.3248 3364.0 188
312.6709 3376.0 188
313.0280 3392.0 188
313.3740 3400.0 188
313.7146 3404.0 188
314.0607 3416.0 188
314.4177 3428.0 188
314.7638 3440.0 188
315.1044 3448.0 188
315.4669 3464.0 188
315.8075 3476.0 188
316.1536 3488.0 188
316.4996 3504.0 188
316.7963 3520.0 188
317.1368 3532.0 188
317.4994 3544.0 188
317.8400 3556.0 188
318.1860 3572.0 188
318.5431 3592.0 188
318.8892 3608.0 188
319.2297 3620.0 188
319.5758 3640.0 188
319.9329 3660.0 188
320.2789 3676.0 188
320.6250 3696.0 188
320.9821 3708.0 188
321.3281 3720.0 188
322.0148 3732.0 188
323.4045 3644.0 188
323.7616 3696.0 188
324.1077 3708.0 188
324.4482 3692.0 188
324.8108 3660.0 188
325.1514 3616.0 188
325.4974 3584.0 188
325.8435 3568.0 188
326.2006 3548.0 188
326.5466 3528.0 188
326.9531 3512.0 188
327.2937 3492.0 188
327.6398 3476.0 188
327.9968 3448.0 188
328.3429 3424.0 188
328.6835 3396.0 188
329.0460 3372.0 188
329.3866 3368.0 188
330.4358 3252.0 188
330.7764 3264.0 188
331.1224 3260.0 188
331.4795 3248.0 188
331.8256 3224.0 188
332.1716 3200.0 188
332.5122 3188.0 188
332.8748 3172.0 188
333.2153 3148.0 188
333.5614 3124.0 188
333.9185 3120.0 188
334.2645 3136.0 188
334.6051 3160.0 188
334.9512 3184.0 188
335.3082 3224.0 188
335.6543 3260.0 188
335.9949 3288.0 188
336.3409 3316.0 188
336.6980 3344.0 188
337.0441 3380.0 188
337.3901 3420.0 188
337.7472 3456.0 188
338.0933 3496.0 188
338.3899 3544.0 188
338.7305 3580.0 188
339.0765 3616.0 188
339.4171 3656.0 188
339.7797 3700.0 188
340.1202 3752.0 188
340.4663 3796.0 188
340.8124 3844.0 188
341.1694 3888.0 188
341.5155 3936.0 188
341.8561 3964.0 188
342.2021 3960.0 188
342.5592 3948.0 188
342.9053 3940.0 188
343.2458 3932.0 188
343.5919 3924.0 188
343.9490 3912.0 188
344.2950 3900.0 188
344.6356 3880.0 188
344.9817 3872.0 188
345.3387 3864.0 188
345.6848 3848.0 188
346.0309 3832.0 188
346.3715 3816.0 188
346.7340 3808.0 188
347.0746 3796.0 188
347.4207 3784.0 188
347.7612 3776.0 188
348.1238 3764.0 188
348.4644 3756.0 188
348.8104 3748.0 188
349.1510 3740.0 188
349.5135 3736.0 188
349.8541 3728.0 188
350.2002 3720.0 188
350.5463 3716.0 188
350.9033 3712.0 188
351.2494 3704.0 188
351.5900 3692.0 188
351.9360 3684.0 188
