#RPLIDAR SCAN DATA
#COUNT=775
#Angule	Distance	Quality
351.9196 12024.0 188
352.2656 12008.0 188
352.5897 12016.0 188
352.9358 12008.0 188
353.2764 11840.0 188
354.1718 3916.0 188
354.5123 3888.0 188
354.8584 3864.0 188
355.1825 3852.0 188
355.5286 3840.0 188
355.8746 3828.0 188
356.1987 3832.0 188
356.5448 3832.0 188
356.8854 3836.0 188
357.2150 3840.0 188
357.5610 3848.0 188
357.9016 3872.0 188
358.2312 3900.0 188
358.5773 3920.0 188
359.6979 11968.0 188
0.0439 11952.0 188
0.3900 11960.0 188
0.7141 11984.0 188
1.0602 11992.0 188
1.4063 11992.0 188
1.7303 11984.0 188
2.4170 11968.0 188
7.8278 12232.0 188
8.1683 12280.0 188
8.4485 12296.0 188
8.7946 12320.0 188
9.1241 12312.0 188
9.4647 12320.0 188
9.8108 12360.0 188
10.1404 12360.0 188
10.4810 12352.0 188
10.8270 12384.0 188
11.4972 12408.0 188
12.3431 5104.0 188
12.6837 5072.0 188
13.0133 5080.0 188
13.3594 5080.0 188
13.7000 5080.0 188
14.0295 5080.0 188
14.3701 5080.0 188
14.7162 5080.0 188
15.0458 5080.0 188
15.3864 5080.0 188
15.7324 5080.0 188
16.0620 5088.0 188
16.4026 5088.0 188
16.7487 5088.0 188
17.4188 5088.0 188
17.7649 5088.0 188
18.0890 5096.0 188
18.7811 5104.0 188
19.5117 4100.0 188
19.9017 4052.0 188
20.2478 3992.0 188
20.5774 3924.0 188
20.9180 3876.0 188
21.2640 3840.0 188
21.5936 3796.0 188
21.9342 3744.0 188
22.9504 3588.0 188
23.2965 3556.0 188
23.9667 3524.0 188
24.3567 3512.0 188
24.6368 3524.0 188
24.9829 3532.0 188
25.3235 3548.0 188
25.6531 3560.0 188
25.9991 3572.0 188
26.3397 3584.0 188
26.6858 3600.0 188
27.0154 3616.0 188
28.0426 3636.0 188
28.3722 3672.0 188
28.7183 3692.0 188
29.0588 3700.0 188
29.4049 3712.0 188
29.7455 3728.0 188
30.0751 3744.0 188
30.4211 3752.0 188
30.7617 3764.0 188
31.1078 3780.0 188
31.4484 3800.0 188
31.7780 3820.0 188
32.1240 3832.0 188
32.4646 3852.0 188
33.1403 3876.0 188
33.6511 2612.0 188
33.9972 2588.0 188
34.3433 2564.0 188
34.6674 2544.0 188
35.0134 2520.0 188
35.3540 2492.0 188
35.7001 2472.0 188
36.0901 2456.0 188
36.4362 2428.0 188
36.7767 2408.0 188
37.1063 2392.0 188
37.4524 2376.0 188
37.7930 2356.0 188
38.1390 2336.0 188
38.4686 2316.0 188
38.8092 2300.0 188
39.1553 2280.0 188
39.4958 2260.0 188
39.8419 2248.0 188
40.1715 2236.0 188
40.5780 2220.0 188
40.9186 2204.0 188
41.2482 2184.0 188
41.5887 2172.0 188
41.9348 2160.0 188
42.2809 2140.0 188
42.6050 2124.0 188
42.9510 2112.0 188
43.2916 2100.0 188
43.6377 2092.0 188
43.9838 2076.0 188
44.3079 2060.0 188
44.6539 2052.0 188
45.0439 2048.0 188
45.3406 2052.0 188
45.6702 2056.0 188
46.0107 2064.0 188
46.7468 1992.0 188
47.0929 1978.0 188
47.4335 1966.0 188
47.7795 1954.0 188
48.1201 1942.0 188
48.4497 1934.0 188
48.7958 1926.0 188
49.1364 1918.0 188
49.4824 1908.0 188
49.8120 1896.0 188
50.2185 1886.0 188
50.5591 1878.0 188
50.8887 1870.0 188
51.2292 1862.0 188
51.5753 1852.0 188
51.9214 1842.0 188
52.2455 1836.0 188
52.5916 1828.0 188
52.9321 1820.0 188
53.2782 1814.0 188
53.6243 1806.0 188
53.9484 1796.0 188
54.2944 1788.0 188
54.6405 1782.0 188
54.9811 1774.0 188
55.3107 1766.0 188
55.6512 1760.0 188
56.0577 1754.0 188
56.3873 1746.0 188
56.7334 1738.0 188
57.0740 1732.0 188
57.4200 1724.0 188
57.7606 1716.0 188
58.0902 1712.0 188
58.4363 1708.0 188
58.7769 1702.0 188
59.1229 1696.0 188
59.4525 1690.0 188
59.7931 1684.0 188
60.1392 1678.0 188
60.4688 1672.0 188
60.8093 1666.0 188
61.1554 1662.0 188
61.4795 1658.0 188
61.8256 1652.0 188
62.1716 1648.0 188
62.4957 1642.0 188
62.9022 1638.0 188
63.2318 1634.0 188
63.5779 1628.0 188
63.9185 1622.0 188
64.2480 1618.0 188
64.5886 1616.0 188
64.9347 1610.0 188
65.2643 1606.0 188
65.6049 1604.0 188
65.9509 1602.0 188
66.2805 1598.0 188
66.6211 1600.0 188
66.9672 1602.0 188
67.2968 1606.0 188
67.6373 1616.0 188
67.9834 1632.0 188
68.2635 1652.0 188
68.6041 1676.0 188
68.9337 1704.0 188
69.2798 1736.0 188
69.5599 1764.0 188
69.9060 1792.0 188
70.2301 1820.0 188
70.5762 1852.0 188
70.9167 1886.0 188
71.2024 1916.0 188
71.5430 1952.0 188
71.8726 1992.0 188
72.2186 2034.0 188
72.4988 2074.0 188
72.8394 2108.0 188
73.1689 2148.0 188
73.5150 2196.0 188
74.1357 2244.0 188
74.4653 2360.0 188
74.8114 2360.0 188
75.1520 2360.0 188
75.4980 2364.0 188
75.8276 2368.0 188
76.1682 2388.0 188
76.5143 2436.0 188
77.1240 2496.0 188
79.1071 2956.0 188
81.0736 3160.0 188
81.4197 3128.0 188
81.7603 3132.0 188
82.0898 3136.0 188
82.4359 3128.0 188
83.3862 1968.0 188
83.7323 1974.0 188
84.0729 1972.0 188
84.4025 1970.0 188
85.4187 1972.0 188
86.1548 3116.0 188
86.4954 3120.0 188
86.8414 3116.0 188
87.1710 3116.0 188
87.5116 3108.0 188
87.8577 3120.0 188
88.1873 3128.0 188
88.5278 3120.0 188
88.8739 3116.0 188
89.2145 3120.0 188
89.5441 3112.0 188
89.8901 3104.0 188
90.2307 3120.0 188
90.5603 3120.0 188
90.9009 3128.0 188
91.2469 3132.0 188
92.0929 2340.0 188
92.4170 2300.0 188
92.7631 2296.0 188
93.1091 2296.0 188
93.4332 2292.0 188
93.7793 2292.0 188
94.1199 2292.0 188
94.4495 2300.0 188
94.7955 2308.0 188
95.1361 2320.0 188
95.4657 2328.0 188
95.8118 2324.0 188
96.1523 2320.0 188
96.4819 2320.0 188
97.9047 2132.0 188
98.2343 2070.0 188
98.6353 2010.0 188
98.9648 1954.0 188
99.3109 1898.0 188
99.7009 1844.0 188
100.0415 1794.0 188
100.4370 1746.0 188
100.7776 1704.0 188
101.1237 1662.0 188
101.5137 1626.0 188
101.8542 1598.0 188
102.1838 1574.0 188
102.5299 1558.0 188
102.8705 1554.0 188
103.2001 1552.0 188
103.5461 1552.0 188
103.8867 1554.0 188
104.2163 1558.0 188
104.5624 1560.0 188
104.9030 1562.0 188
105.2325 1564.0 188
105.5731 1568.0 188
105.9192 1570.0 188
106.2488 1574.0 188
106.5894 1576.0 188
106.9354 1580.0 188
107.2650 1582.0 188
107.6056 1586.0 188
107.9517 1590.0 188
108.2813 1594.0 188
108.6218 1598.0 188
108.9679 1602.0 188
109.2920 1606.0 188
109.6381 1610.0 188
109.9841 1614.0 188
110.3082 1616.0 188
110.6543 1620.0 188
110.9949 1626.0 188
111.3245 1632.0 188
111.6705 1636.0 188
111.9507 1642.0 188
112.2968 1646.0 188
112.6373 1648.0 188
112.9669 1652.0 188
113.3075 1656.0 188
113.6536 1662.0 188
113.9832 1666.0 188
114.3237 1674.0 188
114.6698 1680.0 188
114.9994 1684.0 188
115.3400 1688.0 188
115.6860 1692.0 188
116.0156 1698.0 188
116.3562 1702.0 188
116.7023 1708.0 188
117.0264 1716.0 188
117.3724 1722.0 188
117.7185 1730.0 188
118.0426 1736.0 188
118.3887 1740.0 188
118.7292 1744.0 188
119.0588 1752.0 188
119.3555 1760.0 188
119.6851 1768.0 188
120.0311 1774.0 188
120.3717 1782.0 188
120.7013 1792.0 188
121.0419 1796.0 188
121.3879 1804.0 188
121.7175 1810.0 188
122.0581 1816.0 188
122.4042 1824.0 188
122.7338 1832.0 188
123.0743 1842.0 188
123.4204 1852.0 188
123.7500 1858.0 188
124.0906 1866.0 188
124.4366 1874.0 188
124.7607 1886.0 188
125.0464 1908.0 188
126.0571 3992.0 188
126.9031 2636.0 188
127.2491 2628.0 188
127.5897 2624.0 188
127.9193 2616.0 188
128.2654 2612.0 188
128.6060 2616.0 188
128.9355 2624.0 188
129.2761 2632.0 188
129.9518 2500.0 188
130.2924 2464.0 188
130.6824 2448.0 188
131.0120 2444.0 188
131.3580 2448.0 188
131.6986 2456.0 188
131.9843 2460.0 188
132.3083 2468.0 188
132.9950 2480.0 188
133.4949 3892.0 188
133.8409 3868.0 188
134.1705 3856.0 188
134.5111 3840.0 188
134.8572 3820.0 188
135.1868 3800.0 188
135.5273 3784.0 188
135.8734 3764.0 188
136.2030 3740.0 188
136.5436 3712.0 188
136.8732 3688.0 188
137.2137 3672.0 188
137.5598 3664.0 188
137.8894 3648.0 188
138.2300 3636.0 188
138.5760 3636.0 188
138.9056 3652.0 188
139.2462 3680.0 188
139.5758 3716.0 188
139.9219 3740.0 188
140.2625 3768.0 188
140.5920 3800.0 188
140.9326 3828.0 188
141.2787 3852.0 188
141.6083 3884.0 188
141.9489 3916.0 188
142.2784 3956.0 188
142.6245 3996.0 188
142.9651 4024.0 188
143.2947 4056.0 188
143.9813 4096.0 188
144.5416 5632.0 188
144.8712 5704.0 188
145.8875 5872.0 188
146.2335 5920.0 188
146.5576 5984.0 188
146.9037 6064.0 188
147.9199 6136.0 188
148.2001 6248.0 188
148.8702 6352.0 188
149.8260 8328.0 188
150.9027 6248.0 188
151.5729 6256.0 188
151.9189 6224.0 188
152.2485 6208.0 188
152.5891 6192.0 188
152.9352 6168.0 188
153.3252 6136.0 188
153.6548 6136.0 188
153.9954 6120.0 188
154.3414 6096.0 188
154.6710 6080.0 188
155.0116 6072.0 188
155.3577 6064.0 188
155.6873 6048.0 188
156.0278 6040.0 188
156.3739 6032.0 188
156.6980 6016.0 188
157.0441 5960.0 188
157.3737 5944.0 188
157.7142 5992.0 188
158.0603 6016.0 188
160.5927 16736.0 188
160.9332 16640.0 188
161.2628 16608.0 188
161.6089 16592.0 188
161.9495 16512.0 188
162.2791 16480.0 188
162.6196 16456.0 188
162.9657 16360.0 188
163.2953 16384.0 188
163.6359 16528.0 188
163.9819 16560.0 188
164.6521 15320.0 188
164.9982 15104.0 188
165.8386 5728.0 188
166.1682 5688.0 188
167.1844 6128.0 188
167.4646 6216.0 188
168.2007 5672.0 188
168.5468 5632.0 188
168.8708 5624.0 188
169.2169 5616.0 188
169.5575 5648.0 188
169.8871 5760.0 188
170.2332 5824.0 188
170.5737 5824.0 188
170.9033 5824.0 188
171.2494 5808.0 188
171.5900 5792.0 188
171.9196 5784.0 188
172.2656 5776.0 188
172.5897 5792.0 188
172.9358 5784.0 188
173.2764 5768.0 188
173.6060 5768.0 188
173.9520 5776.0 188
174.2926 5784.0 188
174.6222 5776.0 188
174.9683 5776.0 188
175.3088 5784.0 188
176.2646 2728.0 188
176.5887 2700.0 188
176.9348 2684.0 188
177.2809 2668.0 188
177.6050 2660.0 188
177.9510 2648.0 188
178.2916 2640.0 188
178.6212 2636.0 188
178.9673 2632.0 188
179.3079 2628.0 188
179.6375 2628.0 188
179.9835 2624.0 188
180.3241 2628.0 188
180.6537 2632.0 188
180.9998 2640.0 188
181.3403 2644.0 188
181.6699 2656.0 188
182.0105 2668.0 188
182.3401 2680.0 188
182.6862 2696.0 188
183.7024 2724.0 188
184.4330 5904.0 188
184.7791 5904.0 188
185.1086 5912.0 188
185.4492 5920.0 188
185.7953 5864.0 188
186.1249 5864.0 188
186.4655 5928.0 188
186.8115 5936.0 188
187.4817 5928.0 188
187.8278 5160.0 188
188.1519 5240.0 188
188.4979 5328.0 188
189.1681 5936.0 188
189.5142 5960.0 188
189.8547 5968.0 188
190.5304 5976.0 188
190.8710 5992.0 188
191.2006 6000.0 188
191.5466 6008.0 188
191.8872 6016.0 188
192.2168 6032.0 188
192.5574 6048.0 188
192.9034 6048.0 188
193.2330 6056.0 188
193.5736 6072.0 188
193.9197 6080.0 188
194.2493 6088.0 188
194.5898 6104.0 188
195.2161 6176.0 188
195.5457 6272.0 188
196.6223 5424.0 188
197.2925 6120.0 188
197.5781 6184.0 188
197.9187 6208.0 188
198.2648 6216.0 188
198.5889 6224.0 188
199.6710 5072.0 188
200.0116 5056.0 188
200.3412 5080.0 188
200.6873 5096.0 188
201.3080 6368.0 188
201.6376 6392.0 188
202.6538 6416.0 188
203.7305 5704.0 188
204.0106 6528.0 188
204.3567 6552.0 188
204.6863 6568.0 188
205.0269 6592.0 188
205.3729 6616.0 188
205.7025 6656.0 188
206.0431 6704.0 188
206.3892 6736.0 188
206.7188 6736.0 188
207.7295 7808.0 188
208.0756 7840.0 188
208.7457 7872.0 188
209.1357 6112.0 188
209.4818 6072.0 188
209.8279 6128.0 188
215.7495 13144.0 188
216.8262 10480.0 188
217.1558 10752.0 188
217.4963 10664.0 188
217.8424 10728.0 188
218.5126 10472.0 188
218.8586 10528.0 188
219.1827 10568.0 188
219.5288 10576.0 188
219.8749 10608.0 188
220.1990 10664.0 188
220.5450 10696.0 188
220.8856 10720.0 188
221.2152 10768.0 188
221.5613 10816.0 188
221.9019 10872.0 188
222.2314 10936.0 188
222.5775 10984.0 188
222.9016 11040.0 188
223.2477 11128.0 188
223.5938 11224.0 188
223.9178 11320.0 188
224.2639 11472.0 188
225.1044 4232.0 188
225.4504 4200.0 188
225.7800 4184.0 188
226.1206 4176.0 188
226.4502 4168.0 188
226.7963 4160.0 188
227.1368 4160.0 188
227.4664 4160.0 188
227.8125 4168.0 188
228.1531 4184.0 188
228.4827 4192.0 188
228.8232 4200.0 188
229.1528 4232.0 188
242.9022 6880.0 188
243.2483 6904.0 188
243.5779 6880.0 188
243.9185 6856.0 188
244.2480 6856.0 188
244.5886 6856.0 188
244.9347 6864.0 188
245.2643 6904.0 188
249.9994 2488.0 188
250.3400 2468.0 188
250.6696 2460.0 188
251.0156 2468.0 188
251.3397 2480.0 188
251.6858 2492.0 188
252.9218 1820.0 188
253.2623 1804.0 188
253.5919 1788.0 188
253.9325 1770.0 188
254.3280 1752.0 188
254.6686 1736.0 188
254.9982 1726.0 188
255.3387 1714.0 188
255.6848 1700.0 188
256.0144 1686.0 188
256.3550 1670.0 188
256.6846 1656.0 188
257.0306 1644.0 188
257.4207 1630.0 188
257.7612 1618.0 188
258.0908 1610.0 188
258.4369 1598.0 188
258.7775 1586.0 188
259.1071 1572.0 188
259.4531 1560.0 188
259.7772 1550.0 188
260.1233 1538.0 188
260.5133 1528.0 188
260.8594 1518.0 188
261.1835 1508.0 188
261.5295 1498.0 188
261.8591 1486.0 188
262.1997 1476.0 188
262.5458 1468.0 188
262.8699 1458.0 188
263.2159 1448.0 188
263.5455 1448.0 188
263.8861 1456.0 188
264.2322 1464.0 188
264.5618 1472.0 188
264.9023 1482.0 188
265.2319 1492.0 188
265.5780 1502.0 188
265.9186 1512.0 188
266.2482 1518.0 188
266.5887 1526.0 188
266.9183 1536.0 188
267.1985 1548.0 188
267.5446 1560.0 188
267.8906 1570.0 188
268.2147 1582.0 188
268.5608 1590.0 188
268.8904 1598.0 188
269.2310 1608.0 188
269.5770 1620.0 188
269.9011 1632.0 188
270.1868 1646.0 188
270.5273 1658.0 188
270.8569 1670.0 188
271.2030 1684.0 188
271.5436 1696.0 188
271.8732 1706.0 188
272.2137 1720.0 188
272.5433 1734.0 188
272.8894 1748.0 188
273.1696 1764.0 188
273.5156 1780.0 188
273.8397 1792.0 188
274.1858 1808.0 188
274.5154 1822.0 188
274.8560 1834.0 188
275.1855 1852.0 188
275.5261 1872.0 188
275.8722 1888.0 188
276.1523 1904.0 188
276.4819 1920.0 188
276.8280 1934.0 188
277.1521 1954.0 188
277.4982 1976.0 188
277.8387 1994.0 188
278.1683 2012.0 188
278.5144 2036.0 188
278.7946 2052.0 188
279.1241 2068.0 188
279.4647 2088.0 188
279.8108 2112.0 188
280.1404 2136.0 188
280.4810 2164.0 188
280.8105 2188.0 188
281.1511 2208.0 188
281.4972 2232.0 188
281.7773 2248.0 188
282.1069 2276.0 188
282.4530 2304.0 188
282.7771 2332.0 188
283.1232 2364.0 188
283.4637 2396.0 188
283.7933 2424.0 188
284.1394 2448.0 188
284.4196 2476.0 188
284.7491 2508.0 188
285.0897 2540.0 188
285.4358 2576.0 188
285.7654 2616.0 188
286.1060 2652.0 188
286.4355 2688.0 188
286.7761 2720.0 188
287.0618 2756.0 188
287.4023 2796.0 188
287.7319 2836.0 188
288.0780 2888.0 188
288.4186 2932.0 188
288.7482 2976.0 188
289.0887 3028.0 188
289.9347 2212.0 188
290.2808 2204.0 188
290.6049 2208.0 188
290.9509 2212.0 188
291.2915 2220.0 188
292.3572 3588.0 188
293.0438 3660.0 188
297.4823 1804.0 188
299.1248 4052.0 188
301.4978 2016.0 188
302.4481 2136.0 188
302.7942 2120.0 188
303.1238 2104.0 188
303.4644 2108.0 188
304.4806 2120.0 188
306.2329 4020.0 188
310.0616 10648.0 188
316.9336 5024.0 188
317.2797 5008.0 188
318.2959 4936.0 188
318.6365 4928.0 188
319.3121 5000.0 188
323.4210 4736.0 188
324.2615 11888.0 188
326.9641 10904.0 188
327.3102 10936.0 188
327.6563 11072.0 188
328.3264 11304.0 188
328.9526 13000.0 188
329.2767 12952.0 188
329.6228 13008.0 188
329.9634 13032.0 188
330.2930 12976.0 188
330.6390 12864.0 188
330.9796 12848.0 188
331.3092 12960.0 188
333.0121 12576.0 188
333.3417 12528.0 188
333.6823 12568.0 188
334.0118 12592.0 188
334.3579 12568.0 188
334.6985 12536.0 188
335.0281 12496.0 188
335.3741 12480.0 188
335.7147 12480.0 188
336.0443 12456.0 188
336.3904 12432.0 188
336.7310 12416.0 188
337.0605 12408.0 188
337.4011 12344.0 188
338.4174 12400.0 188
339.4336 13520.0 188
340.1697 11008.0 188
340.4993 10920.0 188
340.8398 10912.0 188
341.5155 10904.0 188
342.1362 13384.0 188
342.4823 13360.0 188
342.8119 13352.0 188
343.1525 13344.0 188
343.4985 13328.0 188
344.4983 13272.0 188
346.5308 12312.0 188
346.9373 12216.0 188
347.2614 12216.0 188
347.6074 12208.0 188
347.9370 12176.0 188
348.2776 12144.0 188
348.6237 12120.0 188
348.9478 12128.0 188
349.2938 12112.0 188
349.6399 12072.0 188
349.9640 12088.0 188
350.3101 12072.0 188
350.6561 12072.0 188
350.9802 12072.0 188
351.3263 12048.0 188
351.6669 12040.0 188
