#RPLIDAR SCAN DATA
#COUNT=782
#Angule	Distance	Quality
352.1832 3064.0 188
352.5293 3044.0 188
352.8699 3024.0 188
353.2324 3008.0 188
353.5730 2992.0 188
353.9191 2980.0 188
354.2651 2964.0 188
354.6057 2948.0 188
354.9518 2944.0 188
355.3088 2956.0 188
355.6549 2972.0 188
355.9955 2992.0 188
356.3416 3012.0 188
356.6821 3028.0 188
357.0282 3048.0 188
357.3248 3076.0 188
357.6709 3092.0 188
358.0115 3112.0 188
358.3740 3140.0 188
358.7146 3164.0 188
359.0607 3192.0 188
359.4012 3224.0 188
359.7473 3252.0 188
0.0934 3272.0 188
0.4504 3260.0 188
1.4667 1774.0 188
1.8732 1748.0 188
2.2137 1728.0 188
2.5598 1714.0 188
2.9169 1704.0 188
3.2629 1694.0 188
3.6090 1686.0 188
3.9496 1678.0 188
4.2957 1672.0 188
4.6362 1666.0 188
4.9988 1662.0 188
5.3394 1660.0 188
5.6854 1656.0 188
6.0260 1656.0 188
6.3721 1656.0 188
6.7181 1654.0 188
7.0752 1654.0 188
7.4213 1654.0 188
7.7618 1656.0 188
8.1079 1658.0 188
8.4485 1662.0 188
8.7946 1664.0 188
9.1516 1666.0 188
9.4977 1670.0 188
9.8438 1678.0 188
10.1843 1684.0 188
10.5304 1692.0 188
10.8710 1706.0 188
11.2335 1716.0 188
11.5741 1726.0 188
11.9202 1746.0 188
12.2168 1768.0 188
13.9032 3676.0 188
14.5898 3840.0 188
14.9359 3896.0 188
15.2765 3952.0 188
15.6226 4016.0 188
15.9686 4084.0 188
16.9519 4152.0 188
17.9956 4488.0 188
18.3417 4552.0 188
19.0283 4632.0 188
19.4952 3488.0 188
19.8413 3488.0 188
20.1874 3484.0 188
22.0935 5624.0 188
22.4341 5640.0 188
22.7966 5624.0 188
23.1372 5624.0 188
23.4833 5616.0 188
24.1699 5632.0 188
24.5764 4856.0 188
25.2631 4848.0 188
25.5597 5568.0 188
26.2463 5560.0 188
26.5924 5552.0 188
26.9495 5552.0 188
27.2955 5552.0 188
27.6361 5544.0 188
27.9822 5528.0 188
28.3228 5520.0 188
29.3719 5520.0 188
30.7452 5496.0 188
31.4484 5504.0 188
31.7944 5504.0 188
32.4811 5472.0 188
32.8271 5464.0 188
33.1842 5480.0 188
33.5303 5480.0 188
33.8708 5480.0 188
34.2169 5480.0 188
34.5575 5480.0 188
34.9036 5480.0 188
35.2606 5480.0 188
35.6067 5480.0 188
35.9528 5488.0 188
36.2933 5472.0 188
36.6394 5456.0 188
37.6831 5472.0 188
37.9688 6504.0 188
38.3258 6504.0 188
38.6719 6504.0 188
39.0125 6512.0 188
39.3585 6512.0 188
39.6991 6512.0 188
40.0616 6504.0 188
40.4022 6512.0 188
40.7483 6512.0 188
41.0889 6512.0 188
41.4349 6520.0 188
41.7920 6520.0 188
42.1381 6520.0 188
42.4841 6528.0 188
42.8247 6528.0 188
43.1708 6520.0 188
43.8739 6520.0 188
44.9670 5896.0 188
45.2637 6552.0 188
45.6042 6552.0 188
45.9503 6568.0 188
46.9336 10680.0 188
47.2797 10632.0 188
47.6202 10600.0 188
47.9828 10536.0 188
48.3234 10456.0 188
48.6694 10440.0 188
49.0155 10416.0 188
49.3561 10368.0 188
49.7186 10352.0 188
50.0592 10312.0 188
50.4053 10256.0 188
50.7458 10216.0 188
51.0919 10168.0 188
51.4490 10128.0 188
51.7950 10088.0 188
52.1356 10048.0 188
52.4817 10008.0 188
52.8278 9936.0 188
53.1848 9872.0 188
53.5309 9880.0 188
53.8715 9944.0 188
54.2175 10008.0 188
54.5581 10072.0 188
54.9207 10136.0 188
55.2612 10208.0 188
56.1676 3972.0 188
56.5302 3944.0 188
56.8707 3924.0 188
57.2168 3900.0 188
57.5574 3876.0 188
57.9034 3864.0 188
58.2605 3856.0 188
58.6066 3856.0 188
58.9526 3860.0 188
59.2932 3864.0 188
59.6393 3876.0 188
59.9963 3896.0 188
60.3424 3916.0 188
60.6830 3924.0 188
61.7322 3952.0 188
62.1991 9080.0 188
62.5452 9072.0 188
62.8857 9080.0 188
63.2318 9136.0 188
63.5779 9256.0 188
63.9349 9400.0 188
64.2810 9552.0 188
64.6216 9720.0 188
64.9677 9840.0 188
65.3082 9936.0 188
65.6708 10024.0 188
66.0114 10128.0 188
66.3574 10304.0 188
66.6980 10488.0 188
67.0441 10520.0 188
67.4011 10512.0 188
67.7472 10536.0 188
68.0933 10496.0 188
68.7799 10488.0 188
69.1864 6904.0 188
69.5270 6848.0 188
69.8895 6824.0 188
70.2301 6808.0 188
70.5762 6800.0 188
70.9167 6808.0 188
71.2628 6824.0 188
71.9659 6880.0 188
72.2461 10272.0 188
72.5922 10296.0 188
72.9492 10272.0 188
73.2953 10272.0 188
73.9819 10288.0 188
74.6686 9232.0 188
75.0146 9224.0 188
75.3717 9232.0 188
75.7178 9264.0 188
76.0583 9280.0 188
76.4044 9240.0 188
76.7450 9184.0 188
77.0911 9176.0 188
78.1403 9168.0 188
78.4808 10000.0 188
78.8269 10088.0 188
79.1675 10088.0 188
79.5135 10120.0 188
80.2167 10120.0 188
80.9033 10024.0 188
81.2494 10072.0 188
81.5900 10032.0 188
81.9360 10000.0 188
82.2766 10032.0 188
83.3258 10056.0 188
83.6719 10040.0 188
84.0125 10056.0 188
84.3585 10032.0 188
84.7156 10032.0 188
85.4022 10064.0 188
86.6052 4880.0 188
86.9513 4896.0 188
87.6379 4872.0 188
88.5114 10064.0 188
89.5605 10040.0 188
89.9011 10064.0 188
90.2472 10000.0 188
90.5933 9976.0 188
91.7468 5088.0 188
92.0929 5168.0 188
92.8400 4336.0 188
93.1860 4368.0 188
93.8727 4432.0 188
94.6198 3708.0 188
94.9658 3700.0 188
95.9985 3716.0 188
96.8719 6280.0 188
97.6245 5864.0 188
97.9651 5728.0 188
98.3112 5600.0 188
99.0143 5280.0 188
99.7614 4896.0 188
100.1074 4808.0 188
100.4480 4728.0 188
100.7941 4640.0 188
101.1401 4560.0 188
101.4807 4472.0 188
101.8268 4384.0 188
102.1838 4320.0 188
102.5299 4240.0 188
102.8705 4160.0 188
103.2770 4092.0 188
103.6230 4028.0 188
103.9636 3956.0 188
104.3097 3892.0 188
104.6558 3852.0 188
104.9963 3812.0 188
105.3424 3788.0 188
105.6830 3792.0 188
106.0291 3796.0 188
106.3696 3804.0 188
106.7157 3824.0 188
107.0618 3840.0 188
107.4023 3848.0 188
107.7484 3864.0 188
108.0890 3872.0 188
108.4515 3884.0 188
108.7921 3896.0 188
109.1382 3904.0 188
109.4843 3916.0 188
109.8248 3928.0 188
110.1709 3936.0 188
110.5115 3956.0 188
120.8386 3804.0 188
121.1847 3772.0 188
121.5308 3740.0 188
121.8713 3712.0 188
122.2174 3672.0 188
122.5580 3636.0 188
122.9041 3612.0 188
123.2446 3588.0 188
123.5907 3560.0 188
123.9368 3524.0 188
124.3433 3508.0 188
124.6838 3504.0 188
125.0299 3508.0 188
125.3265 3524.0 188
125.6671 3552.0 188
126.0132 3572.0 188
126.3593 3584.0 188
126.6998 3600.0 188
127.0459 3624.0 188
127.3865 3648.0 188
127.7325 3668.0 188
128.0731 3688.0 188
128.4192 3724.0 188
128.7653 3768.0 188
129.1058 3796.0 188
129.4519 3856.0 188
129.7925 3908.0 188
130.1385 3928.0 188
130.4791 3948.0 188
130.8252 3960.0 188
131.1713 3984.0 188
131.5118 4012.0 188
131.8579 4040.0 188
132.1985 4064.0 188
132.5446 4096.0 188
132.8412 4120.0 188
133.1873 4144.0 188
133.5278 4168.0 188
133.8739 4192.0 188
134.2145 4224.0 188
134.5605 4256.0 188
134.9011 4280.0 188
135.2472 4312.0 188
135.5933 4344.0 188
135.9338 4320.0 188
136.2799 4344.0 188
136.6205 4392.0 188
136.9666 4400.0 188
137.3071 4424.0 188
137.6697 4432.0 188
138.0103 4448.0 188
138.3563 4480.0 188
138.7024 4528.0 188
139.0430 4568.0 188
139.3890 4608.0 188
139.7296 4648.0 188
140.0757 4680.0 188
140.4218 4712.0 188
140.7623 4744.0 188
141.1249 4776.0 188
141.4655 4824.0 188
141.8115 4872.0 188
142.0917 4928.0 188
142.4323 4976.0 188
142.7948 5016.0 188
143.1354 5064.0 188
143.4814 5112.0 188
143.8275 5160.0 188
144.1681 5216.0 188
144.5142 5272.0 188
144.8547 5320.0 188
145.2008 5360.0 188
145.5469 5424.0 188
145.8875 5488.0 188
146.2500 5544.0 188
146.5906 5608.0 188
146.9366 5648.0 188
147.2772 5712.0 188
147.6233 5784.0 188
147.9639 5840.0 188
148.3099 5920.0 188
148.6560 6008.0 188
148.9966 6072.0 188
149.3427 6136.0 188
149.6393 6224.0 188
149.9799 6288.0 188
150.6226 8352.0 188
150.9686 8328.0 188
151.3092 8312.0 188
151.6553 8296.0 188
151.9958 8272.0 188
152.3419 8256.0 188
152.6825 8240.0 188
153.0286 8216.0 188
153.3856 8200.0 188
153.7811 8184.0 188
154.1217 8152.0 188
154.4678 8112.0 188
154.8248 8072.0 188
155.1709 8048.0 188
155.5115 8032.0 188
155.8575 8072.0 188
156.1981 8168.0 188
156.4838 8288.0 188
156.8408 8456.0 188
157.1869 8616.0 188
157.9175 8136.0 188
158.2800 8096.0 188
158.6206 8096.0 188
158.9667 8072.0 188
159.3073 8056.0 188
159.6533 8040.0 188
159.9994 8024.0 188
160.3400 8016.0 188
160.6860 8024.0 188
161.0266 8032.0 188
161.3892 8024.0 188
162.0758 8080.0 188
165.6354 4400.0 188
166.3275 4280.0 188
166.6681 4264.0 188
167.0142 4240.0 188
167.3547 4216.0 188
167.7173 4176.0 188
168.0579 4128.0 188
168.4039 4168.0 188
169.0906 4368.0 188
169.4366 4248.0 188
170.4639 4224.0 188
170.8264 4208.0 188
171.5131 4112.0 188
171.9031 3648.0 188
172.6062 3684.0 188
172.9523 3948.0 188
173.2928 3952.0 188
173.6389 3948.0 188
173.9795 3944.0 188
174.3256 3940.0 188
174.6716 3932.0 188
175.7648 3264.0 188
176.1053 3256.0 188
176.4514 3252.0 188
176.7920 3256.0 188
177.1381 3260.0 188
177.4841 3256.0 188
177.8247 3256.0 188
178.1708 3256.0 188
178.5278 3256.0 188
178.8739 3252.0 188
179.2145 3252.0 188
179.5605 3256.0 188
179.9011 3256.0 188
180.2472 3260.0 188
180.5933 3264.0 188
180.9338 3268.0 188
181.2799 3268.0 188
181.6205 3268.0 188
181.9666 3272.0 188
182.3071 3276.0 188
182.6697 3276.0 188
183.0103 3276.0 188
183.3563 3280.0 188
183.7024 3288.0 188
184.0430 3284.0 188
184.3890 3288.0 188
184.7296 3300.0 188
185.0757 3300.0 188
185.4218 3300.0 188
185.7623 3304.0 188
186.1084 3336.0 188
186.4490 3348.0 188
186.8115 3336.0 188
187.1521 3340.0 188
187.4982 3348.0 188
187.8387 3348.0 188
188.1848 3352.0 188
188.5309 3360.0 188
188.8715 3364.0 188
189.2175 3372.0 188
189.5581 3376.0 188
189.9042 3376.0 188
190.2448 3384.0 188
190.5908 3388.0 188
190.9369 3392.0 188
191.2939 3396.0 188
191.6400 3408.0 188
191.9806 3416.0 188
192.3267 3420.0 188
192.6672 3424.0 188
193.0133 3432.0 188
193.3594 3440.0 188
193.7000 3444.0 188
194.0460 3452.0 188
194.3866 3460.0 188
194.7327 3464.0 188
195.0732 3472.0 188
195.4358 3480.0 188
195.7764 3488.0 188
196.1224 3500.0 188
196.4685 3504.0 188
196.8091 3512.0 188
197.0892 3516.0 188
197.4353 3524.0 188
197.7924 3536.0 188
198.1384 3544.0 188
198.4790 3552.0 188
198.8251 3560.0 188
199.1711 3572.0 188
199.5117 3580.0 188
199.8578 3592.0 188
200.1984 3600.0 188
200.5444 3612.0 188
200.8905 3624.0 188
201.2311 3640.0 188
201.5771 3656.0 188
201.9342 3672.0 188
202.2803 3684.0 188
202.6208 3692.0 188
202.9669 3700.0 188
203.3075 3708.0 188
203.6536 3720.0 188
203.9996 3732.0 188
204.3402 3744.0 188
204.6863 3764.0 188
205.0269 3780.0 188
205.3894 3796.0 188
205.7300 3812.0 188
206.0760 3832.0 188
206.4166 3848.0 188
206.7627 3864.0 188
207.1088 3884.0 188
207.4493 3900.0 188
207.7954 3916.0 188
208.1525 3924.0 188
208.4985 3936.0 188
208.8391 3948.0 188
209.1852 3956.0 188
209.5313 3972.0 188
209.8718 3992.0 188
210.2179 4008.0 188
210.5585 4024.0 188
210.9045 4044.0 188
211.2616 4060.0 188
211.5417 4120.0 188
211.8878 4144.0 188
228.3728 6296.0 188
240.8093 6688.0 188
249.4666 7584.0 188
249.8071 7624.0 188
250.1532 7656.0 188
250.5103 7656.0 188
250.8563 7648.0 188
251.2024 7592.0 188
251.5430 7448.0 188
251.8890 7328.0 188
252.2296 7296.0 188
252.5757 7280.0 188
252.9327 7256.0 188
253.2788 7224.0 188
253.6249 7192.0 188
253.9655 7160.0 188
254.3115 7128.0 188
254.6521 7096.0 188
255.0146 7064.0 188
255.3552 7024.0 188
255.7013 6984.0 188
256.0419 6952.0 188
256.3879 6928.0 188
256.7340 6896.0 188
257.0746 6880.0 188
257.4371 6864.0 188
257.7777 6840.0 188
258.1238 6816.0 188
258.4644 6800.0 188
258.8104 6776.0 188
259.1510 6760.0 188
259.5135 6816.0 188
259.8541 6888.0 188
260.5463 6952.0 188
261.8701 11560.0 188
262.2162 11480.0 188
262.5623 11568.0 188
262.9193 11592.0 188
263.2654 11632.0 188
263.6060 11656.0 188
263.9520 11656.0 188
264.2926 11656.0 188
264.6387 11704.0 188
265.6824 11728.0 188
266.4349 6768.0 188
266.7810 6744.0 188
267.8082 6760.0 188
268.1543 6744.0 188
268.5114 6736.0 188
268.8574 6720.0 188
269.1980 6712.0 188
269.5441 6696.0 188
269.8901 6680.0 188
270.2307 6672.0 188
270.5768 6680.0 188
270.9174 6672.0 188
271.2799 6656.0 188
271.6205 6640.0 188
271.9666 6632.0 188
272.3071 6632.0 188
272.6532 6624.0 188
272.9993 6624.0 188
273.3398 6624.0 188
273.6859 6616.0 188
274.0265 6608.0 188
274.3726 6600.0 188
274.7186 6584.0 188
275.0592 6544.0 188
275.4053 6424.0 188
275.7623 6328.0 188
276.1084 6304.0 188
276.4490 6328.0 188
276.7950 6336.0 188
277.1356 6312.0 188
277.4817 6312.0 188
277.8278 6320.0 188
278.1683 6320.0 188
278.5144 6320.0 188
278.8550 6344.0 188
279.2010 6360.0 188
279.5416 6352.0 188
279.8877 6352.0 188
280.2338 6352.0 188
280.5908 6368.0 188
280.9369 6368.0 188
281.2775 6368.0 188
281.6235 6376.0 188
281.9641 6384.0 188
282.3102 6392.0 188
282.6563 6400.0 188
282.9968 6408.0 188
283.3429 6416.0 188
283.6835 6416.0 188
284.0295 6432.0 188
284.3701 6456.0 188
284.7162 6464.0 188
285.0623 6472.0 188
285.4193 6480.0 188
285.7654 6488.0 188
286.4520 6496.0 188
286.8420 5672.0 188
287.5452 5688.0 188
287.8253 6544.0 188
288.1714 6560.0 188
288.5120 6488.0 188
288.8580 6368.0 188
289.1986 6296.0 188
289.5447 6248.0 188
289.8853 6160.0 188
290.2917 6040.0 188
290.6378 5936.0 188
290.9839 5888.0 188
291.3245 5832.0 188
291.6705 5728.0 188
292.0111 5656.0 188
292.3737 5584.0 188
292.7142 5496.0 188
293.0603 5432.0 188
293.4009 5360.0 188
293.7469 5304.0 188
294.0930 5240.0 188
294.9500 3304.0 188
295.2960 3264.0 188
295.6366 3236.0 188
295.9827 3220.0 188
296.3232 3208.0 188
296.6693 3200.0 188
297.0154 3196.0 188
297.3560 3188.0 188
297.7020 3184.0 188
298.0426 3188.0 188
298.4052 3196.0 188
298.7457 3200.0 188
299.0918 3208.0 188
299.4324 3216.0 188
299.7784 3224.0 188
300.1245 3244.0 188
301.1517 3276.0 188
301.9647 7304.0 188
302.6514 6992.0 188
302.9974 7088.0 188
303.3435 7048.0 188
303.7006 6992.0 188
304.0466 6936.0 188
304.3872 6896.0 188
304.7333 6840.0 188
305.0739 6776.0 188
305.4199 6744.0 188
305.7605 6704.0 188
306.1066 6632.0 188
306.4636 6584.0 188
306.8097 6560.0 188
307.1558 6536.0 188
307.4963 6496.0 188
307.8424 6440.0 188
308.1830 6392.0 188
308.5291 6344.0 188
308.8861 6288.0 188
309.2322 6248.0 188
309.5728 6248.0 188
309.9188 6288.0 188
310.2649 6336.0 188
310.6055 6392.0 188
310.9515 6432.0 188
311.3086 6472.0 188
311.6547 6504.0 188
311.9952 6536.0 188
312.3413 6576.0 188
312.6874 6600.0 188
313.0280 6656.0 188
313.3740 6704.0 188
313.7146 6760.0 188
314.3573 10744.0 188
314.6979 10800.0 188
315.0439 10840.0 188
315.4010 10896.0 188
315.7471 10936.0 188
316.0931 10992.0 188
316.4337 11088.0 188
316.7798 11176.0 188
317.1204 11248.0 188
317.4664 11328.0 188
317.8125 11472.0 188
318.1696 11624.0 188
318.5156 11712.0 188
318.8562 11768.0 188
319.5428 11824.0 188
320.2295 11704.0 188
320.5920 11624.0 188
320.9326 11584.0 188
321.2787 11456.0 188
321.6248 11336.0 188
321.9653 11248.0 188
322.3114 11184.0 188
322.6520 11136.0 188
323.0145 11168.0 188
323.3551 11280.0 188
323.7012 11376.0 188
324.0417 11520.0 188
324.3878 11664.0 188
324.7339 11760.0 188
325.0745 11832.0 188
325.4205 11968.0 188
325.7776 12072.0 188
326.1237 12112.0 188
326.4642 12208.0 188
326.7499 12344.0 188
327.1069 12520.0 188
327.4530 12784.0 188
327.7936 13032.0 188
328.5461 12248.0 188
328.8867 12096.0 188
330.2161 12320.0 188
330.9027 12920.0 188
332.9791 15064.0 188
335.0610 14968.0 188
336.3080 4416.0 188
336.6705 4376.0 188
337.0111 4336.0 188
337.3572 4288.0 188
337.6978 4248.0 188
338.0438 4200.0 188
338.3899 4160.0 188
338.7305 4128.0 188
339.1370 4096.0 188
339.4830 4060.0 188
339.8236 4032.0 188
340.1862 4004.0 188
340.5267 3948.0 188
340.8728 3904.0 188
341.2134 3868.0 188
341.5594 3836.0 188
341.9055 3808.0 188
342.2461 3780.0 188
342.5922 3752.0 188
342.9492 3720.0 188
343.2953 3680.0 188
343.6359 3648.0 188
343.9819 3616.0 188
344.3280 3592.0 188
344.6686 3568.0 188
345.0146 3536.0 188
345.4211 3504.0 188
345.7617 3472.0 188
346.1078 3448.0 188
346.4648 3424.0 188
346.8109 3396.0 188
347.1515 3376.0 188
347.4976 3360.0 188
347.8436 3336.0 188
348.1842 3312.0 188
348.5303 3288.0 188
348.8708 3264.0 188
349.2334 3236.0 188
349.5740 3208.0 188
349.9200 3188.0 188
350.2606 3172.0 188
350.6067 3152.0 188
350.9528 3132.0 188
351.2933 3116.0 188
351.6559 3100.0 188
351.9965 3076.0 188
