#RPLIDAR SCAN DATA
#COUNT=908
#Angule	Distance	Quality
352.4799 2004.0 188
352.7655 2056.0 188
353.1061 2108.0 188
354.1223 2168.0 188
355.4187 5304.0 188
355.7648 5288.0 188
356.1053 5288.0 188
356.8854 3892.0 188
357.7917 5352.0 188
358.8080 5424.0 188
0.8405 5488.0 188
15.6830 7760.0 188
16.0291 7696.0 188
16.3586 7600.0 188
17.0453 7544.0 188
17.3749 7208.0 188
18.0615 6496.0 188
18.3856 6376.0 188
18.7317 6272.0 188
19.1217 6144.0 188
19.4678 6000.0 188
19.8083 5864.0 188
20.1379 5752.0 188
20.4840 5648.0 188
20.8246 5520.0 188
21.1542 5400.0 188
21.4948 5328.0 188
21.8408 5232.0 188
22.1869 5136.0 188
22.5110 5048.0 188
22.8571 4944.0 188
23.2471 4856.0 188
23.5931 4776.0 188
23.9172 4720.0 188
24.2633 4656.0 188
24.6094 4600.0 188
24.9500 4608.0 188
25.2795 4616.0 188
25.6201 4632.0 188
26.2958 4640.0 188
26.9165 2344.0 188
27.5922 2356.0 188
28.3228 4720.0 188
28.6688 4736.0 188
29.0149 4744.0 188
29.3390 4768.0 188
29.6851 4776.0 188
30.0311 4784.0 188
30.3552 4800.0 188
30.7013 4816.0 188
31.0419 4824.0 188
31.3715 4848.0 188
32.4481 1978.0 188
32.7942 1984.0 188
33.7006 2276.0 188
34.0302 2244.0 188
34.4366 2224.0 188
34.7607 2200.0 188
35.1068 2180.0 188
35.7935 2080.0 188
36.1395 2084.0 188
36.4636 2092.0 188
36.8097 2100.0 188
37.1558 2112.0 188
37.4963 2116.0 188
37.8259 2128.0 188
38.1665 2136.0 188
38.9026 1932.0 188
39.2487 1924.0 188
39.9188 1932.0 188
40.2155 2180.0 188
40.5450 2184.0 188
40.8856 2192.0 188
41.2317 2204.0 188
42.1381 1548.0 188
42.4841 1550.0 188
42.8082 1546.0 188
43.1543 1546.0 188
44.1870 2504.0 188
44.5111 2488.0 188
44.8572 2472.0 188
45.2472 2452.0 188
45.5933 2432.0 188
45.9338 2416.0 188
46.2799 2404.0 188
46.6040 2388.0 188
46.9501 2376.0 188
47.2961 2364.0 188
47.6367 2348.0 188
47.9828 2336.0 188
48.3124 2324.0 188
48.6530 2300.0 188
48.9990 2288.0 188
49.3396 2280.0 188
50.0153 2268.0 188
50.5261 1824.0 188
51.2018 1822.0 188
51.7621 2180.0 188
52.1082 2176.0 188
52.4487 2168.0 188
52.7948 2156.0 188
53.1354 2144.0 188
53.4650 2136.0 188
53.8110 2124.0 188
54.1516 2108.0 188
54.4977 2096.0 188
54.8273 2084.0 188
55.1678 2076.0 188
55.5139 2068.0 188
55.8545 2060.0 188
56.2500 2048.0 188
56.5906 2036.0 188
56.9202 2040.0 188
57.2607 2032.0 188
57.6068 2014.0 188
57.9529 2006.0 188
58.2770 1998.0 188
58.6230 1990.0 188
58.9636 1980.0 188
59.3097 1972.0 188
59.6558 1962.0 188
59.9799 1954.0 188
60.3259 1950.0 188
60.6665 1954.0 188
61.0126 1944.0 188
61.3422 1926.0 188
61.6827 1920.0 188
62.0288 1914.0 188
62.3749 1906.0 188
62.6990 1898.0 188
63.1055 1888.0 188
63.4351 1882.0 188
63.7811 1878.0 188
64.1217 1872.0 188
64.4678 1876.0 188
64.8083 1868.0 188
65.1379 1852.0 188
65.4840 1846.0 188
65.8246 1838.0 188
66.1542 1834.0 188
66.4948 1826.0 188
66.8408 1824.0 188
67.1704 1818.0 188
67.5110 1814.0 188
67.8571 1808.0 188
68.1866 1800.0 188
68.5272 1804.0 188
68.8733 1798.0 188
69.2139 1782.0 188
69.5435 1778.0 188
69.8895 1774.0 188
70.2301 1770.0 188
70.5597 1764.0 188
70.9058 1762.0 188
71.2958 1756.0 188
71.6364 1752.0 188
71.9824 1748.0 188
72.3120 1744.0 188
72.6526 1740.0 188
72.9987 1744.0 188
73.3228 1738.0 188
73.6688 1726.0 188
74.5752 1354.0 188
74.9048 1344.0 188
75.2454 1336.0 188
75.5914 1330.0 188
75.9210 1328.0 188
76.2616 1326.0 188
76.6077 1322.0 188
76.9373 1320.0 188
77.2778 1320.0 188
77.6239 1316.0 188
77.9480 1312.0 188
78.2941 1312.0 188
78.6401 1312.0 188
78.9642 1310.0 188
79.3103 1308.0 188
79.6509 1306.0 188
79.9805 1304.0 188
80.3265 1302.0 188
80.6671 1300.0 188
80.9967 1298.0 188
81.3428 1298.0 188
81.6833 1296.0 188
82.0734 1294.0 188
82.4194 1294.0 188
82.7490 1292.0 188
83.0896 1292.0 188
83.4357 1290.0 188
83.7653 1288.0 188
84.1058 1286.0 188
84.4519 1284.0 188
84.7760 1284.0 188
85.1221 1282.0 188
85.4681 1282.0 188
85.7922 1282.0 188
86.1383 1282.0 188
86.4844 1280.0 188
86.8250 1278.0 188
87.1545 1278.0 188
87.4951 1278.0 188
87.8412 1276.0 188
88.1708 1278.0 188
88.5114 1276.0 188
88.8574 1276.0 188
89.1870 1276.0 188
89.5276 1276.0 188
89.8737 1274.0 188
90.1978 1274.0 188
90.5438 1274.0 188
90.8899 1274.0 188
91.2140 1274.0 188
91.5601 1274.0 188
91.9061 1272.0 188
92.2302 1272.0 188
92.5763 1274.0 188
92.9169 1272.0 188
93.2465 1272.0 188
93.5925 1272.0 188
93.9331 1272.0 188
94.2627 1274.0 188
94.6088 1274.0 188
94.9493 1274.0 188
95.2789 1274.0 188
95.6250 1274.0 188
95.9656 1274.0 188
96.2952 1274.0 188
96.6357 1274.0 188
96.9818 1276.0 188
97.3279 1276.0 188
97.6520 1278.0 188
97.9980 1278.0 188
98.3386 1280.0 188
98.6682 1280.0 188
99.0143 1282.0 188
99.3549 1280.0 188
99.6844 1280.0 188
100.0305 1282.0 188
100.3711 1284.0 188
100.7007 1286.0 188
101.0468 1288.0 188
101.3708 1288.0 188
101.7169 1288.0 188
102.0575 1290.0 188
102.3871 1290.0 188
102.7332 1292.0 188
103.0737 1294.0 188
103.3594 1296.0 188
103.6835 1296.0 188
104.0295 1298.0 188
104.3701 1298.0 188
104.6997 1300.0 188
105.0458 1302.0 188
105.3864 1306.0 188
105.7159 1308.0 188
106.0620 1308.0 188
106.4026 1310.0 188
106.7322 1312.0 188
107.0728 1314.0 188
107.4188 1316.0 188
107.7484 1318.0 188
108.0890 1320.0 188
108.4351 1324.0 188
108.7646 1326.0 188
109.1052 1328.0 188
109.4513 1330.0 188
109.7809 1332.0 188
110.1215 1334.0 188
110.4675 1336.0 188
110.7916 1338.0 188
111.1377 1342.0 188
111.4838 1344.0 188
111.8079 1348.0 188
112.1539 1350.0 188
112.5000 1354.0 188
112.8241 1356.0 188
113.1702 1360.0 188
113.5107 1364.0 188
113.8403 1366.0 188
114.1205 1368.0 188
114.4666 1370.0 188
114.8071 1374.0 188
115.1367 1376.0 188
115.4828 1380.0 188
115.8234 1382.0 188
116.1530 1386.0 188
116.4990 1392.0 188
116.8396 1394.0 188
117.1692 1398.0 188
117.5153 1402.0 188
117.8394 1406.0 188
118.1854 1410.0 188
118.5260 1414.0 188
118.8556 1416.0 188
119.2017 1420.0 188
119.5422 1424.0 188
119.8718 1430.0 188
120.2179 1436.0 188
120.5585 1442.0 188
120.8386 1448.0 188
121.5143 1456.0 188
122.3547 1850.0 188
122.7008 1852.0 188
123.0469 1860.0 188
123.3710 1864.0 188
123.7170 1870.0 188
124.0576 1874.0 188
124.3872 1880.0 188
124.7333 1886.0 188
125.0134 1896.0 188
125.3540 1902.0 188
125.6836 1912.0 188
126.0297 1920.0 188
126.3702 1924.0 188
126.6998 1930.0 188
127.0459 1938.0 188
127.3865 1946.0 188
127.7161 1954.0 188
128.0621 1962.0 188
128.4027 1970.0 188
128.7323 1978.0 188
129.0729 1984.0 188
129.4189 1994.0 188
129.7485 2008.0 188
130.0891 2014.0 188
130.4352 2020.0 188
130.7648 2028.0 188
131.1053 2038.0 188
131.4349 2044.0 188
131.7151 2052.0 188
132.0612 2064.0 188
132.4017 2076.0 188
132.7313 2088.0 188
133.0774 2096.0 188
133.4015 2104.0 188
133.7476 2112.0 188
134.0936 2120.0 188
134.4177 2128.0 188
134.7638 2144.0 188
135.4340 2136.0 188
135.8240 1992.0 188
136.1700 2008.0 188
136.5106 2018.0 188
136.8402 2024.0 188
137.1863 2030.0 188
137.5104 2008.0 188
137.8564 1986.0 188
138.2025 1990.0 188
138.5266 2002.0 188
138.8727 2022.0 188
139.4989 2116.0 188
139.8230 2124.0 188
140.1691 2140.0 188
140.4987 2148.0 188
140.8392 2164.0 188
141.1853 2180.0 188
141.5149 2200.0 188
141.8555 2212.0 188
142.1851 2220.0 188
142.4652 2244.0 188
142.8113 2260.0 188
143.1519 2276.0 188
143.4814 2280.0 188
143.8275 2288.0 188
144.1681 2308.0 188
144.4977 2336.0 188
144.8438 2356.0 188
145.1678 2368.0 188
145.5139 2380.0 188
145.8545 2392.0 188
146.1841 2384.0 188
146.5302 2368.0 188
147.5464 2376.0 188
147.9968 3912.0 188
148.3264 3892.0 188
148.6670 3872.0 188
148.9966 3848.0 188
149.3427 3820.0 188
149.6832 3800.0 188
150.0128 3784.0 188
150.3589 3768.0 188
150.6830 3756.0 188
151.0291 3740.0 188
151.3696 3728.0 188
151.6992 3720.0 188
152.0453 3712.0 188
152.3859 3700.0 188
152.7155 3688.0 188
153.0615 3680.0 188
153.3856 3668.0 188
153.7317 3652.0 188
154.0778 3632.0 188
154.4019 3612.0 188
154.7479 3596.0 188
155.0775 3588.0 188
155.4181 3568.0 188
155.7642 3544.0 188
156.0938 3536.0 188
156.4343 3556.0 188
156.7804 3596.0 188
157.1045 3636.0 188
157.4506 3684.0 188
157.7802 3736.0 188
158.1207 3784.0 188
158.4668 3824.0 188
158.7964 3860.0 188
159.1370 3900.0 188
159.4666 3964.0 188
159.8071 4024.0 188
160.1532 4072.0 188
160.4333 4128.0 188
160.7629 4184.0 188
161.1090 4256.0 188
161.4496 4304.0 188
161.7792 4344.0 188
162.1198 4408.0 188
162.4493 4480.0 188
162.7954 4544.0 188
163.1360 4624.0 188
163.4656 4712.0 188
163.8116 4792.0 188
164.1522 4840.0 188
164.4818 4912.0 188
164.7784 5016.0 188
165.1080 5104.0 188
165.4486 5184.0 188
165.7947 5264.0 188
166.1243 5352.0 188
166.4648 5480.0 188
166.8109 5584.0 188
167.1405 5672.0 188
167.4811 5768.0 188
167.8271 5896.0 188
168.1512 6064.0 188
168.4369 6200.0 188
168.7775 6312.0 188
169.1235 6400.0 188
169.4531 6488.0 188
169.7937 6672.0 188
170.1398 6744.0 188
170.4639 6704.0 188
170.8099 6680.0 188
171.1560 6664.0 188
171.4801 6664.0 188
171.8262 6664.0 188
172.1667 6664.0 188
172.4963 6720.0 188
173.5126 6816.0 188
173.8586 7440.0 188
174.4794 9888.0 188
176.5118 11688.0 188
177.1875 12120.0 188
177.5281 12072.0 188
177.8577 12088.0 188
178.5443 12032.0 188
179.8901 2792.0 188
180.1703 3304.0 188
180.8569 3264.0 188
181.8732 3076.0 188
182.2028 3076.0 188
182.9333 3072.0 188
183.2794 2816.0 188
183.6090 2812.0 188
183.9496 2816.0 188
184.9658 2824.0 188
185.9326 3332.0 188
186.2622 3220.0 188
186.6083 3304.0 188
186.9489 3356.0 188
187.9651 3344.0 188
188.3551 2964.0 188
188.6847 2944.0 188
189.0308 2936.0 188
189.3713 2932.0 188
189.7009 2916.0 188
190.0415 2892.0 188
190.3876 2876.0 188
191.0577 2848.0 188
191.7938 2588.0 188
192.1399 2580.0 188
192.4640 2576.0 188
192.8101 2560.0 188
193.1561 2556.0 188
193.4802 2524.0 188
193.8263 2480.0 188
194.1669 2468.0 188
194.4965 2468.0 188
195.1831 2480.0 188
195.5127 2588.0 188
195.8588 2596.0 188
196.1993 2600.0 188
196.5454 2572.0 188
196.8750 2556.0 188
197.2156 2564.0 188
197.5616 2572.0 188
197.9022 2616.0 188
198.2318 2684.0 188
199.1382 3196.0 188
199.5447 2932.0 188
199.8743 2956.0 188
200.2148 2912.0 188
200.5609 2888.0 188
200.9015 2888.0 188
201.2311 2892.0 188
201.5771 2896.0 188
201.9177 2900.0 188
202.2473 2904.0 188
202.5934 2916.0 188
202.9340 2920.0 188
203.2800 2924.0 188
203.6041 2928.0 188
203.9502 2936.0 188
204.2963 2940.0 188
204.6368 2944.0 188
204.9664 2948.0 188
205.3125 2952.0 188
205.6531 2960.0 188
205.9827 2968.0 188
206.3232 2972.0 188
206.6693 2980.0 188
207.0154 2996.0 188
207.3395 3012.0 188
207.6855 3016.0 188
208.0261 3024.0 188
208.3722 3036.0 188
208.7018 3040.0 188
209.3884 3052.0 188
210.7947 1128.0 188
211.1847 1114.0 188
211.5308 1104.0 188
211.8713 1092.0 188
212.2009 1084.0 188
212.5415 1076.0 188
212.9370 1068.0 188
213.2776 1062.0 188
213.6237 1056.0 188
213.9642 1052.0 188
214.2938 1048.0 188
214.6399 1044.0 188
214.9805 1042.0 188
215.3101 1038.0 188
215.6561 1036.0 188
215.9967 1034.0 188
216.3428 1032.0 188
216.6669 1030.0 188
217.0129 1028.0 188
217.3590 1028.0 188
217.6996 1026.0 188
218.0292 1026.0 188
218.3698 1026.0 188
218.7158 1026.0 188
219.0454 1026.0 188
219.3860 1026.0 188
219.7321 1026.0 188
220.0781 1026.0 188
220.4022 1028.0 188
221.3086 888.0 188
221.6986 874.0 188
222.0447 872.0 188
222.3853 870.0 188
222.7313 868.0 188
223.0609 868.0 188
223.4015 866.0 188
223.7476 864.0 188
224.0936 862.0 188
224.4177 862.0 188
224.7638 860.0 188
225.1044 858.0 188
225.4340 856.0 188
225.7800 856.0 188
226.1206 854.0 188
226.4667 854.0 188
226.7963 852.0 188
227.1368 852.0 188
227.4829 850.0 188
227.8235 848.0 188
228.1531 848.0 188
228.5596 846.0 188
228.8892 846.0 188
229.2297 844.0 188
229.5758 844.0 188
229.9219 844.0 188
230.2460 842.0 188
230.5920 842.0 188
230.9326 842.0 188
231.2622 840.0 188
231.6083 840.0 188
231.9489 840.0 188
232.2949 840.0 188
232.6245 838.0 188
232.9651 838.0 188
233.3112 838.0 188
233.6353 838.0 188
233.9813 838.0 188
234.3274 838.0 188
234.6680 836.0 188
234.9976 836.0 188
235.3436 836.0 188
235.6842 836.0 188
236.0138 836.0 188
236.3544 836.0 188
236.7004 836.0 188
237.0465 836.0 188
237.3706 836.0 188
237.7167 836.0 188
238.0573 836.0 188
238.4033 836.0 188
238.7329 836.0 188
239.0735 836.0 188
239.4196 838.0 188
239.7491 838.0 188
240.0897 838.0 188
240.4358 838.0 188
240.7764 838.0 188
241.1060 838.0 188
241.4520 838.0 188
241.7926 840.0 188
242.1222 840.0 188
242.4683 840.0 188
242.8088 840.0 188
243.1549 840.0 188
243.4790 840.0 188
243.8251 842.0 188
244.1711 842.0 188
244.4952 842.0 188
244.8413 844.0 188
245.1874 846.0 188
245.5280 846.0 188
245.8081 848.0 188
246.1377 854.0 188
247.1704 1080.0 188
247.5110 1074.0 188
247.8406 1072.0 188
248.1866 1070.0 188
248.5767 1066.0 188
248.9172 1062.0 188
249.2633 1060.0 188
249.5929 1058.0 188
249.9335 1056.0 188
250.2795 1052.0 188
250.6201 1050.0 188
250.9497 1054.0 188
251.2958 1066.0 188
251.5759 1080.0 188
251.9165 1094.0 188
252.2626 1110.0 188
252.5427 1126.0 188
252.8723 1142.0 188
253.2184 1160.0 188
253.4985 1178.0 188
253.8391 1194.0 188
254.1852 1216.0 188
254.4653 1236.0 188
254.8114 1256.0 188
255.1355 1280.0 188
255.4211 1302.0 188
255.7617 1322.0 188
256.1078 1346.0 188
256.3879 1372.0 188
256.7340 1396.0 188
257.0746 1422.0 188
257.3547 1450.0 188
257.6843 1482.0 188
258.0304 1512.0 188
258.3105 1544.0 188
258.6511 1576.0 188
258.9972 1608.0 188
259.2773 1644.0 188
259.6234 1682.0 188
259.9530 1720.0 188
260.2936 1756.0 188
260.5737 1794.0 188
260.9198 1840.0 188
261.2494 1886.0 188
261.5460 1932.0 188
261.8701 1984.0 188
262.2162 2040.0 188
262.4963 2092.0 188
263.5126 2148.0 188
263.7927 2364.0 188
264.4794 2432.0 188
266.6217 3616.0 188
267.3083 3636.0 188
267.6379 3676.0 188
268.2642 4488.0 188
268.6047 4552.0 188
269.2804 4552.0 188
269.6869 3896.0 188
270.0110 3892.0 188
270.3571 3900.0 188
270.7031 3896.0 188
271.0272 3892.0 188
271.3733 3896.0 188
271.7139 3896.0 188
272.0435 3892.0 188
272.3895 3884.0 188
272.7301 3880.0 188
273.0762 3888.0 188
273.4058 3904.0 188
273.7463 3912.0 188
274.0924 3936.0 188
274.4165 3956.0 188
274.7626 3964.0 188
275.4327 3980.0 188
275.7294 4196.0 188
276.0590 4192.0 188
276.4050 4192.0 188
276.7456 4200.0 188
277.0752 4192.0 188
277.4213 4184.0 188
277.7618 4184.0 188
278.0914 4184.0 188
278.4375 4184.0 188
279.5142 3844.0 188
280.1404 4168.0 188
280.4645 4184.0 188
280.8105 4184.0 188
281.1511 4184.0 188
281.4807 4192.0 188
285.0458 1700.0 188
285.4358 1604.0 188
285.7764 1564.0 188
286.1719 1524.0 188
286.5125 1484.0 188
286.8585 1464.0 188
287.1826 1462.0 188
287.5287 1462.0 188
287.8748 1462.0 188
288.1989 1462.0 188
288.5449 1466.0 188
288.8855 1468.0 188
289.2151 1472.0 188
289.5612 1476.0 188
289.9017 1480.0 188
290.2313 1482.0 188
290.5774 1482.0 188
290.9180 1486.0 188
291.2640 1490.0 188
291.5936 1490.0 188
291.9342 1492.0 188
292.2803 1494.0 188
292.6044 1498.0 188
292.9504 1504.0 188
293.2965 1510.0 188
293.6371 1512.0 188
293.9667 1514.0 188
294.3073 1520.0 188
294.6533 1522.0 188
294.9994 1526.0 188
295.3235 1530.0 188
295.6696 1532.0 188
295.9497 1538.0 188
296.2958 1542.0 188
296.6364 1546.0 188
296.9824 1548.0 188
297.3120 1554.0 188
297.6526 1558.0 188
297.9987 1562.0 188
298.3392 1564.0 188
298.6688 1570.0 188
299.0149 1576.0 188
299.3555 1580.0 188
299.7015 1588.0 188
300.0311 1590.0 188
300.3717 1594.0 188
300.7178 1602.0 188
301.0583 1610.0 188
301.3879 1614.0 188
301.7340 1620.0 188
302.0746 1624.0 188
302.4207 1632.0 188
302.7612 1636.0 188
303.0469 1640.0 188
303.3710 1644.0 188
303.7170 1652.0 188
304.0576 1662.0 188
304.4037 1666.0 188
304.7333 1672.0 188
305.0739 1680.0 188
305.4199 1686.0 188
305.7605 1692.0 188
306.1066 1698.0 188
306.4362 1702.0 188
306.7767 1712.0 188
307.1228 1720.0 188
307.4634 1728.0 188
307.7930 1736.0 188
308.1390 1742.0 188
308.4796 1750.0 188
308.7653 1758.0 188
309.1058 1766.0 188
309.4519 1774.0 188
309.7760 1782.0 188
310.1221 1792.0 188
310.4681 1798.0 188
310.8087 1806.0 188
311.1383 1820.0 188
311.4844 1830.0 188
311.8250 1836.0 188
312.1710 1844.0 188
312.4951 1852.0 188
314.0442 5240.0 188
314.3738 5320.0 188
314.7144 5432.0 188
315.0604 5472.0 188
315.4010 5480.0 188
315.7471 5408.0 188
316.0767 5328.0 188
316.4172 5312.0 188
316.7633 5288.0 188
317.1094 5272.0 188
318.1201 5272.0 188
318.7958 5264.0 188
319.1364 5240.0 188
319.4824 5224.0 188
319.8230 5176.0 188
320.1526 5112.0 188
320.4987 5080.0 188
320.8392 5072.0 188
321.1853 5080.0 188
321.5149 5096.0 188
321.8555 5136.0 188
322.2015 5144.0 188
322.5421 5120.0 188
322.8717 5112.0 188
323.2178 5120.0 188
324.2450 5136.0 188
325.0305 1984.0 188
325.3711 1974.0 188
325.7172 1964.0 188
326.0468 1954.0 188
326.3873 1944.0 188
326.7334 1934.0 188
327.0575 1926.0 188
327.4036 1914.0 188
327.7496 1902.0 188
328.0902 1894.0 188
328.4802 1884.0 188
328.8263 1874.0 188
329.1559 1864.0 188
329.4965 1854.0 188
329.8425 1848.0 188
330.1666 1842.0 188
330.5127 1832.0 188
330.8588 1824.0 188
331.1993 1816.0 188
331.5289 1808.0 188
331.8750 1802.0 188
332.2156 1794.0 188
332.5452 1786.0 188
332.8857 1780.0 188
333.2318 1772.0 188
333.5779 1768.0 188
333.9020 1760.0 188
334.3085 1754.0 188
334.6381 1748.0 188
334.9841 1740.0 188
335.3247 1732.0 188
335.6708 1726.0 188
335.9949 1720.0 188
336.3409 1716.0 188
336.6870 1710.0 188
337.0111 1704.0 188
337.3572 1698.0 188
337.6978 1692.0 188
338.0438 1686.0 188
338.3734 1680.0 188
338.7140 1674.0 188
339.0601 1672.0 188
339.3896 1668.0 188
339.7302 1662.0 188
340.0763 1660.0 188
340.4169 1656.0 188
340.7465 1650.0 188
341.0925 1644.0 188
341.4331 1640.0 188
341.8231 1636.0 188
342.1692 1632.0 188
342.4988 1626.0 188
342.8394 1622.0 188
343.1854 1618.0 188
343.5260 1614.0 188
343.8556 1608.0 188
344.2017 1604.0 188
344.5422 1602.0 188
344.8718 1598.0 188
345.2179 1594.0 188
345.5585 1590.0 188
345.9045 1586.0 188
346.2341 1582.0 188
346.5747 1578.0 188
346.9208 1576.0 188
347.2614 1572.0 188
347.5909 1570.0 188
347.9370 1570.0 188
348.2776 1570.0 188
348.6072 1572.0 188
348.9478 1586.0 188
349.2938 1606.0 188
349.6399 1636.0 188
349.9200 1668.0 188
350.2496 1706.0 188
350.5902 1742.0 188
350.8704 1778.0 188
351.2164 1822.0 188
351.5625 1864.0 188
351.8427 1904.0 188
352.1832 1952.0 188
