#RPLIDAR SCAN DATA
#COUNT=812
#Angule	Distance	Quality
352.4030 9864.0 188
353.4357 9840.0 188
356.4185 3744.0 188
356.7810 3732.0 188
357.1216 3736.0 188
357.8082 3732.0 188
359.6375 1700.0 188
359.9835 1660.0 188
0.3900 1622.0 188
0.7306 1588.0 188
1.0767 1560.0 188
1.4832 1534.0 188
1.8237 1508.0 188
2.1698 1484.0 188
2.5104 1464.0 188
2.9169 1442.0 188
3.2629 1422.0 188
3.6090 1406.0 188
3.9496 1390.0 188
4.2957 1372.0 188
4.7021 1356.0 188
5.0427 1342.0 188
5.3888 1328.0 188
5.7294 1314.0 188
6.0754 1300.0 188
6.4819 1294.0 188
6.8280 1286.0 188
7.1686 1272.0 188
7.5146 1258.0 188
7.8552 1246.0 188
8.2178 1236.0 188
8.6078 1226.0 188
8.9484 1216.0 188
9.3109 1206.0 188
9.6515 1196.0 188
9.9976 1186.0 188
10.3436 1178.0 188
10.7446 1170.0 188
11.0907 1162.0 188
11.4368 1154.0 188
11.7773 1146.0 188
12.1234 1138.0 188
12.4640 1130.0 188
12.8101 1122.0 188
13.2166 1116.0 188
13.5571 1110.0 188
13.9032 1104.0 188
14.2493 1098.0 188
14.5898 1092.0 188
14.9524 1086.0 188
15.2930 1080.0 188
15.6390 1074.0 188
15.9796 1070.0 188
16.3861 1064.0 188
16.7322 1058.0 188
17.0728 1054.0 188
17.4188 1050.0 188
17.7649 1046.0 188
18.1219 1042.0 188
18.4680 1038.0 188
18.8086 1034.0 188
19.1547 1028.0 188
19.4952 1026.0 188
19.9017 1022.0 188
20.2478 1018.0 188
20.5884 1014.0 188
20.9344 1010.0 188
21.2915 1006.0 188
21.6376 1002.0 188
21.9836 1000.0 188
22.3242 996.0 188
22.6703 992.0 188
23.0109 992.0 188
23.3734 988.0 188
23.7140 984.0 188
24.1040 982.0 188
24.4666 980.0 188
24.8071 978.0 188
25.1532 974.0 188
25.4993 972.0 188
25.8398 968.0 188
26.1859 966.0 188
26.5430 964.0 188
26.8890 962.0 188
27.2296 960.0 188
27.5757 958.0 188
27.9218 956.0 188
28.2623 954.0 188
28.6084 952.0 188
28.9655 950.0 188
29.3115 948.0 188
29.6521 946.0 188
29.9982 946.0 188
30.4047 944.0 188
30.7452 942.0 188
31.0913 940.0 188
31.4374 940.0 188
31.7780 938.0 188
32.1405 938.0 188
32.4811 936.0 188
32.8271 936.0 188
33.1677 934.0 188
33.5138 932.0 188
33.8544 932.0 188
34.2169 930.0 188
34.5575 930.0 188
34.9036 928.0 188
35.2496 928.0 188
35.5902 928.0 188
35.9363 926.0 188
36.2769 926.0 188
36.6394 926.0 188
36.9800 926.0 188
37.3260 924.0 188
37.6666 924.0 188
38.0127 924.0 188
38.3588 924.0 188
38.7158 924.0 188
39.0619 922.0 188
39.4025 922.0 188
39.7485 922.0 188
40.4352 924.0 188
41.1383 924.0 188
41.4844 922.0 188
41.8250 924.0 188
42.1710 924.0 188
42.5116 924.0 188
42.8577 924.0 188
43.2147 924.0 188
43.5608 924.0 188
43.9014 924.0 188
44.2474 924.0 188
44.5935 924.0 188
44.9341 924.0 188
45.2966 924.0 188
45.6372 924.0 188
45.9833 924.0 188
46.3239 924.0 188
46.6699 926.0 188
47.0105 926.0 188
47.3566 928.0 188
47.7136 928.0 188
48.0597 928.0 188
48.4058 928.0 188
48.7463 930.0 188
49.0924 932.0 188
49.4330 932.0 188
49.7955 932.0 188
50.1361 934.0 188
50.4822 934.0 188
50.8228 936.0 188
51.1688 936.0 188
51.5149 938.0 188
51.8555 938.0 188
52.2180 940.0 188
52.5586 942.0 188
52.9047 944.0 188
53.2452 944.0 188
53.5419 946.0 188
53.8879 948.0 188
54.2340 950.0 188
54.5746 950.0 188
54.9207 954.0 188
55.2612 956.0 188
55.6073 956.0 188
55.9644 958.0 188
56.3104 962.0 188
56.6510 964.0 188
56.9971 966.0 188
57.3431 968.0 188
57.6837 972.0 188
58.0298 974.0 188
58.3868 976.0 188
58.7329 980.0 188
59.0735 982.0 188
59.3591 984.0 188
59.7162 988.0 188
60.0623 992.0 188
60.4028 994.0 188
60.7489 998.0 188
61.0895 1000.0 188
61.4355 1004.0 188
61.7761 1008.0 188
62.1387 1012.0 188
62.4792 1016.0 188
62.8253 1020.0 188
63.1714 1024.0 188
63.4680 1026.0 188
63.8086 1030.0 188
64.1547 1036.0 188
64.4952 1040.0 188
64.8413 1044.0 188
65.1874 1048.0 188
65.5280 1054.0 188
65.8905 1060.0 188
66.2311 1064.0 188
66.5112 1070.0 188
66.8573 1076.0 188
67.2144 1080.0 188
67.5604 1086.0 188
67.9010 1092.0 188
68.2471 1096.0 188
68.5931 1104.0 188
68.9337 1110.0 188
69.2303 1118.0 188
69.5764 1124.0 188
69.9170 1132.0 188
70.2631 1138.0 188
70.6091 1146.0 188
70.9662 1156.0 188
71.3123 1164.0 188
71.5924 1172.0 188
71.9330 1180.0 188
72.2955 1190.0 188
72.6361 1198.0 188
72.9822 1206.0 188
73.3228 1216.0 188
73.6688 1226.0 188
73.9655 1238.0 188
74.3115 1250.0 188
74.6521 1260.0 188
74.9982 1274.0 188
75.3387 1286.0 188
75.7013 1294.0 188
75.9814 1304.0 188
76.3275 1316.0 188
76.6681 1326.0 188
77.0306 1334.0 188
77.3712 1348.0 188
77.7173 1360.0 188
77.9974 1374.0 188
78.3545 1388.0 188
78.7006 1400.0 188
79.0466 1414.0 188
79.3872 1430.0 188
79.7333 1444.0 188
80.0299 1462.0 188
80.3705 1480.0 188
80.7166 1500.0 188
81.0571 1522.0 188
81.3593 1548.0 188
81.6998 1574.0 188
82.0459 1602.0 188
82.3865 1632.0 188
82.6666 1670.0 188
83.3698 1716.0 188
84.2926 2040.0 188
86.0889 13720.0 188
86.7810 13752.0 188
87.1216 13400.0 188
87.4677 13464.0 188
87.8082 13552.0 188
88.1543 13464.0 188
88.5114 13408.0 188
88.8574 13408.0 188
89.5935 12240.0 188
89.9506 12176.0 188
90.2966 12128.0 188
90.6372 12104.0 188
90.9833 12088.0 188
91.3239 12048.0 188
91.6699 12016.0 188
92.0105 11976.0 188
92.3566 11944.0 188
92.7026 11920.0 188
93.0432 11920.0 188
95.8118 11872.0 188
96.1523 11848.0 188
96.4984 11880.0 188
96.8390 11840.0 188
97.1851 11808.0 188
97.5421 11776.0 188
97.8882 11744.0 188
98.2343 11704.0 188
98.5748 11672.0 188
98.9209 11688.0 188
99.2615 11776.0 188
99.6075 11912.0 188
99.9481 12000.0 188
100.2942 11888.0 188
103.7494 12008.0 188
104.4360 12152.0 188
105.1392 10488.0 188
105.4797 10440.0 188
105.8258 10480.0 188
106.5125 10536.0 188
113.1207 7464.0 188
113.8074 7552.0 188
125.3101 4784.0 188
127.3700 4664.0 188
127.7161 4648.0 188
128.0621 4664.0 188
128.4027 4680.0 188
129.4354 4704.0 188
132.1381 5264.0 188
132.4841 5240.0 188
132.8247 5280.0 188
133.5278 5320.0 188
136.5765 7320.0 188
137.2632 6480.0 188
137.6093 6488.0 188
137.9498 6504.0 188
138.2959 6496.0 188
138.6365 6496.0 188
138.9825 6496.0 188
139.3231 6504.0 188
139.6692 6520.0 188
140.0153 6512.0 188
140.3558 6520.0 188
140.7019 6536.0 188
141.0425 6544.0 188
141.3885 6544.0 188
141.7456 6544.0 188
142.0917 6544.0 188
142.4323 6560.0 188
142.7783 6568.0 188
143.1244 6568.0 188
143.8110 6568.0 188
144.8438 6240.0 188
146.9202 6680.0 188
147.2607 6696.0 188
147.6068 6680.0 188
147.9529 6688.0 188
148.2935 6720.0 188
148.6395 6744.0 188
148.9801 6760.0 188
149.3262 6768.0 188
150.0128 6800.0 188
150.3589 6824.0 188
151.0620 6832.0 188
151.4026 6840.0 188
151.7487 6856.0 188
152.0892 6880.0 188
152.4353 6904.0 188
152.7759 6920.0 188
153.1219 6928.0 188
153.4680 6936.0 188
153.8086 6944.0 188
154.1547 6968.0 188
154.4952 6984.0 188
154.8413 7000.0 188
155.1984 7008.0 188
155.5444 7024.0 188
155.8905 7048.0 188
156.2311 7072.0 188
156.5771 6968.0 188
157.2638 7112.0 188
157.6044 7128.0 188
157.9504 7168.0 188
158.2965 7200.0 188
159.3402 7184.0 188
159.6863 7256.0 188
160.0269 7232.0 188
160.3729 7304.0 188
161.4056 6680.0 188
162.0923 7504.0 188
162.4329 7544.0 188
162.7789 7568.0 188
163.1250 7592.0 188
163.4821 7632.0 188
164.4489 2968.0 188
164.7949 2932.0 188
165.1355 2912.0 188
165.4816 2896.0 188
165.8276 2884.0 188
166.1682 2872.0 188
166.5143 2864.0 188
166.8549 2860.0 188
167.2009 2856.0 188
167.5415 2860.0 188
167.8876 2860.0 188
168.2336 2860.0 188
168.5907 2864.0 188
168.9368 2872.0 188
169.2773 2888.0 188
169.6234 2900.0 188
169.9640 2916.0 188
170.3101 2936.0 188
170.9967 2976.0 188
171.9800 14912.0 188
172.3425 14928.0 188
172.6831 14928.0 188
173.0292 14912.0 188
173.3698 14888.0 188
173.7158 14848.0 188
174.0619 14848.0 188
174.8090 9600.0 188
175.1550 9568.0 188
175.4956 9544.0 188
175.8417 9528.0 188
176.8744 9544.0 188
179.9176 15552.0 188
180.9668 15600.0 188
185.0922 15592.0 188
186.1853 8288.0 188
187.2180 8320.0 188
187.9651 6656.0 188
188.3112 6584.0 188
188.6517 6584.0 188
188.9978 6584.0 188
189.3384 6600.0 188
189.7009 6600.0 188
190.0415 6600.0 188
190.3876 6608.0 188
190.7336 6624.0 188
191.0742 6632.0 188
191.4203 6632.0 188
191.7609 6656.0 188
192.1069 6672.0 188
192.4530 6680.0 188
192.7936 6688.0 188
193.1396 6696.0 188
193.4802 6696.0 188
193.8263 6696.0 188
194.1669 6728.0 188
194.5294 6768.0 188
194.8700 6776.0 188
195.2161 6784.0 188
195.5621 6800.0 188
195.9027 6816.0 188
196.2488 6824.0 188
196.5894 6832.0 188
196.9354 6824.0 188
197.2760 6832.0 188
197.6221 6832.0 188
197.9681 6840.0 188
198.3087 6848.0 188
198.6548 6856.0 188
198.9954 6880.0 188
199.3579 6896.0 188
199.6985 6904.0 188
200.0446 6920.0 188
200.3906 6928.0 188
200.7312 6976.0 188
201.0773 6968.0 188
201.4178 6888.0 188
201.7639 6792.0 188
202.1045 6648.0 188
202.4506 6528.0 188
202.7966 6440.0 188
203.1372 6344.0 188
203.4833 6288.0 188
203.8239 6304.0 188
204.1864 6328.0 188
204.5270 6352.0 188
204.8730 6368.0 188
205.2136 6384.0 188
205.9058 6408.0 188
206.9330 6432.0 188
207.2791 6464.0 188
207.6196 6496.0 188
207.9657 6512.0 188
208.3118 6528.0 188
208.6523 6536.0 188
209.0149 6544.0 188
209.3555 6544.0 188
209.7015 6528.0 188
210.0421 6568.0 188
211.0748 6616.0 188
211.4209 6640.0 188
211.7615 6664.0 188
212.1075 6680.0 188
212.4481 6680.0 188
212.7942 6768.0 188
213.1512 6872.0 188
213.4973 6824.0 188
213.8434 6768.0 188
214.1840 6848.0 188
214.8706 6848.0 188
215.2167 6736.0 188
215.5573 6664.0 188
215.9033 6608.0 188
216.2494 6536.0 188
216.5900 6464.0 188
216.9360 6408.0 188
217.2931 6352.0 188
217.6392 6272.0 188
217.9797 6216.0 188
218.3258 6160.0 188
218.7158 6080.0 188
219.0729 6008.0 188
219.4189 5960.0 188
221.1218 1520.0 188
221.4679 1506.0 188
221.8085 1498.0 188
222.1545 1486.0 188
222.4951 1476.0 188
222.8412 1464.0 188
223.1873 1454.0 188
223.5938 1444.0 188
223.9343 1432.0 188
224.2804 1422.0 188
224.6210 1412.0 188
224.9670 1402.0 188
225.3076 1392.0 188
225.6537 1384.0 188
226.0107 1378.0 188
226.3568 1370.0 188
226.7468 1362.0 188
227.0929 1354.0 188
227.4335 1346.0 188
227.7960 1338.0 188
228.1366 1330.0 188
228.4827 1322.0 188
228.8232 1314.0 188
229.1693 1306.0 188
229.5154 1298.0 188
229.9219 1292.0 188
230.2625 1286.0 188
230.6085 1282.0 188
230.9491 1274.0 188
231.2952 1266.0 188
231.6357 1260.0 188
231.9818 1254.0 188
232.3279 1248.0 188
232.6685 1242.0 188
233.0145 1236.0 188
233.4210 1228.0 188
233.7616 1222.0 188
234.1077 1218.0 188
234.4482 1214.0 188
234.7943 1208.0 188
235.1404 1202.0 188
235.4974 1198.0 188
235.8435 1194.0 188
236.1841 1188.0 188
236.5302 1184.0 188
236.8707 1178.0 188
237.2168 1174.0 188
237.6233 1168.0 188
237.9639 1162.0 188
238.3099 1158.0 188
238.6560 1156.0 188
238.9966 1150.0 188
239.3427 1144.0 188
239.6832 1142.0 188
240.0293 1138.0 188
240.3699 1134.0 188
240.7159 1128.0 188
241.0620 1124.0 188
241.4191 1120.0 188
241.8091 1116.0 188
242.1552 1112.0 188
242.4957 1108.0 188
242.8418 1106.0 188
243.1989 1102.0 188
243.5449 1098.0 188
243.8855 1094.0 188
244.2316 1092.0 188
244.5776 1088.0 188
244.9182 1086.0 188
245.2643 1082.0 188
245.6049 1078.0 188
245.9509 1076.0 188
246.2915 1076.0 188
246.6376 1074.0 188
246.9836 1074.0 188
247.3242 1076.0 188
247.6868 1080.0 188
248.0273 1086.0 188
248.3734 1096.0 188
248.7140 1108.0 188
248.9996 1120.0 188
249.3402 1134.0 188
249.6863 1150.0 188
250.0269 1166.0 188
250.3235 1180.0 188
250.6696 1198.0 188
251.0156 1214.0 188
251.2958 1232.0 188
251.6364 1254.0 188
251.9824 1276.0 188
252.2791 1298.0 188
252.6196 1322.0 188
252.9657 1350.0 188
253.2458 1378.0 188
253.6084 1402.0 188
253.9490 1430.0 188
254.2291 1456.0 188
254.5752 1482.0 188
254.9213 1514.0 188
255.2179 1544.0 188
255.5585 1574.0 188
255.9045 1602.0 188
256.2451 1634.0 188
256.5308 1666.0 188
256.8713 1702.0 188
257.2174 1742.0 188
257.8546 1854.0 188
258.1403 1892.0 188
258.4808 1942.0 188
258.8269 1990.0 188
259.1840 2032.0 188
259.4641 2086.0 188
259.8102 2148.0 188
260.1563 2212.0 188
261.1395 2436.0 188
261.7603 2592.0 188
262.1063 2604.0 188
262.4524 2616.0 188
262.7930 2612.0 188
263.1390 2596.0 188
263.4796 2600.0 188
263.8422 2600.0 188
264.1827 2600.0 188
264.5288 2596.0 188
264.8749 2592.0 188
265.2155 2592.0 188
265.5615 2592.0 188
265.9021 2588.0 188
266.2482 2588.0 188
266.5887 2588.0 188
266.9348 2592.0 188
267.2809 2592.0 188
267.6215 2592.0 188
267.9675 2592.0 188
268.3081 2584.0 188
268.6542 2584.0 188
268.9948 2592.0 188
269.3408 2592.0 188
269.6869 2580.0 188
270.0275 2588.0 188
270.3735 2588.0 188
271.4172 2588.0 188
271.7633 2588.0 188
272.1094 2592.0 188
272.4500 2608.0 188
273.3563 1812.0 188
273.7024 1816.0 188
274.0430 1820.0 188
274.3890 1822.0 188
274.7296 1820.0 188
275.7788 1822.0 188
276.2292 2600.0 188
276.5753 2604.0 188
276.9214 2608.0 188
277.2784 2608.0 188
277.6245 2612.0 188
277.9651 2612.0 188
278.3112 2616.0 188
278.6517 2620.0 188
278.9978 2628.0 188
279.3384 2632.0 188
279.6844 2632.0 188
280.0305 2632.0 188
280.3711 2632.0 188
280.7172 2636.0 188
281.0577 2640.0 188
281.4038 2644.0 188
281.7499 2644.0 188
282.0905 2660.0 188
282.7936 2536.0 188
283.1396 2476.0 188
283.5297 2416.0 188
283.8702 2352.0 188
284.2163 2296.0 188
284.5624 2248.0 188
284.9634 2196.0 188
285.3094 2148.0 188
285.6555 2104.0 188
285.9961 2064.0 188
286.4026 2020.0 188
286.7487 1978.0 188
287.0892 1940.0 188
287.4353 1914.0 188
287.7759 1896.0 188
288.1824 1870.0 188
288.5284 1828.0 188
288.8745 1790.0 188
289.2151 1758.0 188
289.6216 1722.0 188
289.9677 1690.0 188
290.3082 1662.0 188
290.6982 1630.0 188
291.0443 1598.0 188
291.3904 1570.0 188
291.7474 1546.0 188
292.1375 1518.0 188
292.4835 1492.0 188
292.8241 1466.0 188
293.2306 1444.0 188
293.5767 1422.0 188
293.9172 1400.0 188
294.2633 1378.0 188
294.6698 1354.0 188
295.0104 1338.0 188
295.3564 1318.0 188
295.7025 1300.0 188
296.1090 1280.0 188
296.4496 1262.0 188
296.7957 1246.0 188
297.1857 1228.0 188
297.5262 1212.0 188
297.8888 1198.0 188
298.2294 1188.0 188
298.5754 1182.0 188
298.9215 1176.0 188
299.2621 1176.0 188
299.6082 1176.0 188
299.9487 1178.0 188
300.2948 1182.0 188
300.6354 1184.0 188
300.9814 1186.0 188
301.3275 1188.0 188
301.6681 1194.0 188
302.0142 1198.0 188
302.3547 1200.0 188
302.7008 1204.0 188
303.0469 1208.0 188
303.4039 1212.0 188
303.7500 1216.0 188
304.0906 1222.0 188
304.4366 1226.0 188
304.7168 1232.0 188
305.0574 1236.0 188
305.4034 1240.0 188
305.7495 1246.0 188
306.0901 1252.0 188
306.4526 1256.0 188
306.7932 1262.0 188
307.1393 1266.0 188
307.4799 1270.0 188
307.8259 1276.0 188
308.1665 1282.0 188
308.5126 1288.0 188
308.8586 1294.0 188
309.1388 1300.0 188
309.4794 1306.0 188
309.8419 1314.0 188
310.1825 1320.0 188
310.5286 1328.0 188
310.8746 1334.0 188
311.2152 1340.0 188
311.5613 1346.0 188
311.9019 1352.0 188
312.2479 1360.0 188
312.5446 1368.0 188
312.8906 1374.0 188
313.2312 1382.0 188
313.5773 1390.0 188
313.9178 1398.0 188
314.2639 1406.0 188
314.6045 1414.0 188
314.9506 1424.0 188
315.2966 1432.0 188
315.6372 1438.0 188
315.9833 1446.0 188
316.2799 1454.0 188
316.6205 1462.0 188
316.9666 1472.0 188
317.3071 1482.0 188
317.6532 1492.0 188
317.9993 1504.0 188
318.3563 1516.0 188
318.7024 1526.0 188
319.0430 1536.0 188
319.3231 1544.0 188
319.6692 1556.0 188
320.0153 1566.0 188
320.3558 1576.0 188
320.7184 1586.0 188
321.0590 1596.0 188
321.4050 1608.0 188
321.7456 1620.0 188
322.0917 1634.0 188
322.3718 1650.0 188
323.6078 4432.0 188
323.9484 4472.0 188
324.2944 4528.0 188
324.9811 4584.0 188
326.0742 3952.0 188
326.7169 4824.0 188
327.0575 4880.0 188
327.3431 4920.0 188
327.6837 4960.0 188
328.0298 5008.0 188
328.3704 5040.0 188
329.0735 4920.0 188
329.7656 5256.0 188
330.1062 5328.0 188
331.1389 5192.0 188
333.2153 5824.0 188
334.2480 5096.0 188
334.9347 6000.0 188
335.2808 6096.0 188
335.5774 6176.0 188
335.9180 6168.0 188
336.3245 6144.0 188
336.6705 6112.0 188
337.0111 6064.0 188
337.3572 5960.0 188
337.9834 6208.0 188
338.3405 6312.0 188
338.6865 6384.0 188
339.0271 6488.0 188
339.3732 6632.0 188
339.7137 6768.0 188
340.0598 6864.0 188
340.4059 6992.0 188
340.7465 7128.0 188
341.3892 10632.0 188
341.7297 10616.0 188
342.0758 10600.0 188
342.4219 10592.0 188
342.7625 10592.0 188
343.1085 10576.0 188
343.4491 10552.0 188
343.8116 10528.0 188
344.1522 10488.0 188
344.4983 10488.0 188
345.5310 10480.0 188
351.7328 9832.0 188
