#RPLIDAR SCAN DATA
#COUNT=797
#Angule	Distance	Quality
352.0459 16272.0 188
352.3700 16264.0 188
352.7161 16248.0 188
353.0457 16272.0 188
353.8257 8136.0 188
354.1718 8120.0 188
354.4958 8104.0 188
354.8254 8112.0 188
355.1715 8120.0 188
355.8417 8120.0 188
356.3855 16032.0 188
356.7316 15808.0 188
357.0612 15600.0 188
357.3853 15600.0 188
357.7313 15664.0 188
358.0609 15760.0 188
358.7311 15872.0 188
359.0607 14680.0 188
359.4012 14712.0 188
359.7308 14664.0 188
0.4010 15720.0 188
0.7306 15720.0 188
1.0767 15704.0 188
1.7303 15704.0 188
2.0764 15728.0 188
2.7466 15736.0 188
3.0762 15656.0 188
3.7463 15672.0 188
4.7461 17280.0 188
6.8115 3056.0 188
7.1356 3044.0 188
7.4817 3044.0 188
7.8113 3040.0 188
8.1354 3040.0 188
8.4814 3044.0 188
8.8110 3044.0 188
9.1406 3044.0 188
9.4812 3048.0 188
9.8108 3052.0 188
10.1514 3052.0 188
10.4810 3052.0 188
10.8105 3056.0 188
11.1511 3056.0 188
11.4807 3060.0 188
11.8268 3060.0 188
12.1509 3060.0 188
12.4805 3068.0 188
12.8265 3072.0 188
13.1561 3072.0 188
13.4363 3076.0 188
13.7604 3076.0 188
14.1064 3076.0 188
14.4360 3080.0 188
14.7656 3080.0 188
15.1062 3084.0 188
15.4358 3088.0 188
15.7764 3088.0 188
16.1060 3088.0 188
16.4355 3092.0 188
16.7761 3100.0 188
17.1057 3104.0 188
17.4518 3108.0 188
17.7759 3112.0 188
18.1055 3112.0 188
18.4515 3120.0 188
18.7811 3124.0 188
19.1052 3128.0 188
19.4513 3132.0 188
19.7809 3144.0 188
20.1215 3160.0 188
20.4510 3172.0 188
20.7806 3188.0 188
21.1212 3168.0 188
21.4508 3140.0 188
21.7969 3140.0 188
22.1210 3140.0 188
22.4506 3148.0 188
22.7966 3152.0 188
23.1207 3156.0 188
23.4503 3160.0 188
23.7964 3172.0 188
24.1205 3180.0 188
24.4666 3188.0 188
24.7961 3196.0 188
25.1202 3200.0 188
25.4663 3208.0 188
25.7959 3216.0 188
26.1365 3220.0 188
26.4661 3220.0 188
26.8121 3228.0 188
27.1362 3236.0 188
27.4658 3240.0 188
27.8119 3244.0 188
28.1360 3252.0 188
28.4821 3260.0 188
28.8116 3268.0 188
29.1522 3276.0 188
29.4818 3284.0 188
29.8279 3292.0 188
30.1520 3300.0 188
30.4980 3308.0 188
30.8276 3320.0 188
31.1682 3332.0 188
31.4978 3340.0 188
31.8384 3352.0 188
32.1680 3356.0 188
32.5140 3364.0 188
32.8436 3376.0 188
33.1677 3384.0 188
33.5138 3404.0 188
34.2938 2564.0 188
34.6234 2536.0 188
34.9640 2524.0 188
35.2936 2532.0 188
35.6396 2540.0 188
36.6394 1622.0 188
36.9800 1608.0 188
37.3096 1592.0 188
37.6556 1576.0 188
37.9797 1564.0 188
38.3258 1550.0 188
38.7158 1536.0 188
39.0454 1522.0 188
39.3860 1508.0 188
39.7156 1494.0 188
40.0616 1480.0 188
40.3857 1470.0 188
40.7318 1460.0 188
41.1218 1446.0 188
41.4514 1432.0 188
41.7920 1422.0 188
42.1216 1410.0 188
42.4512 1398.0 188
42.7917 1388.0 188
43.1213 1380.0 188
43.4674 1368.0 188
43.8574 1358.0 188
44.1870 1346.0 188
44.5276 1336.0 188
44.8572 1326.0 188
45.1978 1318.0 188
45.5273 1308.0 188
45.8734 1298.0 188
46.2634 1290.0 188
46.5930 1282.0 188
46.9336 1274.0 188
47.2632 1264.0 188
47.6093 1256.0 188
47.9333 1248.0 188
48.2794 1242.0 188
48.6090 1234.0 188
48.9990 1226.0 188
49.3396 1218.0 188
49.6692 1210.0 188
49.9988 1204.0 188
50.3394 1194.0 188
50.6689 1190.0 188
51.0150 1184.0 188
51.3391 1178.0 188
51.6852 1176.0 188
52.0148 1176.0 188
52.3553 1180.0 188
52.6849 1184.0 188
53.0310 1190.0 188
53.3551 1198.0 188
53.7012 1204.0 188
54.0308 1212.0 188
54.3713 1220.0 188
54.6405 1230.0 188
54.9811 1238.0 188
55.3107 1246.0 188
55.6512 1252.0 188
55.9808 1260.0 188
56.3269 1270.0 188
56.6510 1278.0 188
56.9971 1288.0 188
57.2772 1300.0 188
57.6068 1308.0 188
57.9529 1318.0 188
58.2770 1328.0 188
58.6230 1338.0 188
58.9526 1350.0 188
59.2767 1360.0 188
59.5624 1372.0 188
59.9030 1382.0 188
60.2325 1392.0 188
60.5621 1404.0 188
60.9027 1416.0 188
61.2323 1430.0 188
61.5729 1444.0 188
61.8585 1456.0 188
62.1826 1470.0 188
62.5122 1480.0 188
62.8583 1494.0 188
63.1824 1508.0 188
63.5284 1524.0 188
63.7921 1538.0 188
64.1382 1554.0 188
64.4678 1570.0 188
64.8083 1586.0 188
65.1379 1598.0 188
65.4840 1612.0 188
65.8081 1632.0 188
66.0938 1652.0 188
66.4178 1672.0 188
66.7639 1688.0 188
67.7637 1716.0 188
68.3734 1876.0 188
68.7140 1862.0 188
69.0436 1874.0 188
69.3732 1872.0 188
69.7137 1868.0 188
70.0433 1862.0 188
70.3894 1852.0 188
70.7135 1846.0 188
71.0431 1844.0 188
71.3892 1838.0 188
71.7188 1832.0 188
72.0593 1830.0 188
72.3889 1824.0 188
72.7295 1818.0 188
73.0591 1814.0 188
73.3887 1810.0 188
73.7292 1808.0 188
74.0588 1806.0 188
74.4049 1800.0 188
74.7290 1798.0 188
76.4044 1278.0 188
76.7450 1288.0 188
77.0746 1294.0 188
78.4644 1754.0 188
78.8104 1752.0 188
79.1400 1748.0 188
79.4641 1746.0 188
79.8102 1744.0 188
80.1398 1746.0 188
80.8099 1646.0 188
81.1560 1648.0 188
81.4801 1652.0 188
81.8097 1654.0 188
82.1558 1680.0 188
82.4799 1712.0 188
82.8259 1718.0 188
83.1555 1714.0 188
83.4796 1712.0 188
83.8257 1710.0 188
84.1553 1708.0 188
84.4958 1708.0 188
84.8254 1706.0 188
85.1715 1704.0 188
85.4956 1702.0 188
85.8252 1702.0 188
86.1713 1706.0 188
86.4954 1710.0 188
86.8414 1702.0 188
87.1710 1696.0 188
87.4951 1694.0 188
87.8412 1694.0 188
88.1708 1692.0 188
88.5114 1690.0 188
88.8409 1690.0 188
89.1870 1690.0 188
89.5111 1688.0 188
89.8407 1686.0 188
90.1868 1686.0 188
90.5109 1686.0 188
90.8569 1684.0 188
91.1865 1698.0 188
91.5106 1694.0 188
91.8567 1678.0 188
92.1863 1680.0 188
92.5104 1680.0 188
92.8564 1678.0 188
93.1860 1678.0 188
93.5266 1678.0 188
93.8562 1678.0 188
94.1858 1680.0 188
94.8560 1700.0 188
97.1356 1232.0 188
97.8552 1678.0 188
98.2013 1680.0 188
98.5309 1680.0 188
98.8550 1680.0 188
99.2010 1684.0 188
99.5306 1684.0 188
99.8712 1682.0 188
100.2008 1682.0 188
100.5304 1684.0 188
100.8710 1684.0 188
101.2006 1690.0 188
101.5302 1696.0 188
101.8707 1692.0 188
102.2003 1686.0 188
102.5299 1686.0 188
102.8705 1688.0 188
103.2001 1690.0 188
103.5461 1692.0 188
103.8702 1694.0 188
104.1998 1696.0 188
104.5459 1696.0 188
104.8700 1698.0 188
105.1996 1698.0 188
105.5457 1700.0 188
105.8698 1700.0 188
106.1993 1710.0 188
106.5454 1718.0 188
106.8750 1714.0 188
107.2156 1710.0 188
107.5452 1712.0 188
107.8748 1712.0 188
108.2153 1716.0 188
108.5449 1720.0 188
108.8745 1722.0 188
109.2151 1724.0 188
109.5447 1726.0 188
109.8743 1732.0 188
110.5444 1658.0 188
110.8905 1650.0 188
111.2146 1656.0 188
111.5442 1662.0 188
111.8903 1688.0 188
112.2144 1730.0 188
112.5439 1750.0 188
112.8900 1754.0 188
113.1537 1758.0 188
113.8239 1762.0 188
115.1697 1272.0 188
116.1090 1298.0 188
117.1692 1806.0 188
117.4988 1810.0 188
117.8394 1814.0 188
118.1689 1816.0 188
118.4985 1820.0 188
118.8391 1824.0 188
119.1687 1828.0 188
119.4983 1832.0 188
119.8389 1840.0 188
120.1685 1850.0 188
120.5145 1854.0 188
120.8386 1854.0 188
121.1682 1860.0 188
121.5143 1866.0 188
121.8384 1870.0 188
122.1680 1874.0 188
122.5140 1880.0 188
122.8436 1886.0 188
123.1677 1890.0 188
123.4479 1898.0 188
123.7939 1908.0 188
124.1235 1928.0 188
124.4531 1930.0 188
124.7937 1924.0 188
125.1233 1930.0 188
125.4529 1936.0 188
125.7935 1940.0 188
126.1230 1946.0 188
126.4526 1954.0 188
126.7767 1962.0 188
127.1228 1970.0 188
127.4524 1976.0 188
127.7765 1986.0 188
128.1226 1994.0 188
128.4521 1996.0 188
128.7762 2006.0 188
129.1223 2016.0 188
129.4519 2024.0 188
129.7760 2026.0 188
130.1221 2034.0 188
130.4517 2044.0 188
130.7318 2052.0 188
131.0614 2064.0 188
131.4020 2072.0 188
131.7316 2080.0 188
132.0612 2088.0 188
132.4017 2096.0 188
132.7313 2104.0 188
133.0609 2112.0 188
133.7311 2128.0 188
134.7308 2144.0 188
135.7306 2148.0 188
137.7301 2188.0 188
138.7793 2004.0 188
139.1199 1992.0 188
139.4495 1976.0 188
139.7791 1962.0 188
140.7788 1966.0 188
142.4487 1968.0 188
142.7783 1944.0 188
143.1244 1934.0 188
143.4485 1926.0 188
143.7781 1914.0 188
144.1241 1904.0 188
144.5142 1890.0 188
144.8438 1880.0 188
145.1678 1874.0 188
145.5139 1868.0 188
145.8435 1858.0 188
146.1676 1846.0 188
146.5137 1836.0 188
146.8433 1830.0 188
147.1674 1820.0 188
147.5134 1812.0 188
147.8430 1808.0 188
148.1671 1800.0 188
148.5132 1788.0 188
148.8428 1780.0 188
149.1669 1772.0 188
149.5129 1766.0 188
149.8425 1758.0 188
150.2325 1750.0 188
150.5621 1742.0 188
150.9027 1734.0 188
151.2323 1728.0 188
151.5619 1720.0 188
151.9025 1714.0 188
152.2321 1708.0 188
152.5616 1700.0 188
152.9022 1694.0 188
153.2318 1688.0 188
153.5614 1684.0 188
153.9020 1676.0 188
154.2316 1672.0 188
154.5612 1666.0 188
154.9017 1658.0 188
155.2313 1652.0 188
155.5609 1646.0 188
155.9015 1642.0 188
156.2915 1636.0 188
156.6211 1630.0 188
156.9507 1626.0 188
157.2968 1620.0 188
157.6208 1614.0 188
157.9504 1610.0 188
158.2800 1606.0 188
158.9502 1606.0 188
159.6698 1492.0 188
160.0104 1496.0 188
161.2793 1570.0 188
161.6199 1560.0 188
161.9495 1558.0 188
162.6196 1554.0 188
162.9492 1550.0 188
163.2788 1560.0 188
163.9490 1582.0 188
165.6079 6224.0 188
165.9485 6320.0 188
166.2781 6440.0 188
167.2778 6832.0 188
168.4973 12336.0 188
168.8269 12408.0 188
169.1675 12400.0 188
169.4971 12368.0 188
169.8267 12336.0 188
170.1672 12312.0 188
170.5463 12272.0 188
170.8868 12232.0 188
171.2164 12216.0 188
171.5460 12184.0 188
171.8866 12152.0 188
172.2162 12120.0 188
172.5458 12080.0 188
172.8864 12080.0 188
173.2159 12216.0 188
173.4961 12320.0 188
174.2157 12288.0 188
174.5453 10664.0 188
174.8859 10608.0 188
175.2155 10624.0 188
175.5450 10624.0 188
176.2152 10616.0 188
181.7633 4084.0 188
182.1094 4080.0 188
182.4335 4072.0 188
182.7631 4068.0 188
183.1091 4076.0 188
183.4332 4076.0 188
183.7628 4076.0 188
184.1089 4072.0 188
184.4330 4068.0 188
184.7626 4072.0 188
185.1086 4072.0 188
185.4327 4068.0 188
185.7623 4068.0 188
186.1084 4072.0 188
186.4325 4072.0 188
186.7621 4080.0 188
187.6520 2368.0 188
187.9980 2352.0 188
188.3276 2344.0 188
188.6517 2340.0 188
188.9978 2340.0 188
189.3274 2340.0 188
189.6515 2340.0 188
189.9976 2340.0 188
190.3271 2340.0 188
190.6512 2340.0 188
190.9973 2340.0 188
191.6510 2348.0 188
192.6563 2264.0 188
193.3264 1504.0 188
193.6560 1502.0 188
193.9966 1510.0 188
194.3262 1528.0 188
195.0458 1404.0 188
195.3864 1402.0 188
195.7159 1402.0 188
196.0455 1402.0 188
196.3861 1402.0 188
196.7157 1404.0 188
197.0453 1406.0 188
197.3859 1406.0 188
197.7155 1406.0 188
198.0450 1412.0 188
199.2645 2688.0 188
199.6051 2672.0 188
199.9347 2676.0 188
200.6049 2700.0 188
203.3240 1490.0 188
203.6536 1470.0 188
203.9996 1450.0 188
204.3237 1454.0 188
204.6533 1456.0 188
204.9994 1460.0 188
205.3235 1450.0 188
205.6531 1462.0 188
205.9991 1472.0 188
206.3232 1462.0 188
206.6528 1464.0 188
206.9989 1466.0 188
207.3230 1470.0 188
207.6526 1474.0 188
207.9987 1478.0 188
208.3228 1480.0 188
208.6523 1484.0 188
208.9984 1488.0 188
209.9982 1492.0 188
210.5420 1752.0 188
210.8881 1756.0 188
211.1517 1760.0 188
211.4978 1766.0 188
211.8274 1772.0 188
212.1515 1776.0 188
212.4976 1780.0 188
212.8271 1786.0 188
213.1512 1792.0 188
213.4973 1796.0 188
213.8269 1804.0 188
214.1510 1810.0 188
214.4971 1814.0 188
214.8267 1820.0 188
215.1563 1824.0 188
215.4968 1828.0 188
215.8264 1836.0 188
216.1560 1842.0 188
216.4966 1846.0 188
216.8262 1856.0 188
217.1558 1862.0 188
217.4963 1868.0 188
217.8259 1874.0 188
218.1555 1880.0 188
218.4961 1886.0 188
218.8257 1890.0 188
219.1058 1896.0 188
219.4354 1906.0 188
219.7760 1914.0 188
220.1056 1920.0 188
220.4352 1928.0 188
220.7813 1938.0 188
221.1053 1946.0 188
221.4349 1952.0 188
221.7810 1960.0 188
222.1051 1970.0 188
222.4347 1978.0 188
222.7808 1986.0 188
223.1049 1996.0 188
223.4344 2008.0 188
223.7805 2014.0 188
224.7803 2018.0 188
225.2142 2980.0 188
225.5438 2960.0 188
225.8899 2940.0 188
226.2140 2920.0 188
226.5436 2896.0 188
226.8896 2876.0 188
227.2137 2864.0 188
227.5433 2844.0 188
227.8894 2824.0 188
228.2135 2808.0 188
228.5431 2792.0 188
228.8892 2768.0 188
229.2188 2752.0 188
229.5593 2740.0 188
229.9329 2724.0 188
230.2789 2704.0 188
230.6085 2692.0 188
230.9326 2676.0 188
231.2787 2660.0 188
231.6083 2644.0 188
231.9489 2632.0 188
232.2784 2612.0 188
232.6080 2596.0 188
232.9486 2584.0 188
233.2782 2576.0 188
233.6078 2564.0 188
233.9484 2556.0 188
234.2780 2548.0 188
234.6075 2548.0 188
234.9481 2556.0 188
235.2777 2572.0 188
235.6073 2592.0 188
235.9479 2612.0 188
236.2775 2632.0 188
236.6071 2648.0 188
236.9531 2672.0 188
237.2772 2692.0 188
237.6068 2708.0 188
237.9529 2728.0 188
238.2166 2748.0 188
238.5571 2768.0 188
238.8867 2792.0 188
239.2163 2820.0 188
239.5624 2844.0 188
239.8865 2860.0 188
240.2325 2880.0 188
240.5621 2908.0 188
240.8862 2940.0 188
241.2323 2968.0 188
241.5619 2992.0 188
242.6715 2240.0 188
243.1714 3132.0 188
243.4955 3168.0 188
244.8413 3284.0 188
245.1709 3320.0 188
245.4950 3360.0 188
245.8411 3392.0 188
246.1707 3420.0 188
246.4948 3444.0 188
246.8408 3488.0 188
247.1210 3544.0 188
247.4506 3596.0 188
247.7802 3636.0 188
248.1207 3668.0 188
248.4503 3724.0 188
248.7799 3764.0 188
249.1205 3760.0 188
249.4501 3776.0 188
249.7797 3820.0 188
250.6201 2604.0 188
251.6199 2612.0 188
252.6196 2616.0 188
253.6084 2496.0 188
254.7180 4848.0 188
254.9982 4920.0 188
255.3278 4976.0 188
257.4976 3316.0 188
258.1512 3312.0 188
258.4973 3320.0 188
259.4806 3364.0 188
260.4364 3976.0 188
262.6996 4696.0 188
263.3698 4704.0 188
265.8087 3384.0 188
266.1383 3372.0 188
266.4844 3364.0 188
267.4677 3388.0 188
285.2325 7824.0 188
285.5621 7808.0 188
286.2323 7872.0 188
289.6875 4808.0 188
290.0281 4776.0 188
290.3577 4752.0 188
290.6982 4744.0 188
291.0278 4744.0 188
291.3574 4736.0 188
291.6980 4736.0 188
292.0276 4744.0 188
292.3737 4744.0 188
292.6978 4760.0 188
293.3734 4768.0 188
294.5929 7880.0 188
294.9335 7896.0 188
295.2631 7864.0 188
295.6091 7840.0 188
295.9332 7832.0 188
296.2628 7824.0 188
296.6089 7816.0 188
297.2791 7312.0 188
298.2788 7776.0 188
298.6084 7776.0 188
298.9490 7760.0 188
299.2786 7736.0 188
299.6082 7712.0 188
299.9487 7720.0 188
300.2783 7704.0 188
300.6244 7680.0 188
300.9485 7664.0 188
301.2781 7640.0 188
301.6241 7632.0 188
301.9482 7616.0 188
302.2943 7600.0 188
302.6239 7600.0 188
302.9480 7576.0 188
303.2941 7576.0 188
303.6237 7568.0 188
303.9642 7528.0 188
304.2938 7512.0 188
304.6234 7504.0 188
304.9640 7496.0 188
305.2936 7488.0 188
305.6396 7472.0 188
305.9637 7448.0 188
306.3098 7456.0 188
306.6394 7456.0 188
306.9635 7432.0 188
307.3096 7432.0 188
308.3093 6960.0 188
308.9795 7416.0 188
309.3091 7408.0 188
309.6552 7400.0 188
309.9792 7392.0 188
310.3088 7376.0 188
310.6549 7368.0 188
310.9790 7376.0 188
311.3251 7376.0 188
312.4951 2010.0 188
312.8247 1984.0 188
313.1543 1960.0 188
313.4949 1944.0 188
313.8245 1932.0 188
314.1705 1920.0 188
314.4946 1912.0 188
314.8407 1904.0 188
315.1703 1896.0 188
315.4999 1894.0 188
315.8899 1890.0 188
316.2305 1882.0 188
316.5601 1880.0 188
316.9061 1878.0 188
317.2302 1876.0 188
317.5598 1878.0 188
317.9059 1878.0 188
318.2300 1880.0 188
318.5760 1884.0 188
318.9056 1886.0 188
319.2297 1890.0 188
319.5154 1896.0 188
319.8560 1900.0 188
320.1855 1908.0 188
320.5151 1918.0 188
320.8557 1926.0 188
321.1853 1938.0 188
321.5259 1950.0 188
321.8555 1964.0 188
322.8552 1988.0 188
324.4812 4912.0 188
324.8108 4912.0 188
325.1404 4912.0 188
325.4205 4920.0 188
325.7611 4928.0 188
326.0907 4928.0 188
326.4203 4936.0 188
326.7609 4944.0 188
327.0905 4960.0 188
327.4365 4968.0 188
327.7606 4968.0 188
328.1067 4968.0 188
328.4363 4976.0 188
328.7604 4984.0 188
329.1064 4992.0 188
329.4360 5000.0 188
329.7766 5008.0 188
330.4358 6088.0 188
331.4520 6136.0 188
336.3574 9040.0 188
339.3567 9280.0 188
340.3125 16912.0 188
341.3123 17184.0 188
341.6364 16976.0 188
341.9824 16736.0 188
342.3120 16720.0 188
342.6526 16688.0 188
342.9822 16688.0 188
343.3118 16656.0 188
343.6523 16624.0 188
343.9819 16608.0 188
344.3280 16512.0 188
344.6521 16464.0 188
344.9817 16496.0 188
345.3278 16656.0 188
347.3273 15184.0 188
347.6678 15288.0 188
348.3270 15216.0 188
348.6676 17552.0 188
348.9972 17520.0 188
349.3433 17472.0 188
349.6674 17424.0 188
350.3430 17392.0 188
